0.9999996951
1.000000027
1.000000031
1.000000257
1.000000088
0.9999997984
1.000000025
0.9999998051
0.2500042333
0.9999999969
1.000000077
1.0000001
0.9999999742
1.000000114
0.9999999137
0.9999999224
1.000000103
1.000000091
0.9999998258
1.000000365
1.00000003
0.9999998043
0.9999998375
0.9999999417
1.000000063
0.02410124661
0.99999988
0.9999999995
1.000000229
1.000000125
0.9999998981
1.000000025
1.000000083
1.000000061
1.000000099
0.2500355517
0.999999828986031
0.9999998959622929
1.0000000260865411
0.999999846691075
0.9999996420530609
1.0000001212148495
1.0000000985755173
1.0000001899026938
0.9999998360042138
0.9999997386735979
0.250022755959459
0.9999998337163454
0.9999998194550731
1.000000191604631
0.1579946760090274
1.0000000326994185
0.9999996990919717
0.9999997252508004
0.10697872844592878
0.999999914822987
1.0000000920049472
1.00000013872291
0.9999999156058097
1.0000000903022361
0.999999803488205
1.0000001057646213
0.9999998337032663
1.0000000528128703
0.9999999842229791
0.9999997578441269
1.000000056940355
1.000000073671388
0.250113602368642
0.9999998462165774
1.000000077991691
0.9999999606453395
1.0000002419299725
1.0000000302242518
1.0000001682634982
1.00000011084779
1.0000001127428084
0.999999954285896
0.9999998988945779
0.9999999689316275
1.0000001828602074
1.0000001396211498
0.9999997647675368
0.999999997520173
1.0000003004062115
0.9999999155236727
0.9999998450570262
1.0000000546178558
1.0000000853123776
1.0000001443379485
1.0000000957029944
1.0000000288281965
1.0000002929947354
0.9999999675499256
0.9999998835525666
1.000000101750186
1.0000000617850153
2.2027653948057778e-05
1.0000002075898717
0.9999998130982019
0.9999997967688695
1.0000001863028405
0.9999999234972824
0.9999999692954675
0.9999997685924048
1.0000001545969945
1.0000001079590846
0.9999999691254311
0.9999999398998085
0.9999999300807064
1.0000001187894334
0.9999998969986232
1.0000001107519885
1.0000000575241001
0.9999999942985798
1.0000001222605526
0.9999996869873341
0.9999998803265968
1.0000000564509364
1.000000101322779
0.9999998747549018
1.0000003325771007
1.0000001112810257
1.0000000887255902
1.0000000640392053
0.9999998344556071
0.9999997861713862
0.9999999199584941
0.999999786873458
1.0000002189814832
0.9999997802778159
0.9999998916839665
1.0000003388290468
1.0000000566478517
0.9999997558000147
0.9999998837115067
0.9999998394198601
0.25008267044919186
0.999999947589651
1.0000001186424807
0.9999998336723743
1.000000312880601
1.0000000085640006
1.0000001190883756
0.9999999479626331
1.0000001673557883
1.000000031148404
0.9999998001060109
1.0000000991430145
0.9999998779822314
0.9999998758245497
0.9999998748010485
7.473953080720185e-05
1.0000002424504628
0.9999998671514052
0.10736073907743277
1.000000090244361
1.0000001583298008
1.0000002321658903
1.0000000169759469
0.9999999121424691
1.000000094104195
0.9999998718504127
1.000000281015973
1.0000001839355632
1.0000000668195057
1.0000000129998017
0.14541154982302093
0.9999997851048896
0.9999998835808358
0.9999997736392793
0.9999996685135114
0.999999835024772
0.9999999511982375
1.0000000281673131
1.0000000620050127
0.9999999124207762
0.9999999608783953
0.9999998415800829
1.0000000523528267
1.0000000634035395
1.0000002118773532
1.0000001142277675
1.4727144889795425e-05
1.0000000735910408
1.0000001222013901
1.0000002898531501
1.0000001033365145
0.9999999821365299
0.999999597061435
0.9999999310958277
1.000000165176009
0.9999998719905551
1.0000000376193277
0.9999998005997051
1.0000000016798403
0.9999998448522311
0.9999998411575827
1.0000000351678289
1.000000032918474
1.0000000783696474
0.9999999318770998
1.0000000821515522
0.9999999001657731
0.9999998626073311
0.9999999378409369
0.9999999441353277
0.9999998918980311
0.25012243801298784
1.000000152485605
1.0000002394414211
0.9999997687085318
0.9999999126478315
0.9999999258508581
1.0000001604635387
1.0000001346613945
0.9999998451004701
1.0000002667325116
1.0000002373068992
0.999999785839485
1.0000003050147777
1.0000000717568658
1.0000000208786055
0.999999628598013
1.0000000314192674
0.2500091495682441
0.9999998737920048
0.99999996703582
0.9999998735953064
0.9999999564339026
1.0000001784231278
0.9999999836801227
1.000000046268077
0.9999998917439401
1.0000001117562793
1.0000000743253668
0.9999999425324296
1.0000001089546597
1.0000000060522343
1.0000001875246909
1.0000004245859848
1.0000000330573136
0.9999999619975363
1.0000001222245098
0.999999884163848
1.0000001149167603
0.999999938676456
1.000000203115842
1.000000143830096
0.9999999738008374
1.000000023491139
1.0000001093526587
1.0000003240644015
1.0000001366572542
0.9999998874670485
1.0000002092192115
0.9999997997579182
1.0000000914063831
1.000000003291
1.0000002576159919
1.0000000017008004
0.999999983974568
0.9999997181293078
0.9999999152165193
0.9999999948591975
1.0000000238414544
0.999999976443602
0.9999998111065387
1.0000000397117526
0.9999998331980052
1.000000317508896
1.0000000159875944
1.0000001041631106
1.0000002762840388
1.0000000780250338
0.9999998578652788
0.9999999740694372
0.9999999824603379
0.9999997397354413
0.99999994575007
0.9999999575117986
0.9999998807482486
0.9999999152720207
1.0000001109002952
1.0000000010030354
0.9999999444798696
1.0000002415068594
0.999999842830374
0.9999999857365571
0.9999999104621204
0.9999998601824294
0.9999996453056205
0.999999794618576
0.9999999035309278
0.9999998403558071
1.0000000663777249
1.4112957362828405e-05
0.9999997409036491
0.9999999024718941
0.9999999629397859
1.0000001317213605
0.9999997149051939
1.0000001130324976
1.0000001577679032
0.9999999628633626
1.00000029378068
0.999999847148192
0.06798711786644471
0.9999999565378548
1.0000000736822048
1.0000000245588596
1.0000000179832735
0.9999999838665518
0.9999999762877688
0.9999998258454537
0.9999997470113611
1.0000000208391882
1.0000001166697208
0.9999997663416164
1.000000156253637
0.999999792260973
1.0000002092301263
0.10944816079622023
1.0000003292141426
1.0000000661047326
0.1069783481922552
0.9999999243413208
0.9999997071274181
1.0000000723879787
1.0000000613368094
0.9999999838100356
0.9999997453001261
0.99999995272136
1.0000001401040683
0.9999997646414976
0.9999998022193892
1.0000000039085681
1.000000063181798
0.999999972868926
0.9999998343663321
1.0000001101575262
1.0000001785135768
2.2578862918447302e-05
1.000000123868231
0.9999997540788501
0.9999998850320544
0.9999999024617799
0.9999999378298058
1.0000001612654177
0.9999998450562679
0.999999807547561
1.0000000034095118
1.0000000859613145
0.9999999233803848
0.9999997783129561
0.9999998605311031
1.000000124714047
0.9999999628319783
1.000000016554952
1.0000001987023266
0.9999998859599143
1.000000092150283
1.0000000541252414
1.000000302122513
1.0000000731924477
1.0000000510315423
0.9999998901565282
1.0000001221675785
1.0000000530066309
1.0000003679220235
0.9999999791575983
0.9999999222931788
0.999999981087195
1.0000001059305863
1.0000003277199865
2.53799855336183e-06
1.0000001225900739
0.14757540692846283
1.0000001757382002
0.9999999796901861
1.000000054908506
0.9999997667504307
0.9999998431875704
1.0000000252958532
1.0000002029820432
1.0000001616857583
0.999999897589936
1.000000071107591
0.9999998498418486
1.000000034561688
1.0000001554867894
1.0000000555697441
1.0000003222992044
0.999999923146638
1.0000001650235164
0.9999999857200392
0.9999999436518469
0.999999725011328
1.000000079626801
0.9999998446654523
1.000000390154429
0.9999998549801367
1.0000001221082055
0.999999910345778
1.0000001138222372
0.9999997171854029
0.9999999857507211
0.9999999434259307
0.9999999173190569
0.999999898299963
1.0000000534183513
1.0000002059287132
1.0000001912319394
0.9999999327402926
1.0000000612107414
1.0000001904306395
0.999999992729051
0.9999999274869986
0.9999999676851765
1.0000001173921937
0.15700149158246038
0.9999999773118181
1.0000000334876893
0.9999999954906826
0.9999999208207593
1.0000001701102443
1.0000000601631656
0.9999998681784078
1.0000001804255374
0.9999998736899061
1.0000000351520806
0.9999997165242475
1.0000000942433829
0.23859401961742935
0.9999998422909262
0.9999997589669442
0.9999998961126988
1.0000001534776304
1.0000000968345313
1.0000001038650979
1.000000047054748
1.0000000137150797
0.25000735594474105
1.000000257261261
1.0000001097993305
0.9999999246187911
1.0000000097695048
1.0000000473961064
2.78703468401159e-05
0.9999999335669598
0.9999999455559426
1.0000000939927634
1.000000202529209
1.0000000266027256
1.000000016642157
1.0000002401044024
1.000000062933565
0.9999998635166252
1.000000199939749
0.9999998843913629
1.0000000178465998
1.0000000604033725
1.0000000278512597
1.0000000054237574
1.0000000314644082
0.999999995773821
0.9999999183969698
0.9999997864346123
0.9999999762015331
0.9999999694433339
1.000000214086524
0.9999999720303305
0.9999999458317025
1.0000000210397149
1.0000000631241166
0.25000154155505055
0.25001176098888
0.9999999713441936
0.9999998579324384
1.000000159225605
1.0000000948591605
1.0000002598483353
1.0000001743396436
1.0000000019330622
0.9999998123908534
0.9999998913926288
1.0000000765865458
1.0000001875629154
1.0000001271515826
1.000000128115083
0.9999996489290381
1.0000000089023398
0.9999999241684129
1.000000084347041
0.9999998542183444
0.9999997915265284
1.0000001671456744
1.0000001139832106
0.9999999631584643
1.0000000489072647
1.0000001712506148
1.0000000154910937
1.0000000793954482
0.9999998182610137
1.0000001690244398
1.0000000493313579
1.0000001176895625
0.9999999723502999
1.0000000551726067
0.9999999114183904
0.9999996699138604
1.000000130035837
1.0000000914758125
1.0000000025982763
1.000000153124935
0.9999997979939004
0.9999997940439291
1.0000001615038994
1.000000106338095
1.0000001520725577
0.99999981141411
1.0000001545318724
0.9999998765763345
0.9999999008206595
0.9999998520561514
1.000000118974393
1.0000002091912206
0.9999997866854156
0.9999998920413178
0.9999999779064129
0.9999999324536668
0.2500006816177346
1.0000001354119992
1.0000000085415106
0.999999851102418
0.9999998187770427
1.0000000301357457
1.0000001285975684
0.2501551080377412
0.999999942775397
1.00000019228569
0.9999998941030489
0.9999999835088441
0.9999999019035763
0.9999998908209901
1.000000158381516
1.0000000816374035
0.9999998293702557
1.0000001259695268
0.9999997410167193
0.9999997766643107
1.0000000665052922
0.9999999456022889
0.999999777137726
1.0000000334436334
0.24054696120564142
0.9999997377597382
0.9999999562834714
1.0000001076162326
0.9999999527153419
0.9999998444710803
1.0000001706461605
0.9999998001872932
0.9999996770391463
0.999999952071904
0.9999998709753021
1.0000000819695596
1.0000000658816772
0.9999998981401611
1.0000001293336804
0.9999998347470623
1.0000001952801918
1.0000000804501241
1.0000000968425458
0.9999999260448438
0.9999999288602385
1.0000001709728574
0.9999997764356446
1.0000001511050107
0.10276547459990104
0.11305398943548955
0.9999999712829613
1.000000093631627
0.2500024906279857
1.0000000535125453
1.0000000317232571
1.0000000704662146
1.0000000385331052
1.0000003434656508
1.000000246110396
1.0000001357795105
1.0000002284783502
0.999999846003497
1.0000000325962983
0.9999999720159496
1.0000001737192377
1.000000005608503
0.9999999569627911
1.0000000870997903
0.9999999850083795
0.9999999006168223
1.0000001323640721
0.9999999249153034
0.999999899526894
0.9999999092747561
9.045805387469556e-05
1.0000000733328265
0.2500093424582654
0.9999998611932804
1.000000177144648
0.9999998538115173
1.0000001372807843
1.0000001972364356
1.000000354367563
0.9999999324733386
0.9999997395683461
1.0000000333967172
0.9999999427422049
0.25023175999043584
1.0000000628871337
0.9999999153038379
1.0000001822087896
0.9999999360457449
0.9999998546796254
0.9999999651633046
0.2500231035278661
0.9999999207579997
1.0000001574311956
1.0000001427099157
0.9999999694459094
1.0000000491823593
0.9999996209441777
0.9999998516528272
0.9999998789139805
0.9999999628100061
0.9999999049219417
0.9999998112157904
0.9999999185600522
0.999999960341031
0.9999998327435361
0.9999998691656605
1.000000066303431
1.0000000298248366
1.000000011374706
0.9999998242579176
1.0000001246439523
1.0000001483355347
0.9999999866470919
0.9999997429075137
0.2500051835969017
1.0000002182723269
0.9999999857166406
0.9999998839392472
0.10692645941936835
0.9999998426063574
1.0000000856604396
1.000000287528309
1.0000000211433038
0.25023515818909026
1.0000000221110208
1.0000001680932433
1.0000001287837967
1.0000000083795153
0.9999999995178923
0.9999999193707306
0.9999998412711842
0.9999998861012361
0.9999999803820788
0.9999999693706745
1.0000000254212618
0.99999981638488
0.9999999480626502
1.0000000234979665
0.9999996781481252
1.0000001506378644
1.0000002035067006
0.9999997287637483
0.9999999137784569
0.9999999933362198
0.9999997298296714
0.9999997272267085
0.9999998330942489
1.000000079565725
0.9999999799233087
0.9999998738781364
0.999999916955921
1.0000000275209449
1.0000001069102813
1.0000000365928776
0.9999996876252661
1.0000000146070067
1.0000000733502454
1.000000019926528
1.0000001280027253
0.9999999837074879
0.9999999901558234
1.0000000781864318
1.0000000126504114
1.0000001481983294
0.9999999270834814
0.9999999929287502
0.9999997909991105
1.0000000491816394
1.000000144656477
1.0000002236396686
0.9999999182170686
1.0000001982857518
0.9999999875068579
0.9999997141415895
0.9999998096866298
1.0000000541147942
1.0000001000455907
0.9999998970678166
1.0000000260755828
0.9999998191741362
0.9999998963374555
1.0000002104574373
1.0000001346800036
0.9999999231518043
0.9999999370274667
1.0000001668750007
1.000000114047033
1.0000000127834454
1.0000002708584967
1.000000014359662
0.9999999688131036
1.0000001095783575
0.999999950171029
0.9999999046303332
0.9999997200431632
0.25000995652842817
0.2500717198496596
1.0000002776259513
1.000000267078252
1.000000011750105
1.0000002128062329
1.0000000314564816
1.0000003031241869
1.0000001860718088
0.9999999350099207
0.250118896511231
1.0000001686006716
1.0000002146684563
1.0000000567840361
1.0000001346373115
1.0000000239196656
0.9999999324418685
1.0000002280507567
1.0000001947689785
1.0000000251902958
1.0000000126007826
1.000000045599419
0.9999998481873071
0.9999998779314232
1.0000000914110692
1.000000149132554
2.3536701018626696e-05
0.9999996941297743
1.0000000115532162
1.000000259984195
1.0000000460657885
0.9999999691649306
1.0000001110012922
1.0000001060599095
0.9999999998557918
1.00000022345526
0.9999998332618484
0.9999999674795603
0.9999996373852058
1.0000002337398333
1.0000000600531074
1.0000003601113017
0.9999998548776575
1.0000001753696954
1.0000000689446213
1.000000262937625
0.9999998360518588
0.9999997711708677
1.0000000483309652
0.9999998929618283
0.9999998356375289
1.00000015795478
1.000000004725964
1.0000001484895897
0.9999998103596474
0.9999998244154081
1.000000041572279
1.0000002434605546
1.0000001916484387
0.9999998884711749
0.10356649285090459
1.00000011201598
0.2500605666562844
0.999999793006602
0.9999999254289925
0.9999999434023578
0.9999999447738587
0.25032571224883166
1.0000001367439098
1.0000002283827791
1.000000109283676
0.9999999449982936
1.0000003403618702
1.0000000500696824
0.9999998207291783
1.0000000084504697
0.9999996360453278
0.9999998586465147
1.000000009918077
0.9999999676186622
1.0000002475392702
1.0000000293273585
0.999999891074585
0.9999998805041319
0.9999999454627838
0.999999892950493
1.0000002524165836
0.9999998015491026
0.25004474807432153
0.2500528154485604
1.0000002707594449
0.9999999667240391
0.9999997827640772
1.0000000292873727
1.0000000002333502
1.000000166507603
1.0000001518653945
0.9999998824343178
0.9999997030203988
1.0000002078400219
0.9999999402368998
1.0000000444939179
0.9999999437898003
1.0000000512927067
0.9999998213315742
0.9999998426971621
1.0000001285666207
1.0000000696385067
0.9999998167098214
1.000000214390722
1.0000002241803225
1.000000009696504
0.9999997648693604
0.9999998230348929
1.0000001499363942
0.2502372267607118
1.000000049408859
0.999999912448868
1.0000000074335236
1.0000001252073036
0.9999999640309495
1.000000167965386
1.0000002175876623
1.000000009209887
0.9999998609217122
0.9999999897884067
1.000000113180723
1.0000000514763305
6.792033037207041e-06
1.0000000227091104
1.0000000767177621
0.9999998756103267
1.0000001142238444
0.999999900584805
1.0000002181456784
0.9999997540517578
1.0000001190062227
1.0000001960284772
0.9999998236329974
1.0000002478043337
1.0000002334333702
1.0000002836046231
0.999999872116864
0.9999999648465469
0.9999997267351999
1.000000057319486
1.0000000722132834
1.0000000448898931
0.9999997160300702
0.9999997795466494
1.0000002298211592
1.0000001033718626
1.0000002056058235
1.0000001341120903
0.999999817278748
1.0000001127746314
0.9999996786880581
1.0000001314676055
0.999999919421143
0.9999999683488785
3.50076837849492e-05
0.999999629917778
0.9999999385582595
0.9999997588823627
1.0000000270332323
1.0000001252546196
1.0000001504098346
1.0000001841062667
0.033249490128340345
0.999999732891108
0.9999996754771651
0.9999997726560959
0.9999997953263533
0.9999999674356983
0.9999996996472172
1.0000000087232408
0.9999999219908844
0.9999998654817134
1.0000001324938532
1.0000003278302085
0.99999994241249
0.9999999182599689
0.9999997736888314
0.9999998708385784
1.0000001321512455
1.0000000077118782
0.999999913301907
0.9999998441141246
0.9999999445193316
0.9999998948626004
0.9999997237091456
0.9999997014096064
1.0000000962232254
0.9999999555792907
1.0000002662707281
1.000000167119184
1.0000001599373107
0.9999998673383257
0.99999983384255
0.999999920623694
0.9999999681373299
0.9999999374780982
0.9999996879695573
0.9999998752317784
0.9999998782008034
0.9999999218973263
1.0000001910025949
1.0000001926305404
1.0000000243124998
1.0000000127208288
8.763973087030627e-06
0.9999999125617752
1.0000000952053747
1.0000001594312653
0.9999998219265208
1.0000001379030488
1.0000000446232051
1.0000002331101892
0.9999999710731855
0.9999996809217687
1.000000099199119
1.000000110370264
1.0000000759236398
1.0000000005882983
0.23832917990318755
0.9999998936308637
0.9999998760103587
0.9999998674512489
1.0000000992788756
0.9999996450880733
0.9999999672273185
1.000000023681215
1.000000107943966
1.0000000394886204
0.9999999916587938
1.0000003191811933
1.0000000673099543
1.0000000425812474
1.0000001529643732
1.0000001242566052
0.9999999240171317
0.9999999105935724
0.9999998072256209
0.9999999970099085
0.9999998609431364
1.0000000309976012
1.0000000337369397
0.9999999609036777
0.9999997903216679
0.9999999352248493
0.9999998878040226
0.9999999623915382
0.25003608451586373
0.9999998818105732
1.000000286361419
1.0000001845203403
1.0000000278879753
0.9999999751942444
1.0000000678888263
0.9999996792436003
0.9999999779860326
1.0000002778880723
0.9999999417183869
0.9999999312606228
0.9999997416921564
1.0000000837415
0.9999998427635906
1.0000001460204206
1.000000008900824
0.9999998089890378
0.9999999592023734
1.0000001046318587
0.9999998709714347
0.9999999462500962
1.0000001064159971
1.0000000273769143
1.0000000149044954
1.0000000743462496
1.0000001120267585
1.0000002795946306
0.9999997526254472
0.9999996629518855
0.9999998888213182
1.0000001635935574
1.000000227974999
7.217286654553331e-05
0.250002353018821
1.0000002406539112
0.20587664744678794
0.9999999557293338
1.0000002485515749
0.25000438778456513
0.999999868495112
0.9999999153385186
1.0000003035448124
1.0000000112023582
1.0000001556443026
0.999999826649431
1.000000168623436
1.0000001983990319
1.0000000807248053
0.999999955053947
1.0000000748322164
1.0000001701923125
1.0000003501482095
0.9999999528693883
0.9999998552015777
1.000000094714356
1.0000000135713099
0.9999999917620892
1.0000000277389203
0.9999999107487061
0.9999998442281733
0.9999998212664174
1.000000130083195
0.9999999636267815
0.9999998237819792
0.999999852678454
1.0000001953386028
0.9999999639793081
1.0000000674547673
1.0000001214084124
1.0000001015190358
0.2500136629420108
1.0000002163993502
1.0000000991118714
1.000000114578006
1.0000002236097085
0.9999999965222801
0.9999999175724171
0.08512137552983129
0.9999998946988687
1.000000109889068
1.0000001288552427
0.9999998925919027
1.0000003308528214
0.9999998206901968
1.0000000474770687
1.0000000157764428
0.9999999399106887
1.0000000647061744
0.2500001943973173
0.9999999470901837
1.0000000894738805
1.0000001205756375
0.9999999555589962
1.0000000246467249
1.0000001085769876
0.9999999631327715
0.9999998679487939
1.0000002733939164
0.9999999243979817
0.10891212283996227
0.9999997215852022
1.000000000183908
0.9999998546457993
0.9999997283778523
1.000000129237608
0.9999999080325382
1.000000109797789
1.000000152014052
1.0000000777373057
1.000000066740918
1.0000000140090317
0.9999998559369295
0.9999998741947895
0.9999998240613861
0.25014057042380927
0.9999999667505164
0.9999997942413524
1.0000000312294681
0.9999998220496839
1.0000002223120985
0.9999998717450896
1.0000000484866962
1.0000001245734749
0.9999998970651347
1.0000003818916872
1.000000018050939
0.9999999913117477
1.0000002094950673
0.9999997917002459
0.9999996359973908
1.0000001662868054
1.0000001498793483
1.000000036879492
0.9999999248020958
0.9999999568767322
1.00000017087263
1.0000000363101156
1.0000002361493256
1.0000002550727636
1.000000035109909
1.000000078681018
1.0000002953725446
0.9999998904284454
0.999999962974328
0.2500116828579894
1.0000002800938028
0.10576234993551822
1.000000068781208
0.9999998246634293
1.000000122163428
0.9999999044468783
1.0000003155694652
0.9999999489402338
0.9999997670757546
0.9999997555655863
1.000000163204676
0.9999997455816252
1.000000066750314
0.9999999733576164
0.9999999914374327
1.0000002430335526
0.9999999050284489
1.000000082346105
0.9999998992577882
0.999999825220348
0.9999998715772823
1.000000070089766
0.0013720580341778196
1.0000000797412991
0.9999998217897579
1.0000001861384928
1.0000003247118971
1.0000001829892184
0.9999999901841954
1.0000001119549267
0.9999998869175261
0.9999999723310289
1.0000000681797172
0.9999999070397424
1.0000000063203767
1.000000021477405
0.9999999334849561
0.9999996742355589
0.9999999760851513
0.25000420267401924
0.9999999721541355
0.999999860815604
0.9999998522525279
1.0000000395796156
0.9999999707858538
1.0000002151460414
0.9999998025242556
1.0000002605136324
0.9999999265692603
1.0000000422700528
1.0000000719762654
0.9999998203213868
1.000000128505065
0.9999998653970185
0.9999999653436581
0.9999999250876691
0.2500088575518447
1.000000072221328
1.0000001035528028
1.000000036622518
1.00000016164256
0.9999997592233826
0.9999999113849187
0.250062696835153
1.0000001068760975
1.0000000078078717
0.9999998418503779
1.0000000162406946
0.999999982865957
0.9999998349396096
0.9999997365422855
0.9999998842947135
0.9999998406755847
0.9999997243910251
0.9999997432430838
1.000000062343485
1.0000001853285203
0.1108204444492478
1.0000002948502256
1.000000135633931
0.9999998171003633
1.0000000753698592
0.9999998366837308
1.000000041409486
1.0000002640367476
1.0000001537144547
1.000000011273948
0.9999996192923974
1.0000002215781547
0.01000767002135212
1.0000001816697688
1.0000001418010693
0.9999999552806015
1.0000000320919475
0.9999998725465874
1.0000001830358434
0.9999998300950051
0.9999999119447779
0.9999999170858925
0.9999998729715887
0.9999999680030394
1.0000001171315704
0.999999840133839
1.0000000129582536
1.0000000432891043
0.9999999499444747
1.0000000558472157
1.0000001525018245
1.0000001963347322
0.999999818176154
1.0000001086362198
1.0000002331236704
0.9999999002747695
0.9999999030484835
0.9999997193775135
1.0000000267026519
1.0000001097920221
0.9999999823537103
1.0000001797436102
0.999999877231929
1.0000000060212004
1.000000220444354
0.9999997260557295
0.10923611521343989
1.0000002357108035
1.000000041278156
0.06547202570248033
0.9999999768186708
0.03153061371572058
0.9999999404983182
0.9999998736035796
0.9999998737612221
1.0000000761401544
0.9999998564987207
1.0000000639537439
1.00000007722699
0.9999998571657516
0.9999997460749149
1.0000002411156121
0.9999999286515225
1.0000001568603776
0.9999997942691056
1.0000000677049157
1.0000000616987617
0.9999998484027433
0.9999999979079974
0.9999997922119773
0.9999997519004012
0.9999999400149273
1.000000051870354
0.9999997688108562
1.0000000617733305
0.9999998930423739
0.9999999633987126
0.9999998935650802
0.10888679643699933
0.9999999702612412
0.9999998025096688
1.0000001848889561
0.002181642675870782
0.9999996704155932
0.9999999731485496
1.0000000195680916
0.9999999457299852
0.9999999944676681
1.0000000686005672
0.9999998325693956
1.0000001773490148
0.9999999791298343
1.000000018408544
1.0000000732267447
0.9999997788787642
0.0015296152866388134
1.0000000827473277
1.000000020431835
1.0000002130686292
0.9999999740410148
0.9999997523661717
0.9999999704916289
0.9999997329660103
1.0000001881210139
0.9999999500186239
0.9999999524061073
1.0000002341511331
0.9999998967233421
0.9999998223654617
0.9999999619845189
0.9999998873362493
1.0000003178589387
0.9999999925880962
0.9999999763374544
1.0000002061464421
0.9999999735682794
0.9999999082765035
0.11531830912020638
0.9999999683361291
0.9999998558360846
0.999999979094005
1.0000000803834104
0.9999998664872904
1.000000242494497
0.2501346752365065
1.0000000533486395
0.9999998932263894
1.0000000724379223
0.9999997836770428
0.9999997748956411
0.9999998356807206
1.0000000604035706
1.000000160393286
0.9999997650849761
1.0000000681946062
0.9999999263870487
0.9999999411242273
0.999999883330669
1.0000001666717726
1.000000160231007
1.0000000924289654
0.9999999342119836
0.9999999510436809
0.9999998085276881
1.0000003226229712
1.0000001436664625
0.9999998515038204
1.0000001253638335
1.0000002744112992
1.0000000581188178
1.0000001877395541
0.999999588261512
1.0000000755803762
1.0000000175631323
0.9999999515122596
0.9999999106914188
1.0000000053317635
0.9999997127974594
0.9999997479934907
0.9999999297566379
1.0000001673418062
1.0000001690207334
0.2500004656341417
0.9999998667044134
0.9999999728479658
1.0000000857741487
0.999999839683849
0.9999998503119629
1.0000000590406657
1.0000000510488471
0.9999999517951347
0.9999999047394592
1.0000001161578005
1.0000000728327962
1.0000000223038497
0.9999999802806986
0.9999998642751801
1.0000001084624042
1.0000000291251079
0.9999998246045264
1.000000288436076
1.0000000159371503
0.9999998707848861
0.9999998800053558
1.0000001943386432
0.9999998287186647
0.9999999978534033
1.0000001750268832
0.9999997068358206
1.0000001810432175
0.9999997701826943
1.0000002092694051
1.0000000142864756
1.000000157410625
1.0000001825941047
0.9999999035960615
1.0000002426444294
1.0000000905303
0.9999998658386234
0.9999999851486994
1.2854418174306214e-05
0.9999998563277079
1.000000319031172
0.9999997560559397
1.000000095831453
0.9999998190409118
0.9999998004685773
0.9999999915336415
1.0000001532246494
1.000000138341886
1.0000000719426407
1.000000077883535
1.0000000287101518
1.0000000034602907
0.9999999327729023
0.999999834494605
0.9999999161335997
0.9999999427870735
1.0000000345741935
1.0000002810252104
0.9999999758381809
0.9999999764996491
0.9999997462175599
1.0000000251989618
1.0000001587378589
0.999999839225163
1.000000121524957
0.9999997646982909
0.9999996447453694
0.9999999813347319
0.9999999992304953
0.9999999716685013
1.0000001101853364
0.25010493827284364
0.9999997470565933
0.9999999258196357
0.9999998372504617
1.0000001460035333
1.0000000896561467
0.9999998737125955
0.9999999471471057
1.0000002338844336
1.0000000445649215
1.0000000542596454
0.11119928513465177
1.0000002333483071
0.9999998932074574
0.9999999271827678
0.9999996273350097
1.0000000675145613
1.000000107565808
1.0000001892078085
0.9999998245650138
1.0000002287819247
0.9999999563489785
1.0000000366776045
0.9999999918276186
0.9999999371924063
0.9999998754402387
1.000000076366146
1.000000030015037
1.000000078663095
0.9999998503334178
1.0000000614993434
0.9999999891377711
1.000000179881945
0.9999998595098991
0.9999998068407465
1.000000046615777
0.9999998508857779
1.0000002362074618
0.9999996761962109
1.000000149816237
0.2066894843608139
0.9999998977179732
1.0000002561944359
0.9999999606932136
0.9999999025854917
0.9999999577298171
1.000000010449022
1.0000001024654503
1.0000000356713128
1.0000003617145306
1.0000000360931562
0.9999999575168355
0.9999997947028699
1.0000001147748858
1.0000000277582088
0.9999998501482111
1.0000000393426673
0.9999998994105611
0.9999999956950423
0.99999979331256
1.000000258827489
0.9999999747949265
1.0000001649188681
0.999999818853113
1.0000001753869248
0.99999988394241
1.0000001712513538
1.0000000100007327
1.0000000161315308
0.9999998886815364
0.9999999463730433
0.9999999721563022
0.9999997957303901
1.000000108061908
1.0000000653201615
0.9999999279472722
0.9999999697270898
0.011686682587241544
0.9999999500684968
1.0000001709630866
1.000000075080346
0.9999997595256114
1.0000003467743397
0.9999999087372514
1.0000000690320336
0.9999997837641973
0.9999998951999306
0.9999998990837001
1.0000000637785995
1.0000000048082796
1.000000117490572
0.9999998986430666
0.10467933695935083
0.9999998574576698
0.9999998177985964
0.9999999135558523
1.0000000011287278
0.9999998494184655
1.0000000755145817
1.000000044659422
1.0000001308091029
0.9999999241626812
1.000000160989672
0.9999999564870794
0.9999997532999497
1.0000000488654284
0.9999999012976495
0.9999999698716955
1.000000280909583
0.9999999334573797
1.0000000469432382
0.999999901614161
1.0000000384901573
1.0000001923527821
0.9999998929725755
0.15677409199561063
1.0000001921769175
0.9999999648290071
0.9999999656682746
1.0000000511125904
0.999999977368817
1.00000000156819
0.9999997717998804
0.999999705739323
1.0000000206176112
0.9999999920710905
0.9999999512451448
0.9999999688959298
0.9999997829435538
0.9999998175349271
1.0000002831680113
0.9999999971517668
1.0000000132218338
1.0000002017836813
1.0000002899970102
0.9999997704095217
0.9999998356662069
0.999999984472756
1.0000001409137416
0.999999825338315
0.9999998720582669
0.9999999246530892
0.9999998740910105
1.0000001263110403
0.9999997658005468
0.25002931584732097
1.0000000609082647
1.000000094303711
0.9999998491753564
1.0000000767916422
0.9999997455429612
0.9999999766493569
1.0000002459466595
1.0000001342826437
0.9999999142416246
0.9999999773295126
1.0000001655904993
1.0000000576708352
0.9999997981500197
0.9999997732373112
1.0000000894825718
1.0000000045084332
1.000000328866546
0.9999998033691014
0.9999998644848361
1.0000000593763843
1.0000002160393155
1.0000001438055304
0.9999996298808498
1.0000003863675726
0.9999999731952156
1.0000001915016303
0.9999998011838968
0.9999998707021236
0.9999998480001051
0.2500119422653398
0.999999994449454
1.0000000762276626
1.0000001769772584
0.9999997991151383
0.9999998859656415
1.0000000775354392
0.9999999774169607
0.9999998508045322
1.0000000609437825
0.999999621437153
1.0000002088576447
1.0000000027086475
1.0000000921010286
0.999999805472987
0.9999998980603532
0.999999842319016
0.9999999188578966
0.9999997271744405
1.000000226903626
0.999999733509549
1.000000066829066
0.999999818868667
0.9999999967520765
0.9999998164073467
0.999999877533782
0.10712839992395036
1.0000000266225968
1.0000000562467322
1.0000000048673572
0.9999999821570483
0.9999998990553317
1.0000000057071992
1.0000000642048008
0.9999998379829081
1.0000001036837132
1.0000000350632001
1.0000000303210579
1.0000001021612057
0.9999997713192876
1.0000000662828248
0.9999999556913552
0.2500754006317464
0.9999998493691823
0.9999999334128935
0.9999999506072063
0.9999998981808819
1.0000002556676901
1.0000002710168074
1.0000002272052213
1.0000001958435758
0.999999730372406
1.0000001210572895
0.9999999969868347
1.0000000363262533
0.9999997765208426
1.0000000257909012
0.9999998742160612
1.0000001296523469
0.9999999321780988
1.000000044932849
1.0000000161953917
0.999999889022622
1.000000097841235
1.0000001585793639
0.999999869125244
0.9999998945018606
1.0000001610367268
1.000000322484704
0.047261585845509324
1.0000000315801907
0.9999998856662288
0.9999998397646319
1.0000001782844024
0.999999908313775
0.9999998247487217
0.9999999607052928
1.0000000181996729
1.000000026358389
0.9999996962458457
0.9999997344714954
1.0000000341342037
0.1166555774925514
0.2500012132200257
0.9999999114102909
0.9999998086575388
1.0000000349934994
1.000000170917174
1.0000000288250075
1.0000000866431105
1.0000002669379544
1.0000001272366612
0.9999997434092223
1.000000266910415
0.999999911182512
0.9999999621558394
0.9999999348936379
0.25002483001227943
1.0000002830108938
0.999999799827622
0.9999998789617962
1.0000000604963946
0.9999999740674712
1.0000000764926076
0.999999849178013
0.9999999884934889
0.9999998816040634
0.999999936751316
0.99999993013267
0.9999999876955779
1.0000001253289774
0.25020870595170486
0.9999999698479705
1.0000001461581016
1.0000000657643777
1.0000001242674437
1.00000027481878
1.0000000119434747
0.9999998978045548
1.0000000365444235
1.000000226066334
0.9999999358364927
1.000000040549819
0.9999996458385547
1.0000000393098967
0.05980403418539403
1.0000001100043532
0.99999997623327
1.000000171832658
1.0000002314273293
0.9999999864013582
0.9999999857588702
1.0000001652414034
1.000000279220683
1.0000000702042464
1.0000000676948064
0.9999999903518693
0.9999998929168812
1.0000000830723526
1.0000000425709854
1.0000000972887502
1.0000001371170797
0.2500107001665585
1.000000243382379
0.999999732841265
1.0000000678025833
1.0000000033394416
1.000000014579319
0.9999998469682497
0.9999999797193203
1.000000249651701
0.9999997851144817
1.00000018294684
0.9999999065513201
1.0000002768003293
1.000000032956404
0.9999997010306095
0.9999999732161577
0.059283549639405096
0.9999999764703184
0.9999999868167091
0.9999998870933481
0.9999999969416575
0.999999783796066
0.0020813016617009287
0.9999999545036887
1.0000000755864913
0.9999999905131616
1.0000000597393766
1.000000042698919
1.000000031561749
1.000000023586179
0.9999997943672073
0.999999685137892
1.0000003126734458
1.0000000571018184
0.9999998508523513
0.9999997158941296
0.9999999926454213
0.9999998810615507
0.9999997864239548
0.9999997890568935
1.000000099891824
0.9999999104933852
0.9999995844982826
0.9999999322985731
1.0000001338260023
0.10998100887928688
0.9999997461315971
0.9999998470903929
0.9999999067930796
1.0000003286032881
0.25000481126560814
0.999999768010862
0.25006781041002046
1.0000003805891102
0.9999999697433977
1.0000000853768443
0.9999997820290517
1.000000101952509
0.9999999529719016
0.9999999814400818
1.0000000407932812
0.9999997419601196
0.9999997076040154
1.0000000707815464
0.9999997451619507
1.0000000748106435
1.0000001667377993
1.000000010317466
0.9999998404934932
1.0000001955935323
1.0000002651561484
0.9999999428688037
0.9999998992007318
0.9999996871365375
0.9999998273223233
1.0000001272749048
1.000000215900541
1.000000166753942
1.0000000957701172
1.0000000560283393
1.0000001126175873
0.9999999779465364
1.000000163644724
0.9999998834794724
1.0000002352196202
1.0000001464355899
1.000000206077515
0.01515335980242742
0.2500042052013151
1.0000002277462339
1.0000001021490492
1.0000002933197882
1.0000001367497726
1.0000001740340658
0.9999998626643369
0.9999998954595012
1.0000000220598555
0.9999999259534074
1.0000000678137757
0.9999999615861964
0.9999998827726918
1.000000017676498
0.9999998400751928
0.9999999275099769
0.9999998825023814
1.0000002256411353
0.9999999497941057
0.9999999782280057
0.9999999884161985
1.0000002777047043
0.9999999913909985
0.9999999704174738
1.0000000125080701
1.0000000555934958
1.000000350482916
1.0000002003707469
0.9999998389650753
0.999999836718543
1.0000001125586877
1.0000000925907981
0.9999999508969687
0.9999998941584657
1.0000002292374253
1.0000002734446856
0.9999996827154737
0.9999999755544448
1.0000001198993669
0.9999999838179799
0.9999999306314936
1.0000000709035644
1.0000003913339732
1.0000000635925923
0.250000994999749
0.9999999177644364
0.9999998463611167
0.9999998505439938
1.0000001213634107
0.0002257932564267119
1.0000000413668557
1.0000000632785488
0.9999999035129673
0.999999994671275
1.0000001985535252
1.0000002210514227
0.9999999544426074
1.0000000326560599
1.0000001386573127
1.000000008080573
0.03200907177532994
1.0000000382316636
0.9999999188006402
1.0000000527144992
1.0000001018400662
1.0000000293960085
1.0000001535215073
0.9999997786627328
0.999999846836202
1.0000001127722395
0.9999998550977954
0.25006346915107425
1.0000000893656817
1.0000000860480438
1.0000002263678875
0.03179873846211943
1.000000077720314
0.9999999254019697
1.0000003849893007
0.9999997021530183
1.0000000531222637
1.0000000489014387
0.9999999247901007
1.000000257463728
0.9999999623881152
0.9999999091161268
1.000000050515166
1.0000002592334543
1.0000000573745549
0.9999999645736842
0.9999998214783801
0.999999727498912
1.000000005415218
1.000000214550076
1.0000001843027846
0.2501209053327815
0.0832974807686664
1.0000000996046088
0.9999998297416589
1.0000002819667206
1.0000002147360902
0.999999812529499
0.9999999436707484
1.0000002945810618
1.0000000512888334
0.9999998953815689
1.0000001795718418
0.2500201698319511
0.9999998488985541
1.0000000408282874
1.000000016801255
1.000000054336925
1.0000000890738014
1.0000002112875883
0.9999999101570607
1.0000001051115968
0.9999999915244524
1.000000239305261
1.0000000257567685
1.0000001197525128
0.9999998560710822
1.0000001196955526
0.9999999687728398
0.25019779433247463
1.0000000708324852
0.9999998463791316
1.0000001333984603
0.9999997684747112
0.9999998889165003
1.0000001783833632
1.0000001516059123
0.25002142755440104
1.0000000790540564
1.0000000066976322
0.9999999509104841
1.0000001620606183
0.9999997223262864
0.9999998766177645
0.9999998607286447
0.10675101608914066
0.9999999793928164
1.0000000194826746
1.0000003091482914
1.000000128440951
1.0000002996456792
1.0000002284639204
1.0000000135441427
0.9999997434108343
0.06210172424293261
0.9999999063073823
1.0000001428651826
0.9999999455641476
0.9999999437332744
0.9999999395890877
1.0000002016555043
1.000000227229648
0.9999999898112855
1.0000000563701925
0.9999999928065697
0.9999998758477585
1.00000010487003
0.9999999085367733
1.0000002060264226
1.0000002401485404
0.9999999480473518
1.0000001355379273
1.0000001374816885
1.0000001120059774
1.000000050425429
1.0000001470663729
1.0000001290306295
0.20534248511884126
1.0000000568982603
1.000000150921251
1.0000000901767747
0.9999999542826218
1.0000000849949435
0.9999999568197775
1.0000000087326413
1.0000002672486654
1.0000000288234367
0.9999998147645884
0.99999994263313
1.0000000380647163
1.0000002004510835
1.0000000306864625
0.9999999608313642
1.0000000259941804
0.2500050157981085
0.9999999658110815
1.0000001533146041
1.0000002144227649
1.0000002956520504
0.9999998896915566
0.999999830758808
1.0000001909437632
0.9999996768176825
0.9999999895768654
1.0000000734820556
1.0000002793006084
0.9999999584985217
1.0000000611657516
1.0000000589205635
0.9999998145927863
1.0000001620506729
1.000000168656297
0.9999998328481027
1.00000013776427
0.9999999240684502
0.999999754969639
1.0000000646693252
0.2500229185642462
0.9999998026227712
1.0000001913716037
0.999999849141893
1.0000001070361322
0.9999999859956334
1.0000003154904746
1.0000001511150636
1.0000001029176673
1.0000002410354345
1.0000000894155632
0.9999997492290602
0.9999999439389705
0.9999998544530371
1.0000000199078127
0.999999980704657
1.0000000964660112
1.000000166586368
0.9999999933150532
0.9999998697038492
1.0000001369942713
1.0000001351037435
0.9999999722302089
0.9999997815406373
0.9999998784372442
1.0000001471599145
1.0000001597412587
0.9999999799514437
0.9999999670796929
1.0000000529110824
1.0000001950357535
1.0000003080667124
1.676581138263508e-05
1.0000003056508249
1.0000002789756666
1.0000000772881215
0.999999817339542
0.9999999978160208
0.9999997801097308
1.000000030781927
0.23671048344650575
1.0000002214388595
0.999999811451012
1.0000001085516528
1.0000000265975573
1.0000000788043268
1.0000001955579274
1.0000001183216147
1.0000000380680718
0.9999999198497018
1.0000000691191
0.9999999556619974
1.000000058636766
0.9999999335610283
0.9999998970447499
1.0000000007878467
0.9999999524909003
1.0000000034453826
1.3671742382707763e-06
0.9999999295113521
1.000000082889259
0.9999997230790544
0.14951540127925445
1.0000001550196924
1.0000001537789955
0.9999998921254238
1.0000000508913243
1.0000000833881186
0.9999999793847342
1.0000002207956282
1.0000000671581672
0.9999999850256153
0.9999998942764331
0.9999999348790822
0.9999998086378967
1.0000001053589456
0.15560444367679352
0.9999996876925972
1.0000001320652827
1.000000089474901
0.99999995857398
1.000000052421522
0.9999997559860911
0.9999998431587357
1.0000002372635233
1.0000001492890596
1.0000000609775648
0.999999893856853
1.0000000071018293
1.0000000789654881
1.000000069802846
0.9999999805049921
0.9999997576576813
0.9999997280550791
0.9999998731017881
1.0000000471780044
1.0000001342881308
1.0000000101801376
1.000000080956483
1.0000000790823032
1.0000000785426788
1.0000000323967495
1.0000000821119666
0.9999997387341637
0.9999998845235112
1.0000003745458677
1.0000000968962757
1.0000001736794455
1.0000000758706498
1.0000000509351417
1.0000001489467405
1.000000060741106
1.0000001790068413
0.9999996765466399
0.9999998914307803
0.9999998701436261
1.000000282214593
0.999999810186028
1.0000002557664973
0.25000268124546365
1.000000249476948
0.9999997263216919
0.9999999307823896
1.0000002278497684
0.9999999674221274
0.9999998899739032
0.9999999506227738
1.0000002003980704
1.0000000407853853
1.000000076671219
1.0000002508692585
1.0000000196748595
0.9999998771914871
1.000000014886095
1.000000106842066
0.9999996932887238
0.9999996864825481
0.99999978688019
1.0000000605041421
0.9999997256390054
0.9999998837807895
1.0000000423583493
0.9999998647413718
0.9999997777431421
1.0000001149739142
1.0000000507154667
0.9999999947546447
1.0000001706100303
0.00010310772424849043
0.9999997958234934
1.0000002310005338
1.0000001040051951
0.999999931551684
0.9999999568567213
0.9999999147571241
0.9999999002095514
1.0000000795705615
0.9999997982613746
0.9999997184753473
0.9999997616737253
0.9999999132676903
0.9999998735903552
0.9999998882576029
0.9999998636232394
0.9999996730842143
0.9999998432219611
0.9999999591749271
1.0000003452423782
0.9999999025425704
0.9999998736149718
0.9999996225453923
1.000000166731781
0.9999999088930168
1.0000003289438237
0.9999997317759313
0.9999999997709013
0.9999997855765335
1.0000002101844485
1.000000203242602
1.000000200976843
0.999999761339498
1.000000031877539
1.0000001915204664
1.0000001021449076
1.0000000410452872
1.0000000886581717
1.0000001157572613
1.000000134478848
0.9999997991613198
0.9999999210634978
0.9999997346382753
1.000000008324836
1.0000000088141734
1.0000003028589537
0.9999999223809368
0.9999999899527781
1.0000000213248
0.9999997407028799
0.9999999788794124
1.0000000000065001
1.0000000692059887
1.000000162715898
1.0000000665663282
0.9999999141031718
1.000000096629252
1.0000002197615396
1.00000001607102
0.9999999007432636
0.9999997169796901
0.25012046045282904
0.2501045810608032
1.0000000406321132
0.9999997733824801
0.9999999288562756
0.999999869579115
1.0000001045788447
1.0000000152480473
1.0000001166822081
1.0000000426379931
0.9999998018364464
0.9999999961173187
0.9999998503647047
0.999999853639769
1.0000000482721114
0.9999998827773294
1.0000001748035983
1.0000000837170817
0.9999998452276342
2.936402477057325e-05
0.999999869515265
0.999999824940932
1.0000000534574152
0.9999998072063825
0.9999998823511312
0.9999998466249743
0.9999999538797356
0.25002414558533553
1.0000001587861105
0.9999999249578221
1.000000298024403
1.0000002281781966
1.000000206143007
0.9999999783892165
1.0000001778658003
1.0000001355029602
0.9999999342552175
1.0000000398968383
1.0000001927886237
1.0000000627313343
1.0000000573583785
0.9999998930727549
0.9999996001555402
1.0000000332844199
0.9999998853861767
1.0000001873111222
1.000000004368208
0.9999999949016596
0.9999999635866804
1.0000000213385902
0.9999997940282479
0.9999998795262944
0.9999999417215277
1.0000001080035654
1.0000001494812458
1.0000000118659935
0.9999999672214146
0.9999998923038584
0.9999998463595213
0.9999999854379424
0.9999998335941112
0.9999999602162568
1.0000001366052966
1.0000000083561265
0.9999999707108751
0.25000206826741156
1.0000001470774587
1.0000000946795011
0.9999999668364659
0.999999968926985
0.9999997932074269
1.000000087490746
0.9999998504594048
0.9999997277768037
0.9999999324917881
1.000000060253507
0.9999999651631758
1.000000095319892
0.9999999925699719
1.0000000791303891
0.9999999458493224
0.9999999417880092
1.0000001299699537
1.0000000830293239
0.9999998261721359
0.9999997784875705
0.9999998883828078
0.2501552839831647
0.9999998209547205
0.9999997504816633
0.999999956662847
0.9999999564837598
0.9999999788136912
0.9999998375845592
1.0000000837647112
0.25000181977901603
1.0000001039034547
0.9999999439192432
1.0000001142615804
1.0000001095608084
0.9999998784855243
0.999999925021602
0.9999996702133224
1.0000000155000577
1.000000192180715
1.0000001485025847
0.9999998998564553
1.0000000393621349
0.9999998042908229
1.0000001706858226
1.0000000435924385
0.9999999607308826
1.0000000387238077
1.000000322857199
0.9999998018838105
0.9999999505867799
1.000000317669112
1.0000000004518008
6.803365786340831e-05
0.9999998965845474
1.0000003191932405
0.999999970600653
0.9999999582900783
0.9999998371710019
1.0000000394174937
1.0000003391781163
1.0000003327674
0.9999999886583888
1.0000001468091217
0.9999997505639373
2.362463279911727e-05
0.9999998286666099
1.000000327710269
4.322907046471907e-06
1.0000002219222461
1.0000003127966468
1.0000003246674873
1.0000000326939038
0.9999998932870708
0.9999999422210293
1.0000002361307783
1.0000000889495626
0.9999998373178869
1.000000281256937
1.0000001107645562
1.0000000406252143
1.0000001075662956
1.000000007179609
0.9999999069890596
1.0000000221026346
1.000000062574116
0.9999997612568237
1.0000001550600406
1.0000001950172435
1.0000003873284358
0.9999999889258104
0.9999998308555242
1.0000002419559109
1.000000337471202
0.9999999683568392
1.0000001749743812
0.9999999800652205
0.9999999947206362
0.9999997383794905
0.9999998598290807
1.000000148315061
0.9999998775076078
1.0000000078604652
1.0000000023253448
1.0000003134822475
0.9999997054763229
0.9999998903873742
1.0000000388796093
1.0000000716033508
1.0000002619726691
1.0000002128741154
1.000000069908344
0.9999998530496771
1.0000000682605565
0.9999999043872964
1.0000000072556192
0.9999999448078819
1.0000002053259405
1.0000002406049149
0.9999999025230998
1.00000005868075
0.9999998553139146
1.0000002490237514
1.0000000237488778
0.9999999038875121
0.9999996594507473
1.000000272580722
0.9999999674345375
0.999999798846711
0.999999966091825
0.9999997899146936
0.9999997316600691
1.0000001794007862
1.0000001950567092
1.0000001605026558
0.9999996298998239
0.9999997077991656
0.9999999138613621
1.000000230106624
0.9999999239073248
0.9999998219924214
1.0000000034048737
0.00014082615748089812
0.9999997678806117
0.9999999806418757
0.9999999296265346
0.9999997191525367
0.9999999936736503
0.9999996724007552
1.0000000153946567
0.9999997859079882
1.0000000607090542
0.9999999424357181
0.9999998349539149
1.0000001485028542
1.000000215596463
0.9999999539708179
0.9999999654454855
1.0000000612550193
1.0000000996627756
1.0000003216301554
1.000000176893421
0.9999999772135019
0.9999998464656416
1.0000000716803688
1.000000224601944
1.000000042539857
0.9999998606671361
0.9999999173836732
7.901889693124506e-06
0.9999997945889326
0.999999991751169
1.000000218122414
0.9999998084509635
0.9999999874746028
1.0000001695463077
0.9999999559433947
0.9999999620938261
1.0000002841577424
0.9999998899386265
1.0000001284938353
1.0000002536930381
1.0000000288935083
0.9999998761881151
0.9999999427087053
1.000000141544646
1.0000003202364043
0.9999996380552002
0.9999999502954833
1.0000000085177794
1.0000001445686388
1.0000001947814996
1.0000000677052505
0.9999998201573731
0.9999998881725387
0.9999999432978258
0.9999999458501002
0.9999999128910672
0.9999999069262904
0.9999997468415649
0.9999999464505946
0.9999998298000042
0.9999999818931155
1.0000000628264876
0.9999999938050208
1.000000043427295
1.0000001545340151
0.9999998475963396
1.0000002853197718
0.9999998925038514
0.9999997319080172
1.0000000242717337
1.0000003737988357
0.999999779751671
0.9999998590297464
1.0000000465774428
1.0000002694946541
1.0000001516797146
1.0000003680683849
0.999999773822834
1.0000000869973993
0.9999998233609397
0.9999996941943351
1.000000059031521
1.0000001161365757
0.9999997563188678
0.25001066540161054
0.9999998621691256
0.9999999994212536
1.000000186259946
1.0000000349778755
0.9999999818805972
3.460606764192503e-05
0.9999996168257995
1.0000001095744282
0.9999997600392496
0.999999752571421
0.9999998975673865
0.999999719883706
1.0000001668766767
0.9999998983705741
0.9999998282564297
1.000000078103034
1.000000103597202
0.9999998730612876
0.9999998950136654
0.9999999352290448
0.9999998457570087
1.0000001278834154
1.0000000631935921
0.9999997251623098
0.9999999893570621
0.9999999088590398
1.0000002009793014
1.000000057400832
1.0000001450124874
0.9999999825766311
0.9999997307323193
0.9999998124178954
0.9999999089362656
1.0000000027589517
1.0000000816311316
1.0000002500091236
1.000000157463048
1.000000138241353
0.9999998551059751
1.0000001843723072
0.9999998362670564
0.9999998583585518
0.9999998800378824
1.0000003509488804
1.0000001535116902
1.000000019386135
1.0000002115606819
1.0000001409538188
1.000000117411373
0.11399680620728589
1.0000001380485017
0.9999996930588013
0.999999929393648
1.0000000519276708
0.9999997459611661
1.0000000402047617
1.0000001920597184
0.9999998737215683
1.00000025403143
1.0000001226418338
0.9999999619062022
0.25001572761731305
0.999999782785997
1.0000000775877573
1.0000000910078752
1.0000000519188037
0.9999999689516677
0.9999998461630751
0.9999997684653333
0.9999997926558369
1.0000002020777932
1.0000000100755901
1.000000227298219
1.0000002810991393
0.9999999437215238
0.9999998301403651
0.9999999191788297
0.2501031259553205
0.999999887409743
0.9999999120220192
0.999999794061516
0.11437054823947394
0.9999997287053344
0.9999998262949057
1.0000001700128227
1.0000002668236814
0.9999998668296395
0.9999998555167581
1.0000002099302776
0.9999999994523352
0.9999998050204859
0.9999998942611553
0.9999999666051286
0.9999997505285958
1.0000002296258719
0.9999997956003579
0.9999997402291292
0.2500014511665274
0.9999998269747129
1.0000000168795582
0.9999998109164486
1.0000000390206916
0.9999998768683342
3.434723471816883e-06
1.000000200695337
1.0000000121776198
1.0000001106501837
0.999999970310711
1.0000002327330118
1.0000002008563327
1.0000001135818477
1.0000000427345017
1.0000001755237122
1.0000001746420382
0.9999999871718543
1.0000002413771405
1.0000001134593117
0.9999996044503909
1.0000000234583852
0.9999999347180928
1.0000001727251644
0.9999998376361595
1.0000001144483035
0.10707996371967483
1.000000106742035
0.25000006843917677
0.2500003099918407
1.000000115921983
1.0000003105908786
1.0000002734253672
1.0000000068643002
0.9999999917913978
1.0000002333860352
0.13615925961277522
1.3747602756305772e-05
0.9999999279158489
1.0000000484862166
0.9999998681012942
0.9999999609513052
1.0000001363867355
1.000000170025152
1.0000003104529929
0.9999997921146121
1.000000137506442
1.0000000099147126
1.0000000242223976
1.00000016647476
0.9999998937912383
1.0000001362122906
0.9999999344052124
0.015301104026138147
0.9999998272952441
1.0000000084137453
0.9999999617398824
0.9999998377001166
0.999999976986036
0.9999998279444778
0.9999998346979873
0.9999997606125356
1.0000000264921838
1.000000118613575
0.2500047469262692
0.9999998997365814
1.0000000970678216
1.0000000370228004
0.9999999228507624
0.9999997327014057
0.9999999874819196
0.9999999579510264
1.0000002179430976
1.0000000457579943
0.9999996959092137
1.0000001059104198
1.00000008820685
1.0000000210666506
0.9999999257413696
0.9999998429068673
1.0000002550868181
0.9999998970141666
1.0000000485417042
1.000000169543899
0.06708399826399955
0.9999999156147663
0.9999999914361204
1.0000003663927897
1.0000002382289246
0.9999999991332884
1.0000000972231315
1.0000000166622223
0.9999998782276246
0.9999998628388549
0.2500209244561985
0.9999999826967189
3.5085039341837886e-05
1.0000001163661547
1.0000000269285676
1.0000000638989344
1.000000059449468
0.9999997133522528
0.9999997797741794
1.000000088875278
1.0000000826178312
0.9999998308268603
1.0000001890346528
0.9999999263508408
1.0000000322535352
1.0000001116367376
1.0000001086125005
6.55081054823217e-05
1.000000165263965
1.0000000693214377
1.000000072972417
0.9999998680641337
0.9999998805372325
0.9999997422684184
0.9999999130768799
0.9999997991058988
0.9999997528418678
0.9999999416346046
1.0000000382067715
0.9999995111134619
0.9999999956439791
1.000000018525923
1.0000000473104749
1.0000001216424297
1.0000001475432205
1.0000000505929643
1.0000001373023208
0.9999999525383779
0.9999998614445275
1.0000000520880146
1.000000024402372
0.9999999023851759
1.000000037746657
1.0000000553810315
0.9999998255233004
0.999999856312586
1.000000042919949
0.2386723824776228
1.000000000545826
1.0000000937647902
0.9999999243938348
0.9999999800236506
0.9999997649511037
1.0000000359642105
0.9999997999942651
1.0000000657978465
1.0000001620560584
1.0000000352510787
1.0000003448756312
1.000000167689013
1.0000000109433271
1.000000112133991
1.0000000565393652
1.0000000382383534
1.0000000328849945
1.000000138912553
1.000000100234223
0.9999998863533638
0.9999999519616442
0.9999997027725697
0.9999999618865231
0.9999997870196318
0.9999998788311325
0.9999999687542822
1.0000000799291617
1.0000002766862042
1.0000000895764927
1.0000002268968973
1.0000000229048436
1.000000050714717
0.9999999587616408
1.0000001317541356
0.9999998132834936
1.0000002005054454
0.9999997233607458
0.9999998290692509
1.0000000750906763
1.0000000277925436
0.9999997326411726
1.000000099989477
0.9999997735865008
0.999999897946061
1.0000001792261939
1.0000000502134985
0.9999999370507323
0.9999997994824347
0.999999977037871
0.20680483496164517
0.2500547718053321
1.0000002898105202
0.024390889408477282
1.0000000966209697
1.0000002128246102
1.0000001869266038
0.9999998235462333
0.999999853316059
1.000000032001051
1.0000001986314064
0.9999997658978638
0.9999997180559222
0.9999998636049117
1.0000002233032017
0.9999999903250507
0.999999932963157
1.0000002064350237
1.0000000178229946
0.9999998381835126
0.9999999500842705
1.0000003025049125
1.0000002084172326
0.9999997704118032
0.9999997651820554
1.0000003576298715
0.9999998584181716
0.9999999282729457
0.9999998764707054
1.000000028466889
1.0000000091737946
1.000000075401759
0.9999998269620131
0.9999999934105763
0.9999999528423184
1.0000000258337407
0.9999999256600156
0.9999997839545495
0.9999999464165723
1.0000001431660366
1.0000002894739564
0.9999996543996451
0.9999998394710239
1.0000000683104846
0.9999999463731726
1.0000001267242076
1.0000000094643644
1.000000063825819
1.000000383004129
1.0000000925594406
0.9999998322348512
1.0000000229612367
1.0000000234675903
1.0000001241175565
1.0000003573944394
1.0000000736151544
0.9999998701776409
1.0000000368215738
0.9999999442763013
0.9999999325537672
0.9999998868923133
0.9999997251278592
0.9999999215717816
0.9999999726429412
1.0000003123237353
1.0000001457862884
1.0000000547484775
1.0000000834227603
0.9999999968212794
0.9999999775719185
0.9999998837354407
0.9999999679919027
0.9999998112086299
0.9999999368870404
1.0000000226296477
1.000000077683137
0.25000162504488366
1.0000000054956653
0.9999999624754897
0.9999997528377327
1.0000000197207823
0.9999999294448118
0.9999999340966521
0.9999998849513065
1.0000000331028642
0.9999997281611843
0.9999995480338646
1.0000001023483076
0.23923121010940418
1.0000001733592971
1.000000069767631
1.0000000514733431
1.0000002763799998
1.0000001038103385
0.9999997728563328
0.9999998006131217
0.9999999719276553
0.9999998627944677
0.9999999475570316
0.9999998954136783
1.0000001578882594
0.9999998478806176
1.075577405546126e-06
0.9999998561794315
1.0000002024789576
1.0000001086331032
1.0000000274613112
0.9999998719990969
1.0000000151537654
0.9999998535667434
1.0000000898829955
0.9999998657684933
0.999999967739212
1.0000000883391327
0.9999998791341996
0.9999998316776126
1.0000001385213717
1.0000001818811162
0.9999999886123612
1.0000001235534655
0.9999999176705475
1.0000001421741078
1.000000212920028
1.0000002007384554
1.0000000966457516
0.9999999809461629
0.999999967784895
1.0000000800876208
0.999999924399155
0.9999998891133468
0.9999998669922192
1.000000129738331
1.00000013935855
0.9999997114306098
0.09003236174447844
1.0000002382866793
0.9999999640866729
0.9999997912791403
1.0000001339924678
0.9999999706578111
1.0000001375176109
1.0000002776399095
0.9999998541392978
1.000000275450583
1.0000000659857113
0.9999997084653368
0.9999998599917834
0.999999994483842
0.9999999452699281
0.9999998636178218
1.000000013727905
1.00000005924821
0.9999997249292996
0.9999998069549152
0.9999999494614678
0.9999999247884556
0.9999999344920039
0.9999997241180117
1.000000155889304
0.9999998408133762
0.9999996439862852
0.032410624817018875
0.9999999020153838
1.0000001338722169
1.0000000217633984
0.9999996509149738
1.0000000506384434
0.2500199640801248
0.9999997347823093
1.0000001490158221
1.0000000590490927
0.999999887753682
0.25000916406816687
0.9999998833277176
1.0000003440908782
0.25000010074444184
0.9999998473976832
0.9999998582337889
1.000000223667949
1.0000000051838924
0.9999999723933888
1.0000000655311372
1.0000003153444839
0.9999997168583065
0.9999999381570571
1.0000000132627722
1.0000002173150448
0.9999999289155984
0.9999997938865874
0.999999812038747
0.10748357913194377
1.0000002209230765
0.9999998898787678
0.9999998595495261
1.0000002120275677
0.9999998285313347
0.9999998990264335
1.0000001232673708
0.999999945168692
1.0000003067109517
0.9999999655132058
1.000000077158078
1.0000000398638513
0.9999998536182266
0.9999999580135475
0.9999998163943427
0.999999901444363
1.000000140756724
1.0000000084130978
1.000000015763269
0.9999999844197861
0.9999996795410983
1.0000001513655161
0.9999999163751856
1.000000158380975
1.0000000980580366
0.9999998517500303
1.0000001289268556
1.0000000280443266
0.9999998132190607
0.999999938265404
1.0000001136066337
1.0000001667066203
0.9999999752564867
1.0000000034447938
0.9999998666666601
0.9999996518332407
0.9999999255422312
1.0000000907645055
1.0000000171423178
1.0000000495234758
0.9999999602273366
0.9999998707131872
1.0000000649222536
0.9999997302167081
0.9999997703180906
0.9999997966065824
0.9999999075973623
0.9999998286105913
1.0000001422556755
1.0000000239445683
0.999999989041293
1.0000000297098166
1.000000275856979
0.9999999825336156
1.0000002240445245
0.9999999368935283
1.0000001121113766
1.0000001586866647
0.9999999897113607
0.9999998840411617
1.0000000829708862
1.0000001050504466
0.9999999207922234
1.0000000754643268
0.9999999614637424
0.9999999544434807
0.9999997981209179
0.9999998619466116
0.9999999682225218
1.0000002961736254
0.999999982352474
1.0000000446082584
1.0000000671527436
1.000000231195075
0.9999999625816932
0.9999999985287913
0.9999999984619186
1.0000000195652752
1.0000000549812469
1.0000003175341519
0.9999997553726486
1.000000249337218
0.9999999662864011
0.2500070491387148
1.0000002366690344
0.9999999152141412
1.0000001127682054
1.0000000307608963
1.000000183245179
1.0000000046847886
1.0000000126847328
0.9999999900822898
1.0000000092233021
0.9999999692909245
0.15715107317397642
0.9999999517638029
0.9999998624312342
0.03164117318604797
0.9999997606635055
1.0000001331182755
1.0000000006667937
1.000000149609859
1.0000001399299925
1.0000000148704675
0.9999999641447336
1.0000002669955044
1.0000000804031564
0.9999998696666006
1.000000257151604
1.0000003097139794
1.0000001614285348
0.9999999875355154
0.9999999873457044
0.9999999783567878
0.9999999798477724
1.0000000833395273
1.0000000681623
0.9999998409815006
1.000000224560096
1.0000000637796826
0.9999998862094505
0.9999998994132798
0.9999998858399654
0.9999998311244447
0.9999998721277773
1.000000236267902
1.0000000140135916
1.0000000959127173
1.0000000692987412
1.0000000910553573
1.0000001232507947
1.0000001988591107
1.000000034702772
0.999999711403992
0.9999999632717816
0.999999745518074
0.9999998719043547
1.000000197885353
0.25001049280634396
1.0000002125114744
0.11233917152368444
1.0000002321347419
1.0000000680337082
1.0000001178387814
0.9999999986496868
1.0000001670605492
1.000000210643456
0.9999998802638514
0.9999996016949367
0.9999998549869827
0.9999998479640877
1.000000017851983
1.0000003455005162
0.9999998671540302
1.0000000644910354
0.9999999366992885
0.9999999225276122
0.9999998654435979
1.0000000099531539
1.0000001743358267
0.9999999052610578
1.0000000081148093
0.9999999767323292
0.9999999109306317
0.9999997983969744
1.0000000202165404
1.0000000552097277
1.0000001266823442
1.0000000872759214
0.99999996859786
0.11104598416978503
1.0000001054313057
1.0000000796628836
1.0000001946933932
1.0000001215040306
1.0000000095870214
0.9999998204043231
1.0000000242709588
1.0000000616343199
0.1576049402158182
0.9999998814680477
0.9999998927327935
0.9999999954093863
1.0000001636498865
0.999999987686631
1.000000232351465
0.9999999800219282
0.9999996974707157
0.9999998658889188
0.9999999902351489
0.999999684938305
1.0000001963479803
1.0000001931308318
1.0000000547570747
0.9999999531027336
0.9999998629075446
1.0000002399067636
1.0000001340817737
1.0000000580590207
1.0000001883068936
0.9999999984681083
0.9999999598957607
0.9999999730907951
1.000000278777557
0.9999999896976184
0.9999998553963666
0.9999999483246651
1.000000150058004
0.9999999997193254
1.0000002074869911
0.9999998120151137
1.0000001321788927
0.9999996964133151
0.9999998981767558
1.000000136644893
0.08423477721227818
1.0000001616691814
1.0000001507582987
1.0000000716910313
0.999999619937539
1.016546551389431e-05
1.000000156127342
1.0000002693562702
0.9999999571943652
0.9999999492770348
1.0000000010358843
0.9999998369536436
0.9999997336883202
0.9999998659220808
1.0000000163566494
1.0000002617456831
1.0000000801850157
0.9999998431776463
0.9999998939430687
0.9999999855387816
0.0843938131873336
0.1555840018140925
0.999999949167981
1.0000000930068915
1.0000000044697575
1.0000001237119707
0.9999998807753636
1.0000001071896467
0.9999999581192727
1.0000000515905307
0.9999999732923059
1.0000001917575634
0.9999998775821155
0.10982362925371682
1.0000000686275874
1.0000001471613347
0.25000174935407304
0.9999999001037128
0.99999978828604
0.9999997752391347
0.9999999130409746
1.000000046275248
0.10962572905062525
0.9999999169494915
0.9999998523605594
0.9999999799962443
1.0000001934358504
1.0000001989971132
1.000000118828976
0.9999997508191298
1.0000001188768084
0.9999998623833716
1.0000004621509042
1.000000058455428
1.0000001137296188
0.999999947891826
0.9999998076555067
1.0000002101168413
1.0000001645233692
5.5909785526979275e-05
0.9999998586464643
0.9999998259578167
0.9999997812348038
0.9999997698697779
1.0000000482071678
1.0000000074981577
1.0000002235066932
1.0000002908632848
0.999999971137894
0.9999998162792632
0.9999997801817012
0.9999998959621359
0.9999999421943371
1.0000000572237697
1.0000002471288154
0.9999999359236412
1.0000000646988145
0.9999995914389972
1.0000000831491729
6.967600256575779e-05
1.0000001823605589
1.0000000338292427
0.9999998558271747
0.999999662755324
1.0000001407598593
1.0000002261922476
1.0000000321479068
1.0000001060408292
0.9999998335500753
1.0000001313811688
1.0000002119464477
0.9999999804047016
0.9999997780898416
0.9999999929414505
1.0000000759837298
0.99999989060017
1.0000000829549718
0.9999996951486435
0.999999767228996
0.9999999408162354
1.0000000758295182
0.9999999177050284
0.1075995428125885
1.000000163180904
0.9999998674606871
0.9999998460752605
1.0000000618952392
1.0000000991629558
1.0000000354502012
1.0000001262194664
1.0000000104299578
0.9999999652905979
1.0000000460220773
1.000000339758639
0.9999998583965096
1.0000000058039387
0.9999999687559917
0.9999997733075534
1.0000001368494205
0.999999889032821
1.0000000012107835
0.9999998846698281
0.9999998837645485
1.0000001530581089
1.0000000467101668
0.9999999452769125
0.9999998547948133
0.9999999110947044
0.9999999662075841
1.0000000844920574
0.9999998431105771
0.9999998798859542
1.0000000875398622
1.0000000909082434
1.000000041998565
0.9999998795408719
1.0000000207234145
0.9999999004251443
0.999999857288157
0.9999999324556956
1.0000001455382153
1.0000001829927911
0.999999880943123
1.0000000236504218
0.9999996522959818
0.00010412025243173918
1.0000000790344428
1.0000001841729196
0.9999997937471361
1.0000000292804236
1.0000001759293171
0.9999998729300026
1.0000000773410143
0.9999997804759565
0.9999997848207993
0.9999999548031485
0.9999999685705696
1.0000000941971599
0.9999999855680732
2.091843614653496e-05
0.9999998793557957
1.0000000904345872
0.9999996994308012
0.9999999143957908
1.0000001369816338
1.0000001615873748
0.2500029876990648
0.9999999861594526
1.0000000021060975
0.250037089015179
1.0000000203223878
0.9999999138424845
0.9999997627179872
1.0000000210937239
0.9999999521646626
1.0000001779153544
1.0000000546910692
0.9999999260929446
0.2500008466683019
0.2500003414802054
1.0000003387917495
0.9999998731622097
0.9999998283756688
0.9999999558674433
1.0000001188433876
0.2500000659471634
1.0000001563125323
0.9999999981726675
1.0000003292495525
1.000000063720021
0.9999997344399089
1.0000000936570586
0.00019244606987951922
0.9999999200053842
0.99999980697611
0.9999999698912925
0.2500000714180609
1.00000001583401
0.9999999176893727
1.000000259879708
0.9999999405242572
0.9999999211603263
0.9999997614426246
0.9999997605730552
1.0000000524983317
0.9999997975846888
1.000000139447582
0.9999998884067136
1.000000099938872
1.0000001374697003
1.000000037719381
1.000000021624832
0.9999998853536376
1.0000001143979997
1.000000076589177
0.9999999960611787
0.9999997921487332
0.9999997351327718
1.000000074594388
0.9999999947980993
0.9999998555523447
0.9999999407393401
1.0000000326109213
0.9999999242221124
0.9999999831536251
0.9999999598123481
0.9999998793334958
0.9999999893423441
1.0000001418989812
1.0000000014331936
0.9999999386288421
1.0000002423580008
1.0000000667845204
0.9999998794368657
1.0000000530620563
1.000000004560654
0.9999998523709549
0.999999940092156
1.0000001875562106
1.000000046252254
1.0000001071658942
0.9999998681502381
1.0000001120266635
1.0000002535465482
0.999999960569756
1.0000000533759452
1.0000000456504146
0.9999997082880483
1.0000000429314215
0.9999997587022921
1.0000000396095903
0.015489236676185934
0.9999998195047769
1.0000000817157622
0.9999996669250997
0.9999999338944476
1.0000003339505628
1.0000000600314172
0.99999972565032
0.9999999717634822
0.9999999893592302
1.0000001334466004
1.0000001070866793
0.9999999886396589
1.0000001939387464
0.999999850479266
1.0000000890755876
0.9999997192912772
0.9999998621043805
0.999999968660646
0.9999999003211808
1.0000000143259387
0.9999998332263603
0.9999998780951679
0.9999999544825776
0.999999867288154
0.0019254096825187617
1.0000002413244427
1.00000007414843
1.0000000270174707
0.999999791279975
0.9999997890627352
1.0000000073523934
1.0000000825804118
1.0000001273145815
1.0000002842300935
0.9999998375329652
1.0000000368876152
1.0000000891172205
0.999999964144055
1.000000254565957
1.0000000243332747
1.0000001222259824
1.0000001319527057
0.9999997792369515
1.1096516837557052e-05
1.0000002076213657
0.9999999176010662
0.9999999440340738
1.0000000209598552
0.9999998612686357
1.0000000996139644
7.218791313582735e-05
0.9999999929984318
1.000000051083117
1.0000000436984169
1.0000003346302515
0.9999999614122163
0.9999999871170722
0.999999889878015
1.0000002271422272
1.0000000309153145
0.9999997702991114
1.000000113938089
0.9999999470168637
0.9999999129924232
1.0000000988769224
1.000000195107004
1.0000000770418784
1.0000004032800958
0.9999997599348867
0.9999999223639624
1.0000001352040215
0.9999999016933341
1.000000214053661
0.999999945246396
1.0000001287823388
0.9999999116877258
1.0000001902361324
1.000000078632804
1.0000001454429714
1.000000114756041
0.9999999265590889
0.9999998784354901
0.9999999321688284
1.0000000145069006
0.999999927938888
0.9999999790420718
0.9999998955163604
0.25003236681282487
1.0000001282415256
1.0000000229894954
0.999999805112411
0.9999998836983792
0.9999999201342844
1.0000000833851264
1.000000209417759
1.0000000692595397
0.9999998119007583
1.0000002795814171
0.9999998719667654
0.9999997697801125
0.9999998172833146
1.0000002247699145
1.0000001222698442
1.0000001178902767
0.9999998430092413
1.0000000967172473
0.9999998824302668
0.9999999600010283
1.0000000154881086
1.0000001470434423
1.0000000139721292
0.9999999914545641
1.000000047063919
4.6428795905741815e-05
4.422672213885704e-05
1.0000001684356699
1.000000112802304
0.9999998482782819
1.0000001576078543
1.0000002213864116
0.9999999474910573
0.9999998436265974
1.000000046378768
1.0000000221092578
0.9999999707467961
1.0000001290075298
1.000000191688194
1.000000325280597
0.9999998750441118
0.9999998415883417
1.0000000468932768
0.9999996730514106
0.9999999629377817
0.9999999704057247
0.9999998265622849
0.9999999480111867
0.9999998295013405
1.0000000235487898
0.9999998910356321
1.0000001119824682
0.9999999144359666
0.9999999097541192
0.9999999716001382
1.0000000777234737
0.9999997246809719
0.9999999523619959
0.9999999060558928
0.9999998643752853
0.9999999148607484
1.0000001574138357
1.0000001735208905
0.9999999819836206
1.0000002642944372
1.0000000735168806
1.00000015879937
1.0000001158183778
0.9999999483487263
1.000000004563387
0.25000013599656495
1.0000001788739512
0.9999999840464074
1.0000001191657546
0.9999998569070601
0.9999998715984358
0.9999997781621678
1.0000001776684817
0.9999999756025214
0.2501329110184319
1.0000001483762635
0.9999999318886037
0.9999999959739363
1.0000000197361127
1.0000001390088253
1.0000002180212646
0.9999999787205306
1.00000006460935
1.0000003896984844
1.000000120052607
0.9999998857029796
0.9999998500615391
1.000000045433723
0.9999998275659622
0.9999999731670586
0.9999998904822921
0.9999999292499101
1.0000001822345082
0.23853321181814463
1.0000000259127824
0.9999998588603553
1.0000001726692784
0.999999950200692
1.0000001176232605
0.9999998283294793
0.999999739668714
1.0000001567143388
0.999999944508342
0.9999998878723999
0.25002228932555787
0.9999999102103312
1.0000001152018643
0.9999998106877591
0.9999998205912122
1.0000000362565122
1.000000252219711
0.9999999415216974
0.2500201469852942
0.9999999213207202
1.0000000375775104
1.00000012362582
0.9999999305170769
1.000000001123854
0.9999999465137615
1.0000000712372112
1.0000000417068051
1.0000001209430893
1.0000000909961935
0.9999999962249697
1.0000001472963653
0.9999999419839505
0.9999999077743914
1.000000000179404
0.9999997974371511
0.9999996431020556
0.9999998961812202
0.9999998648478702
1.0000001443610722
1.0000000436906173
1.0000002381969653
1.0000001100878442
1.0000000308350263
0.9999998662403367
1.0000002671192951
0.0020780442419862286
1.00000012938208
1.000000157947778
0.9999998231937088
0.9999996731803981
0.9999998726199403
0.9999999054452187
0.2500019843816891
1.0000002279844493
0.9999999480362325
1.0000000131486146
1.0000002224740423
0.9999998788901548
1.000000026173905
0.9999997772274085
1.0000001790474653
1.0000002391001974
1.0000002773908985
1.0000000854254778
0.9999998575924611
1.0000000532297195
0.9999999144320633
0.10959636329163427
0.1062065579645019
1.0000000840607877
0.9999998607309457
0.9999999133928786
0.999999708675115
1.0000000919577867
0.9999998434417244
1.0000000275840606
0.9999998800228682
1.0000000008818017
1.0000001419807523
0.9999999048420454
0.2057622559970352
1.0000002804154062
0.9999998641386207
0.9999999227402842
0.9999998782191774
1.0000000144704302
1.0000000012475536
0.9999998181829475
1.0000001255428828
0.9999997314294291
1.0000001418245839
0.9999996865950885
1.0000001035355872
0.9999997481916402
0.9999999410095546
0.9999999751376271
1.000000102755504
1.0583470090493564e-05
0.9999998795389112
1.0000001030247034
1.000000090391184
1.0000002828607415
0.9999999518581731
0.9999998945710479
1.0000000262094402
0.9999998278059242
0.9999999978125071
0.9999998962603862
1.0000001190637207
0.999999983906641
0.9999999323537703
0.9999999970501832
0.9999998634193719
0.9999998537141384
1.0000002743047738
0.9999999495581946
0.25001311735826903
0.9999997235389737
0.9999999366824289
0.9999998843302109
0.9999999508288796
1.0000002717861276
0.9999999191279433
1.0000002379783108
0.9999999079463823
0.9999999889809312
0.9999999982912966
0.002127124989935918
1.00000017269166
0.9999999750069622
0.999999741708371
1.0000000756209002
0.11014234425392973
0.25004382579642676
1.0000000582071404
0.9999998983039146
1.0000000380378182
1.0000003094735685
4.7585980965868295e-05
1.0000001572655535
0.9999998318134551
0.9999998598075859
0.999999949084398
1.00000000533438
1.0000000709116743
0.9999999421876067
1.00000011096275
1.0000001236222247
0.9999998467379053
0.25000455646063846
1.0000001030158523
0.9999996372311288
0.15802566626976433
0.9999998996337877
5.181880256455633e-05
0.999999691194919
1.0000000273632021
1.0000000648967997
1.0000001149918039
0.25005895539059314
1.0000001529389206
0.9999999020379595
1.000000135586715
1.0000000201636183
1.0000001234030285
0.9999997837948714
1.0000001054341576
1.0000002287947927
1.0000000104949027
1.0000002143181987
1.0000000622439709
1.0000001537693517
1.000000406167754
0.9999998267963377
1.0000001161044045
1.0000000090762136
0.9999999373789007
1.0000002001755195
1.0000004300826957
1.000000249339554
1.00000008248296
0.9999999287727949
1.000000197299864
1.0000000914198026
1.0000001896693738
0.9999999692288415
0.999999948477299
0.9999997024126611
1.0000001113284207
0.9999999806971848
0.9999998362185787
0.9999995968652706
0.9999998975941558
1.000000107202703
2.5439535187059632e-05
0.9999998587855082
1.0000002571594964
1.0000001213003602
1.000000159284964
3.74029198655742e-05
0.9999999560874855
0.9999998367943148
0.9999999344887047
1.0000000936989992
0.08412285878710796
0.9999999260138601
1.0000000110065494
0.9999999749372478
0.9999999949502296
0.999999795621747
1.0000000874753379
1.0000002709477787
1.0000001877582236
0.9999997308258964
1.000000092589341
0.999999863682487
0.9999998137890078
0.9999998452581502
0.9999998864191112
0.9999997760842528
1.0000000499600008
1.00000000178275
0.999999875907864
0.9999997608139332
0.9999999703265423
1.000000240970125
3.363810415390083e-06
1.0000001901119033
0.9999999741148942
0.9999998305179992
1.0000001656530502
1.0000000704762333
0.9999998455724517
1.0000000746219535
1.0000003372560768
1.000000137269473
1.000000018843998
0.9999999346479225
1.00000005554592
0.9999999573075993
1.000000027542627
0.9999999130848128
0.25000834408906547
1.0000000516808483
0.9999998298153695
1.0000001844403839
0.9999999060558884
1.0000000746422772
1.0000002594678943
0.9999999581403878
1.0000001490962738
1.0000000103854116
1.000000166232607
1.0000003122519594
0.9999998977654809
1.000000172860326
1.0000000676666694
0.9999998564632147
0.2500017774760472
1.0000001434096084
0.999999701993171
0.9999999584343513
0.9999998279284567
0.9999999475615051
0.031158714642115944
0.9999998403586422
1.0000001016447086
0.999999970583854
0.9999999564487112
1.0000001209795477
0.9999998997130538
1.0000000300115397
0.9999999685580112
0.9999999614626346
0.9999998009104619
1.0000000208336117
1.0000002027900257
1.0000000014513941
1.0000000505757705
0.9999999755450687
1.000000257852746
1.0000000780063265
0.999999836777677
1.0000000804891302
0.9999998949111278
0.9999997161590645
1.0000000451649607
0.9999999641163594
0.9999997669024114
0.9999998629961622
0.10889442955838644
1.0000001644237044
1.0000000312828454
1.0000001548794424
1.000000053077214
0.9999999324234856
1.0000004593849048
1.0000002715913998
0.9999998021713554
0.9999999087051964
1.0000000395507254
0.9999997429022932
0.9999998702739206
0.999999916198643
0.9999999307651527
0.9999999549888451
1.0000001050596676
1.000000036042002
0.9999999143154824
0.9999999015549212
1.0000001214234369
0.9999999872502499
1.0000000063668377
1.0000001860824568
0.9999999978572198
1.0000000217383749
1.0000001595984325
0.9999999627519135
0.9999999868192508
0.2060457190579841
0.9999997373571553
1.0000000244730292
0.9999998833301594
1.0000000800564817
1.0000000744347028
0.9999998711791044
0.9999998490606802
0.9999999495686664
1.0000000374545035
1.000000189512423
0.25009672363205226
1.000000077155985
0.9999999396915338
1.0000000354902812
1.000000025360493
1.000000230012271
1.000000197513324
0.9999998445781759
0.9999996944724971
1.0000002165881139
0.9999998401473695
0.9999999388051877
0.9999999572818581
2.0344311432302036e-05
1.0000001631105753
1.0000002025675658
0.25004227180997096
1.0000001651023076
0.9999999406885833
1.0000002314644738
1.0000002146576499
0.9999998721062023
1.0000002322505848
0.9999999840707473
1.0000001474342648
1.000000156937479
0.9999999235257703
1.0000000774270965
0.9999997899357796
1.0000000931364554
0.23847806377208142
1.0000000980284776
0.9999998634588991
1.0000001533910199
1.0000001462506063
1.0000000625603942
0.9999998726640241
0.9999997572560827
1.0000001008927548
0.10464181066931078
1.0000003849224741
0.9999999502413013
0.9999999165060576
1.0000000456301406
0.9999998805362935
1.0000003276867926
0.9999999549025739
1.0000000561329414
1.000000045998533
0.9999999241155996
1.0000002412123394
0.9999999260370134
1.0000001156737481
1.000000313211146
0.9999999768241438
0.9999998443552961
1.0000001997221368
1.0000000592842175
1.0000001393595634
0.99999983985864
1.0000000616419826
1.000000302840874
0.250113091326614
1.0000000246821925
1.000000084270448
1.0000002050720156
1.0000003259930148
1.000000299253702
0.9999997515810272
0.9999999776715548
0.9999999330157028
1.0000002033524111
0.9999998377706337
0.9999998482047945
0.9999999913300024
0.9999999207890555
0.9999999664057998
1.000000016779961
0.9999996970902642
0.9999999846624085
0.9999998844573941
1.0000001135193146
0.9999999031456973
0.999999911968925
0.9999999542263428
0.9999999286524311
0.9999999593278082
1.000000130679182
0.9999998168600268
0.9999999930252943
1.2659139440666813e-05
1.0000001728493673
0.9999997332861561
0.9999998342920335
0.9999999839250117
0.9999999947518903
1.0000000077938465
1.0000001116176747
1.0000001306314654
1.000000078109957
1.0000000703753171
0.9999998884733685
1.0000002423537961
1.0000001704269323
1.000000029496883
1.0000001749368272
1.0000000083278504
1.0000000381341967
1.0000000298506022
0.9999997402657894
1.000000098910953
1.0000001732068666
1.0000001552029116
1.000000197098966
0.9999998668013603
0.9999998854627943
1.0000000896816392
0.9999999656507713
3.183079831503866e-06
0.9999999426358365
1.0000001112183057
0.9999996926971767
0.9999999414906757
1.0000001464228094
1.000000068609782
1.0000000908086586
0.9999998815424289
1.0000001374603082
0.9999998737787348
0.999999853345442
0.9999999020216088
0.999999865181009
0.9999998809376367
0.9999999873094052
0.9999999808806362
0.25001197057435426
0.9999998765806084
0.9999996779052254
0.9999999464072722
1.0000000071936528
0.9999998762758315
0.9999999245763723
1.0000002062510087
1.0000001729346226
1.0000001894872383
1.0000000786346945
0.9999996765028332
1.0000001473024929
1.0000001376692131
1.000000011240333
1.000000033036714
0.9999997719565347
0.9999998641391772
1.0000000545087226
0.9999999148178886
1.0000001729456316
1.0000002752991903
0.9999998298993292
1.798368628892331e-05
1.0000000168906027
0.9999998952407322
0.9999999724837227
0.9999999568791611
0.9999999244274228
1.0000001073630662
1.0000001899814281
1.000000049088684
0.999999907626027
1.0000000769027604
1.0000000364604837
0.9999998876472835
0.9999998133831289
0.9999999183641509
1.0000000755256577
1.0000003181819666
1.0000001702829315
0.999999939381985
0.9999997762568819
0.9999998531499213
0.9999998745404434
1.0000001049301739
0.9999999572395659
0.9999998847617262
1.0000000675355072
1.0000003338994312
0.9999998254496153
0.9999997484811736
0.9999999004115108
1.0000000059867684
1.0000000659179504
0.999999940112285
0.9999996647407273
1.0000000226936556
1.0000000480984739
0.9999998107325295
0.9999999779911831
1.0000000876359085
1.682831216118186e-05
0.9999998013028225
0.2501007256092717
0.9999998789032517
0.9999999318160082
0.9999998824959381
0.9999997471999515
1.0000000928971025
1.000000022011035
0.9999999322337494
1.0000000869119916
0.9999999744088975
0.9999999588304047
0.9999998529883679
1.0000001207411824
0.9999999682480425
1.0000000515753003
0.9999999813565129
1.0000000049758277
0.9999997125204441
0.9999999719929848
1.0000000815746757
0.9999999676919715
0.999999934404707
1.0000000405899079
0.9999998693147341
1.0000002042721807
0.25001398996097424
1.000000193628797
0.9999997830350702
1.0000001740048559
1.0000001225527304
0.9999999390820784
0.9999997612171976
0.9999998718272919
1.0000001737478006
1.0000000809322536
0.9999999562482649
1.0000004646379936
0.9999998708063267
1.000000101683029
0.999999922679884
0.9999999980013912
1.0000000454274134
1.000000033492064
1.0000001987908433
0.999999713179973
1.0000001724617003
1.0000001290352818
1.0000000260492403
0.9999999296212349
1.000000072281476
0.9999999376727379
1.0000001642958654
0.999999952839998
0.9999999107406683
1.000000095667342
1.0000000722320803
1.0000000232114135
0.9999999850211668
1.0000000178569284
1.0000000947604937
0.9999999402172324
0.9999999424482028
0.9999998853010024
0.9999997920420868
1.0000000892956786
0.9999998969106283
1.000000031845144
0.9999998489754695
0.999999952101904
1.0000001762986483
1.0000002933011098
1.0000001646250893
0.9999998222216328
1.0000000421006527
0.9999998898016161
0.9999998615358087
0.9999997735523386
0.9999998401002581
1.000000153295788
0.9999997445421013
0.999999954529159
1.0000002702417734
1.0000002056929937
1.0000002982709741
1.0000000784469225
0.9999998780776257
1.0000000312425874
1.509989898688082e-05
0.9999998327876581
1.0000000151249622
0.9999999741690879
0.9999996922470192
0.9999999662788487
1.0000002779141892
1.0000000771205444
1.0000000074025182
1.0000002465706395
0.9999998860327274
0.9999998907385813
0.9999999083699697
0.25000457308038754
1.0000000489800185
1.0000000674829168
0.9999998318104244
1.000000229938765
1.000000217470549
0.15713023542475424
1.0000002983243323
1.0000002079933197
0.9999999061057459
5.175170542141039e-06
0.9999998686835744
0.9999999718060044
0.9999999830125749
0.9999996920372822
1.0000001045908866
0.25000900804154064
1.0000001541832206
0.9999999841527533
1.0000000331188728
1.0000001854880207
0.9999999058342253
1.0000000667933169
1.0000000212178983
1.0000000909681825
1.3907465097821246e-05
1.0000002395019687
0.9999998155263109
0.06064492864490089
1.0000002013290108
0.9999999266155388
0.9999997312075525
0.9999998106064633
1.0000001145543373
1.000000053074501
1.000000311066476
0.9999996900045478
1.0000000181364168
1.0000001556724551
1.0000003357853189
1.0000000320555318
0.9999999617400191
0.9999999157806916
1.0000003182607005
0.9999999442033428
1.0000002646224846
1.0000000351397451
4.12603033886767e-05
0.9999999842288646
0.9999996920468053
1.0000002073100793
1.0000001135629775
0.9999997289393413
1.0000003579323073
1.0000003148763743
0.9999998325802818
0.999999910227968
0.9999999366491633
1.0000000067294428
1.0000000521052732
1.000000100628317
1.0000000132310558
1.0000000769781738
1.0000001940183005
0.9999997766601729
0.9999997939878511
0.9999999540552414
0.9999998466096381
0.9999999116904628
0.9999999463438287
0.9999999774293337
1.0000000363250996
0.9999998432339127
0.9999996960389335
0.9999998622513412
1.0000000785978649
0.9999999935326442
0.9999998789394685
1.0000004286352613
1.0000000273629948
1.0000000014392398
1.0000001094840683
0.9999997944930249
1.0000002100478498
0.9999996849805127
0.007900250143949114
0.9999999519515989
0.9999999744343177
1.0000001477058327
0.2500069444753802
1.0000000473832091
0.9999998435540228
0.9999997692790579
1.000000004122846
1.0000001462875279
0.9999997723281698
1.000000046649618
3.1053946052881985e-05
0.9999998881552199
0.9999999758282928
0.9999997222082713
0.99999995280251
1.0000000086700718
1.0000000409429144
1.0000000244706972
1.000000072692349
0.9999998245291587
1.0000001859407541
1.0000000558736586
0.9999999846835107
0.9999998284646872
0.9999999193933172
0.9999999441672903
1.000000093026856
0.9999998006292332
1.0000001239172482
0.9999997326964097
0.9999998387019032
1.0000000168413523
0.9999999923210385
1.0000000687936905
1.0000001838798842
0.9999999768653439
1.0000000524281016
0.9999998282995539
1.0000000003581135
1.000000214095496
1.0000000774143742
1.0000001308644724
0.9999997169339372
0.9999998996291038
1.000000019107607
1.0000002873942309
1.0000001819683975
1.0000000471178208
1.0000000989894182
1.000000225880654
0.999999936858932
0.250000082730884
0.9999999000059429
0.9999999251829034
0.9999998199998453
1.0000000267823765
0.9999998998904266
1.0000000669769886
0.9999999482386916
1.000000081305948
1.0000000725809546
0.9999998129767399
0.9999998023181034
1.0000002076405405
0.9999998143166269
1.8655369413420887e-05
0.9999999769386593
1.0000000665859032
1.0000003246885372
0.9999999016380032
0.999999926053742
0.9999999329336198
0.999999930496401
1.0000002636959118
0.9999998560663282
0.9999998472866026
0.9999997941977384
0.9999999054747577
1.0000002351936712
0.9999998878773817
1.0000002184808667
0.9999999679679503
1.0000001698451677
1.0000003724018027
1.000000043736231
1.0000001421665876
1.0000000323551987
0.9999999847225226
0.9999999995990096
1.0000001373859633
1.0000002527238188
0.9999999001666642
1.000000151821931
0.9999999483142992
1.0000001682004536
0.9999999584868577
2.387512998663257e-05
0.9999999238365972
1.0000000155512585
1.0000001019775735
1.0000002209081849
1.0000001725564172
0.9999999593541031
0.9999998062987621
0.999999785560695
0.9999998226834027
0.999999872293977
1.0000002176629528
0.9999998774504888
0.9999999080692367
1.0000003347991933
1.0000001527018942
0.9999999413037179
1.0000001168572876
1.0000002977217775
1.000000012652952
1.0000000973991894
0.9999997487663015
0.9999998338760216
0.9999999135105578
0.9999997592017434
1.000000017248123
1.0000002760861926
1.0000002033467006
1.0000002398929644
0.9999998032702456
1.0000000198769725
1.0000001329294297
1.0000000033234109
1.0000002995825394
1.0000000319570541
0.001996328530491291
0.9999996735306049
0.9999999532186338
0.2500000992902742
0.9999999781004366
0.9999997953125981
1.0000001977734945
0.9999999088066599
0.9999998817690517
0.25002404134787753
1.0000001863017631
1.0000001007050423
0.9999999915922171
0.9999999458221843
1.000000076685067
0.9999998346257726
1.0000000944841818
0.9999998353152334
0.9999998822693076
0.999999986711305
1.3393001590205778e-05
1.0000000944485343
0.999999988232916
1.0000001722834775
1.0000000779005658
1.0000001288515203
1.0000001389765014
1.0000000901704869
0.9999999625225019
0.9999997930564408
0.9999999305728154
1.0000000333770782
0.2500011275917286
0.2500018486703364
0.9999998921915025
0.10828457368215318
1.0000000334076187
0.9999998740626856
1.0000000737153574
1.0000000491129966
0.25011394988541064
0.9999998609085137
0.9999998571240292
0.999999976611618
1.0000000955292836
1.0000000804493439
1.000000017845362
1.0000001196609056
1.0000001760002213
0.9999999957316312
1.0000000254247106
0.2500136844629128
0.9999997010362321
0.9999998756159417
0.9999999730248026
0.9999999231749256
1.000000099007696
0.9999999106970356
0.9999997802969275
1.0000002080500223
0.9999996963850504
1.000000337811115
0.9999997961129614
0.9999999335682774
1.000000062771778
1.0000000002125482
1.0000002160657824
1.000000003160407
0.9999999536684995
0.999999732908574
1.0000000334058055
0.9999997848102178
0.9999999943927245
0.9999997316921989
0.999999965616695
1.0000001288067322
1.0000001013214037
1.0000002397123697
1.0000001048575857
1.0000000204333261
0.9999999948325089
1.000000029230746
0.9999997336838431
1.0000001639796827
0.9999998118657767
0.999999848855773
0.9999999310651012
0.9999999241623759
0.9999996733926442
1.0000000871398582
0.030099709139685345
1.0000000384760512
1.000000188775445
1.000000059927752
1.000000054769994
0.9999998604835736
0.9999998928862188
1.0000000463107672
1.0000000001289626
1.0000004278109875
1.0000001287100562
0.9999999617726011
0.9999999748373783
0.9999998303237368
1.0000000559256486
1.0000003324996034
1.000000167747845
1.0000001791529352
1.0000000803195042
0.9999997702646065
0.9999999090080499
0.9999997861344784
1.0000003232783503
0.9999998228614667
1.0000001309202593
0.9999998137612425
1.0000002417962293
1.0000000765666985
1.0000000580986521
0.9999997898209653
1.000000059724444
0.9999999711428513
0.9999999646084402
0.9999999970916713
0.25011546812355906
0.9999998536699193
0.9999999126746354
0.9999998368991252
0.9999997495401317
0.999999931854682
1.0000000173025967
1.0000001270864112
0.9999998206725511
0.9999997443662937
1.000000018133056
0.9999999866358185
1.0000000566722709
1.000000041987954
1.00000011385801
1.000000063832464
1.0000000136031573
1.0000001320494292
1.0000000466666368
1.000000068786836
0.9999998559888051
1.0000002421950573
1.0000000260123547
0.9999999463931357
1.00000027959027
1.0000000310916637
0.9999998941512641
1.0000000179133672
1.00000016424022
1.0000000915299811
1.0000002323460098
1.0000000026522402
0.03037850956719432
0.9999999497612
0.9999999519324648
1.0000000330244438
0.9999997221980721
0.9999999860759323
1.000000000036943
0.9999999015023442
1.0000000482739464
1.000000170022149
0.999999979284654
0.999999978373813
1.0000001669751153
1.0000002358683695
0.9999998245684333
0.9999998514457937
0.9999999903429109
0.9999997818169465
1.0000002619346609
0.9999997978159008
1.000000123860833
1.000000168743325
1.0000001039231972
0.999999825463422
1.000000075624111
1.0000004020893938
1.0000002210430636
0.99999997130593
0.9999999615401175
1.000000018888314
0.9999998776889343
0.9999999965789981
1.000000210011427
1.0000001352353902
0.9999996337178183
0.2500377945180727
1.000000067256374
1.0000001541103598
1.0000002723471892
1.000000181256673
1.0000000474839663
0.9999998364271354
0.9999998982231973
0.999999826263765
1.0000002056581065
0.9999998988646815
1.000000037146798
1.0000000646949643
0.9999997629808183
0.9999998418957108
0.9999999207017831
1.0000000629373638
1.0000001013584803
1.0000001099867646
0.9999998922518207
1.000000135570185
0.9999997960007176
1.0000001258372255
1.0000001126692424
0.9999998805120007
1.0000001018848845
1.0000000982909005
1.0000000202896882
0.9999998773174696
1.000000064971703
1.0000001187447558
0.9999999500114984
0.9999999636299978
1.0000001602262916
0.0022317958778259985
0.9999999900325103
1.0000001682396702
0.9999998747190219
0.9999998246416416
3.2735764810186114e-05
1.000000086760359
1.0000001017512554
1.0000001137701637
1.0000000422556514
1.0000001936424052
1.000000155543631
0.11782355443649807
1.0000000010088876
1.0000000556323025
1.0000001019828346
1.0000001140287995
1.000000074001353
0.9999997538042242
0.999999876078269
1.000000127254467
1.0000001590503889
1.0000002133779524
0.9999997651843935
1.0000001132593526
1.00000014717022
0.9999997231239898
0.9999997982108093
0.9999997905573991
1.000000021639088
0.9999998141013708
0.9999997243122075
0.9999998546764028
1.0000001359153503
0.999999987300707
0.9999998359734646
0.9999997702785276
0.999999726757256
0.9999998902311295
0.9999999038702326
1.000000018966646
1.000000074414206
1.0000001637523428
1.000000193729937
0.9999997672668519
0.9999998959422933
0.999999912262651
1.000000063900578
0.9999999959071286
1.0000001128608873
0.25004323736280293
1.000000259903512
1.000000218733331
0.9999998402836884
1.0000003898814824
0.9999997515867404
1.0000001905365388
1.0000001269640966
0.9999999269090527
1.0000000620409262
0.9999997115194273
1.0000000058946492
0.99999999459784
0.9999999042825675
0.9999999233713864
0.9999999899429701
1.000000288709483
1.0000000351689613
1.0000000251384586
0.9999997309451832
0.999999879106633
1.0000000002483955
1.0000004277217163
1.000000150274815
0.9999999456301837
1.0000001965341758
0.9999998889384969
1.00000025651191
1.000000079211209
0.9999998033416774
0.9999999437944281
0.9999998998891676
1.0000001236694616
1.0000000556627666
1.000000009589174
1.0000003633808852
1.0000002298999098
0.9999997498403356
1.0000000909445161
0.9999999794561659
1.0000002019519791
0.9999999105424133
1.000000179543696
1.0000000449005206
1.0000001590820968
1.000000138369456
1.0000000890121872
0.9999997730192107
0.9999998609416498
1.0000000096928536
0.9999997717648675
1.0000000979693693
0.9999999176244755
1.0000001826304064
0.9999998759272569
0.9999997515423557
0.9999999824042748
0.11375132175174715
0.9999997226894407
0.9999998727924848
1.0000000128222717
0.9999997527306927
0.9999997365971813
1.0000001909386473
1.00000005031094
1.0000001293035747
1.0000000295090168
1.0000000681222951
1.0000000888149
0.9999999593864846
1.0000001858544152
1.0000001856925211
1.0000003202202656
0.999999920569163
0.9999999617000607
0.9999999568814195
0.999999922865796
0.9999997121140697
1.0000001722649017
0.9999998785830057
1.0000003326348457
0.999999992615012
1.0000001012606
0.9999997860178674
0.9999998260644536
1.000000310837782
1.000000004448426
1.00000009928712
0.9999996887610083
0.9999999010690455
0.9999998560093123
0.9999996627581043
0.9999998867789733
0.9999998539149733
1.0000001227294069
0.9999998854049041
1.0000000364848638
1.0000001549190294
1.000000057992255
0.9999998747906552
0.9999997484816674
0.20480766914305645
0.9999999075824889
0.9999999371097498
0.0686859145720564
0.999999893713298
1.0000000254247798
1.0000001123656665
0.9999997808025198
0.9999999218114621
1.0000001367519344
0.999999881622117
0.9999996104764526
0.9999999726042297
1.0000002087525506
2.0696595755666395e-06
1.000000076800738
1.0000001369397304
0.9999999771640818
1.0000000393565553
0.9999999513189738
0.9999999654530111
1.0000002431425494
0.9999998203544188
0.9999999975764324
1.0000001098104039
0.9999999997657927
1.000000054416377
0.999999995798154
0.9999999503747208
0.9999998525094115
0.25000046643908463
1.0000000388145396
1.00000003258352
1.0000001316229898
0.9999998585681998
1.0000000724573606
0.9999998568321853
1.00000004026847
0.2501808749407984
1.0000000049442779
0.99999995022706
1.0000001880883902
1.0000001139215071
0.999999854171812
0.2503007413339159
6.537017989214166e-06
0.9999997674794441
0.9999999154704149
1.0000000147528336
0.9999999610555285
1.000000127919658
0.9999997382291188
0.9999998045234657
0.9999999967093764
1.000000126909772
1.000000044446184
0.0112387748054149
0.9999999645103713
1.000000203183593
0.9999999072973093
0.9999998311774703
1.0000000926294867
1.000000379235273
0.9999999682950993
0.999999888870057
0.9999999066784961
1.0000000912964124
1.000000008948831
1.0000001339839955
0.9999999371250944
1.0000000507951359
0.9999998803222765
1.0000002089863516
0.9999999561765609
0.9999999113210374
1.0000000665838675
1.0000001381129178
0.999999835913331
0.9999999731097811
1.0000000041828896
0.9999996093117685
0.9999999102350572
1.0000002472859777
1.0000001481236909
0.9999997108808116
0.9999999554158503
1.0000002288581864
1.000000207978344
1.0000002732287214
1.0000000606979054
0.9999998073003478
1.0000002486343424
1.0000000470720063
0.9999999113438982
0.20584560934991653
0.9999998699208754
1.000000054929073
0.9999997531858421
1.0000001547390005
0.9999997733754378
1.0000000378148965
1.0000002707764943
0.9999999211216666
1.0000000771623234
0.9999998721638051
0.9999999938708182
0.23616869715911293
1.0000000404775888
0.9999998673235859
1.0000001757282357
1.0000000043745239
1.0000002472045912
1.0000001293573553
0.9999999079266871
0.9999998266184029
1.0000001198067974
0.9999998015265416
1.0000001352810408
1.0000001310418474
0.9999999448237399
1.0000000257802697
0.999999974628755
0.9999998989617845
0.9999998295655975
1.0000000022940934
0.999999896269911
1.0000000791246693
0.999999970541618
7.174038086568066e-05
0.9999999533733078
1.000000034108487
0.9999999993559812
1.000000224016093
0.9999999912362103
1.0000000174914065
1.00000025926346
1.0000000579534616
0.9999999308092665
0.9999999666228917
1.0000000969235596
0.999999762169064
0.9999997350326579
0.9999998905478985
1.0000000039922026
1.0000000891734222
0.9999998218380989
0.9999999741425498
0.9999999819936684
0.9999999323548492
1.0000001275956012
0.9999998553814419
0.9999998617458027
1.0000002119979714
0.999999626339068
0.9999997643914932
0.9999998497563357
1.0000000064908559
1.0000000854454303
0.9999998787321499
2.1565281318859773e-05
0.9999999758589532
1.0000002162663792
1.0000000499519233
0.999999913485435
0.9999998230410226
0.999999983972791
0.9999997272432051
0.9999998027978771
1.0000002401845027
0.21028532065726352
0.9999999209380384
1.000000204119991
1.0000002346966652
1.000000024154182
1.000000247022743
1.0000000566525697
1.0000001057488117
0.2500770198970577
1.0000000062376984
0.9999999917375249
0.9999996384496337
1.0000001892567218
0.9999999289677642
1.000000218855278
0.9999998761114507
0.9999998687732145
0.08267813039911107
0.9999999754014698
0.9999998984774209
1.0000000682295422
0.2500001952040599
0.9999999784397376
0.9999999759574397
1.0000001924011888
0.9999998151085921
0.999999978036424
0.9999998829830438
0.23816083036771013
1.0000002311757186
0.25000598891756337
0.9999997195374927
1.0000001549404514
0.9999998967882082
1.0000000333235868
1.000000045019966
1.0000000085969178
1.0000001281579585
0.9999999598222804
1.0000001790739237
0.9999998068837583
0.9999999411274016
1.0000001836170829
1.000000168559935
1.0000002801412062
0.9999999813771895
1.000000045410777
0.9999999008310234
1.0000001790824267
0.9999998451506318
1.000000084175098
0.9999998530883064
0.9999998988616235
1.0000001303909525
0.9999999451360794
0.9999999769183595
0.9999999889187943
0.9999998059903962
0.9999997530897949
0.9999997721699686
1.0000000890978817
0.9999998133553842
1.0000003907026827
1.000000096559801
0.9999999843097519
0.9999999973089047
0.9999997169821211
0.9999998023829508
1.0000002301621436
1.000000086762988
0.9999999613554432
0.9999999642351417
1.000000224442388
0.9999999040521893
0.999999716024156
0.9999996439376108
0.9999999851889974
1.0000001145869348
0.9999999375341112
1.000000024281228
0.2500120448148583
1.0000001283517352
0.999999908053132
0.1069459037148373
0.9999998751200566
1.0000000383668843
0.9999996956301812
0.99999993130668
1.000000043063856
