1.7410405101836703e-05
2.577763224260047e-05
0.0
2.3754783463723476e-06
0.00821883102399584
0.0
6.13695503833222e-06
0.21226305425706612
2.1010613152535274e-07
0.0
0.0
0.0
0.0
5.363562674012236e-06
8.157132297496366e-06
1.8489379212227288e-06
0.0
0.0
9.361720729957019e-06
7.367580327653687e-06
4.90437565203602e-06
3.038007896893156e-06
0.0
1.4129771227484991e-05
7.2223188348549195e-06
4.173991159917135e-05
1.4390219860227847e-05
0.0
0.0
1.7631115585324437e-06
0.0
1.885738185783823e-06
1.084845864812225e-12
2.223773910680696e-06
3.262148884870458e-08
2.0032983530710015e-06
1.941234510112039e-06
0.0
2.140527966658583e-06
8.05630053021521e-06
2.481941693404029e-06
0.0
3.5579434950683045e-06
9.258126148635537e-07
4.436842881444473e-06
0.0
2.8956634557902076e-07
3.827204807842361e-06
8.26522666154834e-05
0.0
5.434077949558764e-07
1.618796358249869e-05
4.646994144420797e-06
1.4552062111710358e-05
0.0
2.3288696271927325e-10
3.52465285457955e-05
0.9736985365615903
7.104545118353364e-06
9.802548759255926e-07
2.4697625325548024e-06
0.0
2.692099849620141e-06
1.3244519867969373e-05
0.0
1.4533112766471337e-07
4.580510401402067e-07
2.316841615083372e-07
5.4520183044247125e-06
5.373992678948005e-06
4.2546953245331036e-06
1.0464775728611197e-08
8.658291943072802e-06
4.732123491111018e-06
4.521488539305782e-06
5.7751493148180994e-12
4.1134199509277193e-07
7.925295831063212e-06
7.768164335100057e-06
9.006776824245824e-06
0.0
2.1820475630191843e-06
1.6791041757891725e-06
6.81042778774736e-07
7.676557954805302e-08
3.595746264167045e-05
1.887999295999326e-05
3.508926877098854e-06
1.2143322589330005e-06
1.0325630844616066e-05
0.0
7.92308314342815e-06
6.058620218373825e-07
2.6326821849618232e-06
0.0
2.908244311400632e-06
6.4537721329287116e-06
1.6778740776531256e-05
1.0927102432830209e-05
2.383565900778812e-06
1.4776292306832708e-06
1.666745593036504e-06
9.449968816083683e-06
3.7650398147441245e-05
3.136482817265285e-05
6.1714960079184985e-06
0.0
1.4483949486550911e-06
8.358215063873323e-07
1.5951634469935293e-05
1.7573598780619454e-05
2.1536402333379307e-06
1.0050347586974567e-05
2.4487725643166755e-05
8.683393072679509e-07
1.0927974143907275e-06
9.111567062928275e-07
0.0
3.2982448654322206e-06
5.225533572291872e-06
3.137884746247132e-06
1.4229432618465708e-06
1.2652908436535598e-05
2.5424341726032877e-05
1.1105175048263292e-05
0.0044384890454137555
0.0
1.8235462444005145e-05
2.9159117365102405e-06
3.82716769890416e-07
1.3848950615203616e-06
1.6804264335948106e-06
1.4202414985472027e-05
5.820014463507701e-06
0.0002344268151735704
5.036719081533502e-07
9.088912546956594e-07
1.4067491498250066e-06
0.0
1.0453114400296312e-05
0.0
6.8257125009409695e-06
1.6590427270867103e-06
3.504147351890303e-06
0.0
2.6926408367608314e-06
2.5023819517714983e-08
2.188144829003346e-06
6.302160123930262e-07
0.0
9.512749206041429e-06
6.237949257277664e-07
2.0026182522234225e-06
8.554209986010167e-07
0.0
0.0
0.0
6.871994954435756e-06
1.8875940699225473e-06
4.3939190394078996e-05
4.253180483100375e-06
0.0
1.4031912617614355e-06
1.6501954253708788e-06
0.0
3.981463639030839e-06
3.5969831208715505e-05
1.7561099898390983e-06
2.287320954817462e-05
2.0745321430333136e-11
2.339960239727668e-05
5.507504292897387e-07
1.3702324681911684e-05
5.319886372348344e-06
0.9738576387677292
4.489789711057338e-05
9.521351870864905e-07
1.4022675770621128e-06
2.619990606339699e-06
5.112742431368079e-07
1.4978417660445876e-06
2.900379823583307e-08
4.2460687904877906e-06
1.7492125174934848e-05
4.69371056878505e-06
2.4257072585216305e-05
6.9211868200186076e-06
2.9920488553621318e-06
1.4457435548459127e-06
6.838737613578401e-06
4.7163029872463884e-11
1.2153489516812627e-07
1.8682101148689395e-05
4.0748509205616925e-06
0.0
4.430206510072105e-06
3.5486957290398348e-06
6.780475722459292e-06
0.0
0.0
1.3566398088362476e-05
2.275062130215379e-06
6.907124639894356e-06
2.646742270366362e-05
2.5947286537518523e-06
4.134134603871905e-07
2.573871733659801e-05
2.199950556293789e-05
3.330360564719535e-08
0.0
0.0
4.40622948744083e-06
5.00316872828783e-06
3.1661008850013495e-06
1.0971325873232108e-05
5.66848480392408e-06
2.3332752492788408e-06
8.313868432838522e-05
1.52797412510395e-05
0.0
1.395215803725757e-05
5.0071646514931064e-05
0.0
6.16964337591078e-06
1.329674391535907e-05
2.87548689491453e-06
5.616442880617706e-06
1.5256367035122506e-05
3.896198996057183e-06
4.001204590604229e-07
1.1266795472143215e-06
8.312844763238394e-07
2.5070074958927793e-05
3.389277503292301e-07
3.069179373385992e-05
3.941384781782591e-07
1.7479802830360446e-05
4.7570510922846534e-07
2.4814571586560813e-06
9.977408024990635e-07
6.372203334751438e-07
3.421477889142869e-06
4.525304811038346e-06
1.8885836370340756e-06
1.305201513291206e-07
6.758737655734789e-07
7.181486769060473e-06
1.5367297971405033e-06
1.4555119140250272e-06
5.54760085236704e-06
5.539293073620748e-07
2.134644437808052e-08
0.0
3.038376388072666e-06
1.6880198669801055e-06
2.3453566850500354e-06
2.461361035267795e-05
3.752838212030591e-05
3.89640484028431e-06
1.76700449569971e-07
4.0897125900874434e-05
0.0
1.1597547170770593e-05
2.674181841365274e-06
0.0
0.0
1.871027031832173e-05
2.2595600629175474e-05
0.01589681039779677
1.9836008160765383e-05
0.0
2.3336587189150057e-05
3.7031887699983515e-07
1.9880305429298947e-06
0.0
0.0006561691023309707
6.031202322214824e-07
0.0
3.0512642881617204e-07
5.544626950271352e-07
5.953720301030962e-06
0.0
0.00013460054633415022
0.0
3.8649199678774695e-06
8.111198984984979e-11
1.1925208653822443e-10
1.3597743851689488e-06
0.0
0.0
1.087307908270084e-05
3.40932409325897e-07
1.2282712055627982e-05
9.903447302074048e-07
3.156907549480914e-05
1.8877485732261445e-06
1.4930046449979421e-05
1.6062968129571344e-06
1.4983800948854649e-06
1.0375711245657288e-05
6.38449632731678e-05
4.263251602211043e-06
4.15656266117581e-06
0.0
4.350866153733273e-06
0.0
1.0708472776630323e-05
3.319518575770225e-05
7.875165989249101e-06
2.739025504601289e-06
2.0833975427690746e-06
0.0
0.0
6.58873248090638e-06
1.684176870911866e-06
0.006922820710230052
2.4440403491834482e-06
1.840519899421921e-06
0.0
1.6308035814994975e-06
1.9788943775663188e-07
0.0
7.743296056164898e-06
5.020619635148904e-07
7.6290264469155034e-06
6.260675308217028e-06
3.94355447003358e-06
3.2280556295147258e-06
2.1011477845475557e-07
0.0
5.288564821937954e-06
3.969557309875734e-07
1.9269447500746105e-06
0.0
5.895042984115969e-06
5.122887091242161e-07
2.8811546745711257e-06
2.2726739218809102e-05
1.6521066019873754e-06
0.0
1.026524441383418e-05
6.34444814290462e-05
2.5372175731607484e-07
2.4165075394999417e-06
2.144877688143768e-06
1.943583025516102e-06
3.1383416806325423e-07
0.03861347672233582
4.6426082163187754e-07
4.840063402377162e-06
0.0013401963401500705
3.0624417008628205e-06
1.4640373473565626e-08
1.0386486381132669e-05
6.816106643622094e-06
5.329182840232083e-07
2.9348899740266086e-07
1.0738124748215473e-05
5.972194994793543e-08
7.398079252354926e-06
3.587205425391123e-11
7.378357359680426e-06
9.058016169910975e-06
6.020281233263702e-06
2.1559800486925357e-07
3.592976329261802e-05
1.1606394343388209e-06
3.0942438578350306e-06
9.785444872218637e-09
6.038639954595328e-07
1.7513982511460154e-07
5.859357256338177e-06
0.0
0.0
3.0758727891101335e-05
4.7641729984264456e-05
3.075801936905912e-05
0.0
5.37642672254873e-07
9.59774312875751e-08
5.232572542829569e-06
0.0
1.2178239352192188e-05
1.5297853763602546e-05
6.539897072791737e-06
0.0
5.711452234171042e-06
5.192775942623758e-07
2.30446239257504e-06
0.0
4.485665886920328e-07
7.469522431002059e-07
1.915069814091067e-05
4.420034154110511e-06
0.0
1.8543531809448536e-06
1.4785708235519085e-05
3.5599322592937695e-06
1.3167444590819698e-05
1.5673098624475466e-08
0.0
8.837994109620281e-06
1.2116474570549614e-07
3.886010273059603e-06
2.560847189379615e-09
5.714719431773528e-06
0.0
4.324828935053107e-06
2.520617538968248e-05
3.7895276786270726e-06
0.0
8.225278501854852e-11
3.089390544720871e-06
1.0057507740804879e-05
1.036128192047686e-05
8.133492393596069e-05
7.993287127399067e-08
3.113848476851952e-05
8.126104574217774e-07
1.0686407298078562e-09
3.0817009134022585e-05
0.0
2.1028140167482545e-06
4.13210883120143e-17
3.1221264997542544e-05
2.1449151009301066e-05
2.791917911316595e-07
0.0
0.0
7.550187426967412e-07
1.1890879777583739e-06
6.326323323319292e-11
8.427568358207624e-06
0.0
2.9511211651710088e-06
4.019203701274231e-06
1.909815987499009e-06
1.174582933225085e-06
4.722580565802922e-05
9.055234893112408e-08
0.0
0.0
4.795712396078054e-06
4.6440579689257384e-08
5.631497396604775e-06
2.217439843205092e-06
0.0
1.2116302533396862e-06
2.1656412865928935e-05
1.0981035836641406e-05
1.0672986951595187e-06
3.994793244966681e-05
1.7914128343422863e-06
0.0
2.491120910542349e-07
9.628077847479985e-07
2.876158991369304e-06
4.3974019767299325e-05
3.6427690543579674e-06
1.0488682239528054e-06
1.8311244083458075e-06
3.794986244947235e-07
1.0268987496586142e-06
3.658766359072297e-06
1.1456617576918237e-06
4.805643434718678e-06
3.1704039608832188e-06
2.4903947589829446e-06
1.4546482419100204e-06
2.2966668289351425e-07
0.0
3.938829674856165e-07
1.0598477423121445e-06
1.4867395910365918e-05
6.126710367691412e-06
4.245935573184896e-06
1.157253022797841e-06
5.249554494974978e-06
1.5392939140333156e-05
7.955398116857215e-07
3.4753926691300287e-06
1.1928709570589616e-05
1.042308592266734e-05
1.1222059073135108e-06
1.241950823063538e-07
3.172858622537702e-06
1.0740363589899816e-06
2.026016346978137e-07
7.223370228918029e-05
3.7278401383712374e-06
7.93780269593525e-06
0.0
0.0
0.0
0.0003786408214514528
0.0
2.6581460551936587e-07
4.726213337563397e-06
1.773579895492534e-06
2.6314670552323855e-07
7.091719518745966e-07
2.1552967976448426e-07
1.1788517417468007e-05
4.351464245556186e-07
0.0
1.8121669638860914e-06
3.5774880278484525e-06
9.115172670254847e-06
3.204819895732613e-06
8.275863616716837e-07
0.0
1.2797039044021023e-07
2.5106261071711924e-05
0.0
2.562596786930224e-08
0.0
1.880685479296024e-07
5.954761837059964e-06
2.960112824992897e-06
3.235892523551506e-06
2.8907789923236403e-05
4.059371603877571e-06
2.2089058774170196e-07
7.189950495346755e-06
3.4723986374309657e-06
0.0
0.0
8.395813766808362e-06
1.2765342040054416e-05
2.428647240135598e-07
7.150135864836235e-06
0.0
0.0
4.270034095185467e-06
3.9353314925436986e-05
1.689848017979059e-06
4.257464414560752e-06
5.148671013304449e-05
6.825151424168015e-07
7.494329200138354e-06
2.0667303170192842e-05
2.640595652802848e-06
1.9061146421041042e-06
1.0053065432088796e-06
3.2735999610194355e-08
3.7940072226803413e-06
4.447848935635935e-05
1.6949065838159173e-06
7.37629669152486e-07
4.03909857106069e-06
0.00014098717581208724
0.0
0.0
1.2840584478408501e-05
5.665655635420002e-05
1.0517293413430758e-07
1.5209591214851199e-06
5.403320509556472e-13
3.0934282845718674e-05
4.802035488296608e-06
1.5643113128178193e-07
0.0
0.0
1.3369222675395196e-05
1.9040311217914362e-11
0.0
3.877797480782579e-08
2.25030102560446e-07
3.4503544655295624e-06
9.697377717520617e-06
1.1908913061553201e-05
4.985882222560412e-06
1.0548092160210446e-05
5.8306577133016596e-05
1.1571680959445865e-06
2.004321312042304e-05
1.0990967885394274e-06
0.0
1.4918830593263864e-05
1.0110489653924846e-06
9.563765389003863e-06
0.0
0.0
8.227542277948178e-06
6.221409171796439e-06
1.97655047787907e-06
2.995564221910047e-06
4.498160883078613e-06
3.0145150885784334e-12
2.2715950600942907e-05
1.5859705270218676e-05
1.8423380810750256e-07
5.113409682361328e-06
1.3455109099537184e-06
0.0
2.363556271441691e-07
9.781923758216201e-06
1.7152312233879852e-05
4.913229769794509e-05
4.97575060736237e-06
1.9904412301834837e-06
0.0
2.7908146437866507e-07
7.015816737260619e-06
3.109984371962839e-05
1.0027985040892375e-06
1.0408408344474483e-06
3.549261126508701e-05
1.0782714089346247e-05
1.372735341880099e-06
5.663575730253073e-12
0.0
6.812354922468069e-07
6.725833104027538e-06
2.35611164539333e-08
2.9870438323418906e-07
8.029409830519953e-06
3.303681176141003e-06
8.353391034277876e-06
0.0
1.6804626322168012e-05
9.957728945340363e-07
0.0
3.1840953965084104e-11
1.2902692306821467e-05
4.413088456958935e-05
1.173824229359458e-05
0.9744618905568209
1.1752757746655792e-05
0.0031869225060866787
1.2122620168735263e-06
5.683333719723506e-07
0.0
9.427628404000902e-07
3.889912627056593e-06
0.0
5.616001266028601e-06
0.0
6.237457524896397e-12
0.0
5.943426922994955e-06
1.66900296823849e-06
9.746181538332182e-06
3.909588026597749e-06
5.488817465990049e-06
8.059868605127267e-07
2.721362372508492e-05
2.713098051369165e-05
1.0831353887035816e-07
4.020312644477656e-05
8.271081721679669e-07
0.0
8.291186940903059e-06
1.618804934578137e-05
4.53905811089111e-05
1.060563068032998e-05
9.270912747069882e-06
2.701958525072705e-06
1.2421138557399277e-07
3.4465962974507903e-06
2.1637799225611122e-07
7.0395870828900265e-06
0.0
0.0
0.0015144102779291488
2.090207842721977e-05
0.0
1.8544592647919267e-06
0.0
9.061690761548743e-06
3.542777295070443e-06
9.279360487587595e-08
5.183248668956671e-06
1.640645281669252e-06
2.3397987315800136e-06
0.0
7.964078967340027e-05
1.8314673960557194e-05
9.939256936511679e-07
2.293049953152357e-06
2.1734609309438803e-05
2.6091872858261406e-05
6.839134408288259e-07
5.935407367056169e-06
4.1053768796636785e-06
1.0693649411404346e-05
2.6048653460014444e-07
2.5594119266368384e-05
0.028573232203164992
3.848173968772022e-05
9.036140925652512e-06
9.98853038011022e-07
1.8550545947313027e-05
9.14970292155702e-06
1.153318058147128e-06
2.287318176629075e-06
0.03024394634792604
6.43192814494318e-08
0.007288531562160039
6.117027762911302e-05
1.5383151757546393e-07
1.417326978437117e-05
0.0002479418764634829
2.4292421637235535e-06
1.2573749377230767e-06
1.023732884449521e-06
2.5739873999163558e-05
6.469823726883957e-06
4.834617471567002e-06
3.6903194774755077e-05
0.0
4.6325560642286937e-07
2.1284571603716917e-06
1.0563364410719858e-05
6.677358130290907e-06
0.0
6.483788595681324e-07
2.1943224406083196e-06
2.1269750947420935e-05
6.67896331250151e-11
0.0
4.540948747014106e-07
2.986017086761986e-07
1.3239450497691075e-05
0.0
4.113731706079751e-06
2.98375066136746e-06
2.643242291343955e-06
4.3704270062745725e-08
6.551255970179105e-07
1.5839235380521726e-05
0.0
6.088346271266014e-06
5.885512774555737e-07
0.0
2.3953524263442452e-05
9.60621301946539e-06
9.470843545552495e-06
1.9636957878373953e-05
1.4082597049419007e-06
5.551256890516907e-05
1.5990530019908506e-06
7.374195443874422e-06
0.0
3.3722185951647237e-06
2.602902474003868e-07
1.9659916172919816e-08
2.4551056150994795e-06
7.337677418077379e-05
0.0
0.0
0.0
7.619861500239804e-06
1.4094328535828985e-05
1.219133397506477e-05
4.114582364733862e-06
6.313469012764993e-06
4.863456655017225e-06
1.570637885373209e-05
3.278011579552149e-06
8.727687116631152e-10
1.972255749954628e-07
0.11795571639826329
6.858757682883203e-05
0.0
5.648147353929769e-07
9.273627024871278e-07
0.0
4.180749838309632e-05
2.7947680895568e-06
5.5802041684932645e-05
1.503782755905361e-07
7.21708830055932e-06
0.0
0.0
2.6434082439280422e-06
4.0286146457149394e-07
1.0903151847890235e-06
0.0
2.5981613475376584e-07
7.942197133171127e-06
0.0
0.0
8.059478127206971e-09
9.449444017829103e-06
8.567172000763532e-06
8.038985751604498e-11
0.0
8.204013345542361e-06
0.0
2.3695866154165136e-06
5.9252495133478485e-08
8.82949398566447e-06
1.36172784202766e-05
2.055072314429889e-06
0.0
4.329481484297004e-06
2.81762429536704e-06
3.5893078456555536e-06
1.869286630097419e-05
9.639099681563159e-07
1.8598737393571877e-05
3.1259606416161684e-09
0.0
1.8590019441263343e-06
2.239601743768126e-05
1.0861425136292454e-05
0.0
5.634437936963467e-06
9.158331037588085e-07
6.410154505452596e-06
2.5607465241129066e-05
4.187898115104111e-06
1.4480113079737713e-06
1.141856759775995e-06
8.211043424306546e-06
9.960508075021417e-07
3.4349688102149356e-05
6.532857363489913e-06
6.480077399016185e-05
1.4708147401035882e-06
0.0
9.637197061753738e-07
0.0
3.624192969562808e-05
0.0
6.04764567806874e-06
6.304336785432853e-06
1.767350754468269e-06
9.737406165360117e-06
7.076616704214358e-05
0.0
2.5509683273884838e-05
4.517214398770717e-05
3.158859456054428e-05
2.2630754873391387e-05
3.269437535090037e-07
3.3549841280954344e-05
0.023614471374300616
4.862497812903896e-06
1.0851976520268515e-06
2.837150349084433e-08
1.2448431994654116e-06
5.619640268047943e-06
2.5301527712659843e-06
0.0
1.517392076730378e-05
2.273912262172582e-06
0.0
1.8751081361690945e-05
0.00031585589677478494
1.2636218688260446e-07
2.019885560810579e-06
4.022860740163386e-07
5.062016488165853e-06
9.388498097885868e-06
0.0
1.1468443285183397e-06
1.1496888616334459e-06
2.3116448269565033e-06
0.9743820097347929
2.3936381510797893e-07
2.8207460706220554e-07
2.268957779425762e-06
5.226279014715937e-07
0.0
1.6687288577688953e-07
4.688411710698272e-07
1.4420970229827307e-06
1.2377057974665994e-05
1.1952283480376406e-06
8.856427741886474e-06
1.1586465963146974e-06
0.0
8.580892880366086e-07
7.826731583820365e-05
5.877012922767784e-07
1.9934557393405659e-07
1.1210148566079937e-06
1.2585606377083818e-05
2.182101369248097e-06
4.791474272927519e-06
2.2625345891925365e-07
4.156477009207761e-06
5.612400408036157e-06
0.0
2.869517929927585e-06
6.295544592178047e-06
5.731205205131907e-07
1.470183690199003e-05
6.309342542673144e-07
6.88371305365698e-07
1.6552190492855837e-06
2.8828070231900563e-06
1.943154540150398e-05
4.984398950711687e-06
1.3270449075074204e-05
1.449015338901538e-05
2.456107646497854e-06
5.842350641104941e-06
1.446806770111226e-10
1.8818142832941012e-06
0.0
6.340793438872901e-06
1.301367585122464e-06
0.0
1.6477849384841682e-07
0.0
4.6370999589937e-06
3.9144554813470516e-06
8.035058524047713e-06
5.730417295249477e-08
8.638703615439176e-06
2.512701116874254e-06
1.4087453101215998e-06
2.343003873800467e-05
1.87370507426034e-07
1.4855242686368993e-05
0.00018504162433901987
5.961507790523897e-07
8.610064887709362e-07
4.269698443169503e-06
3.486762682653954e-06
1.4035995485264563e-05
1.4189539668412045e-07
3.1979406600576735e-08
6.44209085949198e-10
4.0757837959075127e-07
1.0134670533946146e-06
3.155166072740457e-06
0.0
0.0
1.286063803643259e-05
2.5722789445999663e-05
3.764078867752353e-07
1.658439104287975e-06
8.877779089085345e-07
7.079036660881723e-06
3.890864125726001e-06
0.0
5.992163115351781e-07
3.6130215108391645e-05
2.972701780606476e-05
1.923386501158345e-06
1.2809355643525345e-07
4.709265648351082e-06
4.4929518371743775e-06
3.175647442746798e-07
0.0
2.7261559129410447e-06
1.3635794989592044e-06
7.524887344302105e-06
2.468212536072694e-06
0.0
3.796219030983971e-06
1.1505082895619528e-07
0.0
6.89382983348673e-06
8.04287668902058e-06
3.154029576802612e-05
2.9388886692676965e-06
1.4558223856544487e-06
1.1099766651748031e-05
2.3764347615307953e-06
5.910141530206608e-10
8.785610371548442e-07
7.931341946091167e-06
1.0371459640546242e-05
3.8213420420701363e-07
8.835408089784712e-06
7.785998004176749e-07
5.73052048224593e-07
3.89663246951331e-05
7.385721671927625e-07
1.2177127910681256e-05
1.4150961122379682e-08
8.932649251925177e-06
4.8963143976241735e-05
1.165568732402369e-05
5.127653285533321e-06
7.986363253525103e-07
3.4129937355704322e-06
6.298692546532115e-05
2.281685125000746e-07
3.431499346969194e-06
3.3324945964118128e-06
1.5515324756176896e-05
1.7220563738121882e-06
4.0339158947062835e-07
8.926847327371903e-07
0.0
6.844830243014653e-12
6.702095872664385e-07
0.0
3.0346130973843864e-07
1.0571939347428714e-06
0.00013774719125574968
6.172600065726257e-07
6.3721241492281904e-06
4.5526991619965625e-06
2.6753930632248184e-05
1.410683041885971e-07
5.804761677631288e-06
0.0
5.6913140637537135e-06
2.12391319784303e-05
1.21433420514369e-05
0.0
1.6582374562447792e-06
1.9359950884146365e-07
3.6626716408055584e-07
2.7217077523176552e-05
0.0
6.3347523104396015e-06
0.00039207718432029477
0.0
0.0
2.097748442054427e-06
1.8727825113070416e-10
1.405925075016699e-06
1.3668382502816597e-06
5.137279343041366e-07
0.0
0.0
4.28485786617879e-06
1.9621533012942698e-06
1.4798044564947384e-05
0.000109509958027934
2.961410596434599e-06
4.63431893165318e-06
6.481152702190154e-06
1.1870908500047598e-06
2.5934454484396246e-07
4.195398368740733e-06
7.625476206042114e-06
2.836374435805101e-07
3.012274451037283e-06
3.4445063149623396e-06
1.6115179322130351e-06
7.362775072052409e-06
0.0
0.0
1.6675610707082665e-05
8.551151114581623e-06
8.950909174229884e-06
9.237508337728783e-06
1.567103794534886e-05
4.574805024240696e-06
0.0
2.757830383791154e-07
5.032076902246869e-06
4.303094577514472e-06
0.0
0.0
0.0
1.7452963064951783e-07
1.1325679835376227e-05
0.0
0.0
8.291009448966738e-06
1.3535440771502184e-05
4.872962234885756e-10
3.777877165690578e-07
5.2467115843771564e-06
5.208057670574399e-07
4.490217552382835e-06
9.219573034692037e-06
1.6379879277398425e-07
2.5446634347644984e-07
2.459927864276434e-06
2.774078574519595e-06
1.0445114796188585e-07
9.998950772082134e-07
0.0
2.0785423130518606e-06
4.6363755583340355e-11
1.7241991975855934e-06
3.1029068760806093e-07
1.485287527215247e-06
3.245337004041855e-06
0.4814035303171072
6.222736919987442e-06
3.845252965818031e-05
2.9376000059785666e-07
2.1281429483060055e-12
1.385514909152173e-05
5.864162470827475e-06
3.185856182990319e-05
1.131909010195727e-06
9.97942528681356e-06
7.541997555523815e-07
8.595450740502843e-06
8.069767373997842e-07
2.525536202352785e-06
1.7418565234866538e-06
1.4968968539649342e-05
0.0
8.025918194316342e-06
1.4203191727281894e-06
3.2737949700815922e-06
6.176035631940028e-06
3.315364190628032e-07
7.537440162677171e-06
1.5342639613069797e-05
0.0
6.487933428521552e-06
0.0
0.0
2.002614725854145e-05
6.749236729004436e-08
3.558083702313618e-07
2.1592538956537022e-05
9.339698582972051e-06
4.5152116709774994e-07
2.1091905689383924e-06
6.163453940914596e-06
7.006471116829652e-06
3.1234478190092436e-06
1.4165026361985872e-06
9.931857759823512e-06
2.8708958586599536e-07
5.776879576050815e-07
1.4946799697880347e-05
0.0
2.6397315484858027e-07
8.791691783790755e-06
1.3330928277018095e-06
4.220085954790579e-05
2.3508220406097367e-09
1.2707029032341523e-06
6.978759385773336e-08
0.0
1.5449492690709637e-06
5.347367724117393e-06
0.0
2.540481317832318e-06
2.2781645095654296e-06
2.524773344165094e-05
4.575488701111709e-06
1.663421704551862e-06
7.568556865510479e-06
2.1099225398649388e-07
9.169265782365993e-06
9.935420620357986e-07
8.375905095922257e-06
0.0
9.207512822660756e-06
2.246099593161369e-06
4.984609412401994e-06
2.3067369801576516e-06
1.4330783973534666e-06
0.0
1.417394380048406e-06
2.610650153745317e-07
5.376432657683562e-06
4.724856796485552e-08
5.444019882321114e-07
7.216843915831579e-07
1.3414893589623349e-07
9.257617445304149e-08
3.4696818662508915e-08
0.0
4.94146845000145e-06
2.3367125056336765e-05
1.9285569344712335e-06
5.250183686169527e-06
1.5267637033080866e-05
5.982916880385873e-06
2.9927572710468134e-05
2.12634547064289e-05
2.6054594276414414e-07
0.0
8.349904870874592e-06
0.0
0.0
6.081606365808157e-06
4.4023952030389656e-07
4.2498998783991125e-10
6.040212812880705e-05
0.0
0.0
4.16720964224198e-07
5.284586139465927e-06
6.114436268525877e-06
3.664470607691857e-06
0.0
4.596184931542528e-06
5.226008040007608e-05
2.2696875371198956e-12
1.841229312670611e-07
4.7632191353553185e-06
0.0025789573714856038
3.535865310024218e-06
2.3596139417222564e-05
1.3338365264835628e-06
5.508294418045979e-08
1.8553748189280758e-06
3.8429541353164886e-05
0.0
2.3136202706903346e-06
0.0
1.5238421659919233e-05
3.538927973752528e-06
1.847349047001238e-07
0.0
5.491333233720216e-07
8.481876470700158e-06
2.574259236674636e-06
1.6044522855806937e-06
3.564555052364069e-05
1.5577721598034718e-06
0.0
3.990040804344385e-06
2.708366870056103e-05
5.31084271405205e-06
1.958588355277496e-12
0.0
1.096567559225827e-06
4.98149824708944e-07
7.155593431961114e-06
5.673374950678914e-07
1.6357634837153147e-06
2.687472195614716e-07
6.434418051748275e-07
0.0
1.3559109709832687e-06
1.6137020147941324e-05
2.581808976505517e-05
1.9204899321759275e-06
1.1729343564886794e-07
2.1428498160578082e-06
1.5425157865225333e-05
1.0239287108761156e-05
1.8449092147485137e-05
6.2364088345700445e-06
0.0
6.390372214419308e-05
2.3088724564797e-06
1.1292520077146431e-05
