8.269134927997562e-07
1.1636117793095661e-05
2.1588762222376007e-05
0.0
1.6046098784886663e-06
9.717561638968526e-06
0.0
3.5367042133759516e-06
1.0229491153081795e-06
6.09697988250795e-07
0.0
2.2233443594648212e-06
1.009901803066973e-05
3.6647325804525404e-07
4.028500940023362e-06
5.645153683947151e-07
2.932303382836113e-07
0.0
0.0
8.347242972782679e-05
8.930985671928883e-07
2.242043096196506e-07
5.357523564750403e-06
0.0
1.0032543783727522e-06
6.432053942997504e-07
2.3557949533097364e-06
3.5714765805147857e-06
0.0
2.247159273994325e-06
0.0001016300651668528
5.176654862859327e-07
5.266601716803516e-07
0.0
8.476495994099189e-06
1.3110659133257406e-05
8.187467127320975e-06
2.0730840089810635e-07
0.0
6.523112283919911e-06
2.2193513480165464e-06
0.0
7.917423689101275e-06
5.555244450386963e-06
1.3821837245991027e-06
8.814187766549761e-06
4.104093002345067e-08
1.4162724700663287e-05
1.6736800520565296e-05
2.8459611115058036e-06
3.6638799560765725e-06
2.102485341621406e-06
7.994227659803246e-07
3.5938332777073036e-06
7.138285488231777e-07
9.69751201872034e-06
3.17897601537881e-06
0.0
7.445411281526892e-05
0.0
3.6748154015619215e-06
1.4317861909994569e-05
3.8494071540001705e-06
7.663662609109889e-07
1.8865551097749242e-06
1.984027464173622e-07
0.0
2.0538392334603063e-07
1.5315021588512515e-06
3.2845244589922076e-09
9.800294655253902e-07
6.618200119772272e-07
1.9140280012749417e-05
1.3053406449907996e-07
0.0
1.936867402205421e-05
8.007600015934534e-06
2.7463374914306252e-06
1.1623080235859403e-05
2.335092627827233e-05
0.0
6.5973645445836e-07
0.0
9.213157613868772e-06
8.126297831974523e-07
7.812697227574224e-07
2.9088417043113804e-06
9.981002775963534e-06
0.0
4.9338676450958364e-06
2.1798864847339184e-05
1.7671365653097493e-06
1.5248560740190094e-05
6.917802669773007e-12
2.601036322297041e-06
3.955307118297417e-06
0.0
0.0005320367211752131
2.8558671022551797e-05
2.015753244518104e-06
0.0
1.0223817825681386e-06
1.871806211760227e-08
8.573403852539235e-05
2.3882514233371625e-07
2.9249069231379454e-07
6.669801022066581e-07
4.991112818614666e-06
0.0
6.259752949517659e-06
6.541321762574494e-06
0.0
8.390051145064135e-06
4.171866473302528e-07
3.858700154135059e-06
0.0
2.228677610245485e-06
4.053074278690859e-06
1.8620304573871804e-06
8.952226459732123e-08
5.021077955760182e-06
5.800627806526959e-06
1.3963557542876754e-06
0.0
5.118654369793846e-05
1.757925381500964e-05
1.916092729748007e-06
8.579569329330967e-06
1.1210148582692951e-07
0.0
1.8170772050498006e-06
8.195637644181358e-06
7.383354420780612e-06
5.8722063822821476e-05
1.571756561299004e-05
9.341720050284625e-06
0.0
1.6215054042435615e-06
2.0453815906672467e-07
3.507545606967839e-05
6.983829921610115e-06
3.904681642965274e-06
1.967072826772152e-06
2.3469858906775427e-05
1.6909717953826042e-06
7.838135464415425e-11
1.9599578628261506e-05
1.3670092865882773e-06
1.292892740097987e-06
2.4733151224654786e-05
2.2227187821842653e-07
9.040548379382255e-07
2.5847635600527928e-06
4.5910297307377684e-05
4.343882793016636e-06
8.380437226862973e-07
4.428184602456668e-06
2.8847716947002345e-07
1.219081135470267e-06
2.312571241081252e-05
0.0
0.0
1.0487547934664175e-05
2.7702387915861654e-05
0.0
1.1370223834323897e-05
1.1506992405274582e-05
2.4455240092649428e-05
1.7079193802799344e-06
3.055044572955226e-12
1.3723408062102795e-06
2.5457897830786315e-06
1.2451238266717752e-07
3.457333193254499e-05
0.0
3.105273126772434e-07
4.0898146141856036e-05
4.8121939948938e-06
0.0
2.7045718211719677e-06
8.510205753390355e-06
9.699406420255554e-05
5.550770493711654e-05
0.0
0.0
4.852432012340178e-06
4.255257405632878e-11
0.0
1.7763091630677352e-06
5.42100684201617e-06
2.0152031338630178e-06
0.0
3.611345881393603e-06
8.71462746168266e-07
9.11563451485266e-07
0.0
6.802319818472274e-07
1.14762821976334e-06
2.350992482347898e-06
2.4181670691279314e-07
7.654438681220039e-06
1.6471595476927694e-05
1.6017193095519209e-06
7.1413686402237095e-06
3.246038853356008e-05
1.5487336000643852e-05
3.0569404879695325e-06
5.275122699378264e-06
1.0371901300348312e-06
0.0
0.0
8.965095914799493e-06
0.0
4.713199609325152e-06
0.0
2.4896147742495226e-06
3.3240022159641102e-06
0.0
7.584773934352895e-07
2.580555191290279e-05
1.0651974160914206e-06
1.19129178972848e-06
5.698305196792312e-05
4.3496067910375624e-07
4.109612124390907e-12
5.56908795558893e-06
5.689222243088413e-06
5.388711157603207e-06
0.0
1.0249339915966973e-06
1.250096185101105e-06
2.4506746072780174e-06
4.222831863394886e-06
7.697005112605281e-06
5.746340356458264e-06
2.425919302138303e-05
8.10847309948151e-06
2.061015450876967e-06
1.6884649170829274e-06
1.3766208988914473e-05
3.6501975827211144e-06
0.0
1.7621590258260004e-07
1.7410220125776332e-06
0.0
0.0
2.0826503102164787e-06
1.2935844937951704e-06
1.8286446924727477e-07
8.544996935026448e-06
1.551498725690581e-06
1.8847177590346662e-07
0.0
0.0
1.4546019473526119e-11
1.285702943479992e-06
4.484856541938981e-06
2.359320509830427e-07
1.0653183287059618e-11
1.9608717160849318e-05
4.942000193659938e-06
1.0150999384526823e-07
0.0
0.0
3.3707088234855106e-05
2.0304868462378407e-06
2.8437705530640556e-06
1.105336154168037e-05
8.902529665748024e-06
9.778213902399728e-07
3.1020769450433276e-07
3.012156969154055e-11
6.16936316961881e-07
2.4123898393176647e-05
0.0
8.028574539238373e-06
1.2122382451929047e-05
3.836646355929806e-05
0.0
1.6205768527250565e-05
2.791142100349421e-05
4.382600177848419e-06
3.639653434544388e-05
2.196485412171935e-08
2.99664535296414e-06
3.4967949132940943e-06
1.1870506872050339e-05
2.3344991285609256e-06
5.651166492983868e-07
1.4940288184643635e-05
1.8864242471127816e-06
6.566055724884021e-06
2.0810663540047493e-06
1.7267646449911262e-06
3.839104239854978e-11
0.0
2.363549145511426e-06
1.0291613691618558e-05
3.954053207277972e-06
7.576635155203241e-07
0.0
0.0
0.0
1.0445029284021472e-05
0.0
1.5104314054854599e-06
0.0
6.528128154038959e-07
7.797606499064727e-06
6.774554348787424e-07
9.05758049018556e-06
1.5527648788950507e-05
2.7063239126756284e-05
6.425068560984068e-07
5.377136876424223e-07
1.072583040424706e-06
0.0
5.777138588778347e-06
3.876135904184943e-12
7.274315039187141e-06
1.4240156815721859e-06
7.159316011623732e-10
4.110003007500999e-06
4.9963076812103405e-06
2.653063429272265e-06
1.9614612027309856e-07
1.3919860615913212e-05
7.346296374792038e-06
9.075783460525893e-06
9.764048695578533e-06
0.0
7.64948457171138e-06
4.4759911014419735e-05
2.378336352899036e-07
1.027560953354841e-05
9.890046009658139e-08
2.7198477754015386e-07
7.077892991283927e-07
0.0
0.0
1.620635613811425e-05
2.473403863462505e-07
1.3627493920730937e-07
0.0
3.8564494778179045e-05
2.1328899726551027e-05
0.0
1.6277536835387345e-05
3.2347010040001044e-05
5.563721330438815e-08
3.0213630661302365e-06
0.0
0.0
1.2508526626952819e-06
2.547519189211021e-06
0.0
1.3212921763814243e-05
1.967554577345992e-06
4.3520568590738633e-07
3.2129762372493276e-06
1.2472309516737032e-06
4.5861513361589437e-07
2.063449089595237e-06
0.0
5.198082547366952e-07
2.0002771608758732e-05
3.0537021600598296e-06
1.6545689270326374e-05
3.849201131249888e-06
1.745578341584827e-07
0.0
6.450731949697095e-07
0.24507508920351653
0.0
3.244210661877894e-05
1.1401702921905014e-06
3.6827993098539927e-06
9.181340953744176e-06
0.0011821115664822387
1.1238513243806506e-07
3.184798503379666e-06
9.247848216522836e-07
9.131452205287075e-06
1.0233418280746087e-06
0.15891288820686472
4.3181943501277585e-06
2.1428113511155586e-05
1.0450758780347043e-05
2.5655641922845016e-05
2.375386959063663e-06
1.6010528906531698e-05
1.5018021844451575e-05
1.7630139192937746e-06
5.613302119601923e-07
0.0
2.7135422767442133e-06
1.089707227099785e-17
3.974615251611464e-05
1.9722171197854658e-05
1.2594786563293582e-06
8.975767421895295e-08
0.04109038385928866
0.00021263673971436045
3.4750670895847106e-06
0.0
1.13136737743756e-05
8.143829630474435e-06
1.3538601443783354e-06
3.4222392142901466e-07
0.0
1.253298899999237e-05
5.063694227649274e-06
1.4265578731637524e-06
4.926699232797948e-07
2.9882662435120296e-07
1.4160387714933469e-05
2.881463417232667e-06
0.00012637856592015917
9.996180579039494e-07
1.643840864345452e-05
4.011310189018536e-06
1.852107943404838e-07
1.2169772675106008e-05
1.5447253250061787e-05
0.023674603718902208
5.386317302033689e-06
1.8134822355555266e-07
2.405740002593635e-06
0.08274788639536
3.773178591097543e-06
3.382470214692425e-06
4.895469435472896e-06
2.00624777415724e-06
1.7467804403629252e-06
1.4795024924339763e-05
0.0
6.780258220461662e-05
4.801213096732229e-07
1.3852964136840584e-06
0.00012417410290217033
6.935976267124502e-11
8.499107662285868e-06
0.00010258768243976621
8.179756021018818e-07
1.2200316121446312e-06
3.901383404409513e-06
4.654347895896272e-06
0.0
1.879849398457377e-06
9.7842541332476e-07
0.0
9.360724964496995e-07
1.8687511385165536e-05
1.1002030601606729e-05
6.989104702636278e-05
2.1808779903968913e-08
8.260241796971985e-05
0.006641197504984537
2.249990332814381e-06
0.0
0.0
0.031207000221689582
5.3449107919285654e-08
3.6170289281519575e-06
7.70657925935475e-06
2.279720825142564e-06
5.720495293822017e-07
5.964443877674927e-06
4.948661658904977e-05
1.0559960631538192e-05
2.5808497391445e-06
4.990192804588135e-07
1.427273065896416e-05
6.190316319913396e-06
7.931944399694986e-06
1.972075039358138e-06
1.3813960715364294e-06
1.8346967594944637e-06
0.0
0.0
6.002858579946195e-07
3.038028484169302e-06
1.9777801016921677e-10
7.387825483485113e-07
3.6066881990113377e-06
2.0197326755638585e-05
4.406726691511155e-06
0.0
0.0013049429951218884
3.545995586479429e-05
1.1132914666699873e-06
7.680801150501472e-07
2.9126715936290027e-06
1.970897458434958e-05
1.674317810093059e-06
3.593970104870747e-07
3.0800869131091425e-06
3.012547134531112e-07
5.288436858434167e-07
2.53292128162947e-26
4.057889066754874e-06
2.4849285961716845e-07
3.369073578556514e-05
2.1223603107509235e-06
1.6845333357918106e-07
1.7273981472055263e-06
1.5951728456495572e-06
3.991488314238978e-05
1.0925107093982966e-07
1.6180258052765707e-05
5.356062172699497e-06
7.691697412043773e-06
0.0
1.224188072046518e-06
4.7661841821740295e-06
3.202602930188495e-06
1.5189333070989647e-05
0.0
3.658224946526231e-07
3.5175622569303546e-07
3.816169665075005e-06
1.4775493280330303e-06
3.324716975250274e-05
0.026870486090510837
1.1075864054905462e-05
2.6234156833334955e-06
7.034339393970224e-11
0.0
1.6701457206822734e-07
8.70011609102997e-07
1.8911484689994538e-06
0.0
0.0
0.0001252625119438591
2.9951836127936995e-06
3.617326791613942e-05
1.8117061269124187e-05
3.947506730485552e-06
3.3225261090113995e-06
0.0
1.2684386699373067e-06
2.7961115601370993e-06
6.269811323459311e-06
5.775392027516779e-06
5.661954466295321e-09
6.738160015775329e-07
0.0
1.2298406226016782e-06
3.590625659871574e-06
1.2274911300819255e-05
1.6399309817297847e-05
5.484939891682834e-05
4.1540526807384986e-05
0.11564333056266966
2.9038313651939123e-06
1.6800310397435296e-05
1.5623240035051099e-06
2.5766780259991428e-06
1.0438175466160206e-06
1.3520430247436095e-06
4.99962507824007e-06
4.158391816578135e-06
1.8639894369102e-05
6.233512055811803e-06
3.0637979641624707e-06
5.169696197899726e-06
7.509024035405748e-06
3.4829902303349197e-06
4.99119970600622e-06
8.015695529475899e-06
3.3683436524283886e-05
0.0
6.763933486800336e-06
1.9551847269118147e-06
4.808554256106192e-06
3.206356417363564e-05
0.0
1.0168718448686684e-06
0.0
6.909861096960587e-06
3.808650917436594e-06
6.15665158363191e-06
4.20186046135077e-06
0.0
5.128852535698577e-07
0.0
3.1087884111393985e-06
7.392702859065356e-07
1.309558482624756e-06
1.3945014782477339e-05
2.0577504603118795e-06
5.467482474246068e-07
3.5289294696118363e-06
6.738396388334323e-06
2.865875791721986e-06
1.4657773856583973e-06
8.923156062567571e-07
7.813845728882669e-06
5.3064957888972225e-06
5.839977538670081e-06
2.6544839688804775e-07
1.4053167030047479e-06
5.383573386141133e-08
3.4330723920534355e-06
4.229375478394719e-06
4.78098033374924e-06
1.2071233885566903e-05
1.3901435413695235e-06
1.1031395339752947e-06
3.517130005532221e-05
0.0
3.5914915138289906e-06
6.585894027642935e-06
7.211613366490549e-05
1.0318259407312616e-06
0.0
4.279641033483792e-06
1.3657283196431705e-05
0.0
0.0
1.960309392240895e-06
2.2092042797918063e-05
1.1753406521223118e-09
4.752749632371289e-07
4.504426069960772e-07
2.0022982686139332e-06
1.1134988888069463e-06
6.730336487267653e-06
5.872108093346817e-06
6.456868881059127e-07
2.8647336813468614e-05
3.461329030578465e-06
1.5055174767607015e-06
3.5233090953588486e-07
2.1305216948811924e-10
3.526834159557965e-06
1.6733937599562638e-06
1.394743886628825e-06
1.9655531102658353e-05
3.500534330905048e-06
2.528960644716023e-05
0.0
0.0
4.832074528704168e-07
9.722589632388816e-06
2.5451788859884096e-07
0.0
7.523453285342733e-07
1.2318881576737602e-06
0.00015751245152723032
0.0
3.972396198466013e-05
6.808319201623169e-06
2.0647391138398702e-06
0.0
0.0
2.540339575889238e-07
1.2226758673008371e-05
6.453541790279037e-05
0.0
5.8324982564682695e-06
0.0
9.129820281470771e-07
5.504347404739575e-06
2.1776775946122534e-05
0.0
3.189087071310662e-07
0.0
0.0
0.04611044369259713
3.766218672863517e-06
0.0
7.63950951421574e-06
0.0
3.829906535675364e-06
5.1472244801468184e-05
3.3408707728944374e-05
6.120471733684622e-06
2.9459269738199936e-05
2.0298153739800804e-06
7.404466760926433e-06
3.830494906613936e-08
0.0
4.8498919202141785e-06
5.212091545545535e-06
0.0
2.4620632647301384e-06
4.0416203597194787e-07
0.0
0.0
1.5430780047274006e-10
4.71902258303851e-06
3.0018729407645824e-06
1.9459653620866404e-07
1.6882547163999705e-05
1.9728704079326867e-06
1.4799372467080628e-05
2.472584254514438e-06
1.4510753770276877e-06
3.229352257927039e-08
2.9131288737117467e-06
3.9286392488880065e-06
1.0813135636065057e-07
1.8696643452451272e-05
3.7785666070457455e-06
1.077854576344878e-05
4.845424378871792e-05
3.622626585653534e-06
7.604124168654138e-06
1.2688560290635501e-05
1.7551909628994776e-06
9.366169957666655e-06
1.7278119296570143e-05
4.759872604555054e-06
3.7236308915560134e-07
8.173946682562357e-06
1.2053535235349742e-05
0.0
1.5364095503702344e-06
3.1840166262749086e-05
0.0
3.0196802530432977e-06
4.5731469644446984e-07
2.066492360766235e-07
5.684675824857357e-07
1.1920215873832576e-05
1.5491342137351401e-06
3.6504076750087626e-13
6.306260091802295e-06
1.791614259553303e-05
8.869762491073999e-06
0.0014454692976812115
4.687511786749896e-06
6.38509283285704e-06
4.469856464752752e-08
1.694661747478235e-07
5.906126427056346e-11
0.0
3.264807455118526e-06
8.552015953874287e-08
3.1802746573745183e-06
2.8864202296895578e-05
0.00010029853886084072
1.0120406540823244e-05
7.956805480767313e-08
1.2980404933668215e-05
6.385805727262965e-06
5.179227485641963e-06
0.0
8.057457741217134e-12
2.033820990591529e-06
3.595665096840934e-05
0.0
8.228982534942558e-07
6.493028674225187e-07
2.6785016902679875e-08
0.0
1.3727448013146255e-06
0.0
2.3544939455703877e-05
1.9125970141835905e-05
1.3350570238381079e-05
0.02757857019027261
5.697389128615482e-05
3.7840922296253675e-05
0.0
4.465114217258857e-06
0.0
0.00010290319805337299
2.6197269222463386e-07
3.140519068487968e-06
0.0
8.3935709701273e-07
2.471749477541603e-06
3.7002946990468425e-07
0.0
1.2806085627910894e-06
1.7339964764067257e-05
1.34776160918367e-05
1.0284811092695716e-06
0.0
0.0
6.178887984273011e-06
1.5445753173578527e-05
4.001079133832681e-06
8.835703440973435e-07
3.5588863455857106e-05
0.0
5.0890944674330984e-05
3.7226738837449098e-06
1.2093392477222626e-06
3.187482992529306e-06
2.414220106043175e-05
2.6697179780300584e-07
7.947738647890025e-06
9.638353562031375e-07
2.0106009410015113e-06
2.253838448189762e-05
7.519620613899917e-07
3.802156440849189e-08
3.1511305039011166e-10
1.1466549318341458e-06
1.0394749152612727e-12
0.0
3.0607864254043047e-07
1.4270513761476652e-05
1.0772904906845483e-05
0.0
1.1231755238700058e-05
2.411940291140408e-07
2.7101725604064552e-05
0.0
1.938513893459703e-07
6.226865833187106e-07
4.924653094973658e-06
0.0
6.441075521277863e-07
4.112979086870547e-07
6.495806598499676e-06
2.274505324518396e-11
0.0
2.3603406528832774e-05
1.1274405139965847e-07
1.6161382276961988e-06
1.4447798436083033e-05
1.233007427914673e-06
0.0
1.0490812956092214e-05
1.9542670616355503e-07
1.4128002445489489e-05
5.6969832710191765e-05
2.1945199597029192e-07
0.0
2.039578314845051e-05
3.652801891060902e-05
4.2996618670236513e-07
1.1500922618771301e-06
7.244702690242484e-06
3.998762699663307e-08
5.193797063583248e-06
0.0
5.200375269180986e-06
6.090368601368219e-06
2.9121713779129217e-07
0.0
1.2378011315431328e-06
1.0288433797503652e-08
5.662606189181e-05
4.833547104961878e-07
1.1077063928954276e-06
1.9550876599087194e-08
3.651484297458404e-07
0.0
0.0
1.053918580935013e-07
1.6028621299073405e-06
1.3803694650266047e-06
6.154850955718288e-05
2.8393239022156094e-06
1.1228969737475274e-05
0.0
1.9982874445035714e-06
1.1759006552113207e-05
6.390214367481775e-06
0.0
5.318372013450949e-06
1.4540691224018758e-06
5.838403994553561e-08
5.751904281360769e-06
5.310308110158438e-07
9.851769985824145e-06
0.0
2.0001731854292443e-05
7.477984763163884e-06
8.212853116590694e-06
0.0
0.001580497243619933
2.4510175873464287e-06
1.1041696554624855e-05
1.0684415934603194e-05
0.0
4.299381815830111e-07
8.078298762625708e-05
7.789887880761129e-07
0.0
3.302292068356817e-06
1.1299062481682552e-06
0.006278885251740567
3.3035145336013065e-06
1.522185629922358e-05
1.854239739194597e-05
1.4292508222061135e-06
3.709324773987548e-06
0.0
1.9640860426100924e-05
0.0
2.1720928159870134e-06
2.0552459659957555e-07
9.366650945226212e-06
2.454976821211539e-06
2.9091336068237653e-06
7.138808218699369e-05
3.6358694724865836e-06
0.0
1.4028497452239804e-06
1.0191843431125226e-06
4.611481507088158e-06
1.219234051246166e-05
1.1222426072231e-06
8.165744059689506e-07
1.6801992921757256e-05
3.9560258371589794e-11
1.0920553046818098e-06
2.2373583632575358e-05
1.8022972884880113e-06
1.5318469913095325e-06
0.000485938164922099
1.0648246160203496e-07
2.520848401239761e-05
1.0047570397836178e-05
8.065336031370089e-07
2.9241843992973256e-07
4.535495581369312e-06
1.4364393597576132e-05
8.559396998667075e-07
1.1212662895617849e-05
1.9599571235923957e-05
9.761219326739818e-06
6.471752898546485e-06
4.347579089235876e-06
2.634000123755891e-07
4.7880628917169966e-06
3.598763041171409e-05
0.973848518486574
8.986758085306894e-06
1.623434479239572e-05
9.690773168711785e-06
0.0
6.419911161702908e-06
1.677110446757249e-06
9.707606069689757e-06
0.0
2.426175543830762e-05
9.350494614758502e-06
4.795835432939914e-11
5.176788328549194e-07
1.8345728007995938e-06
5.456242338408337e-06
3.3657989762134524e-06
8.903027976824868e-06
0.0
2.1237462562641275e-06
6.303658175976254e-06
7.521046509637549e-07
1.2676064755331289e-05
0.0
1.0493640526174034e-09
1.3197308941946997e-06
3.7352992559775666e-06
8.718773837296828e-06
3.8352656826134004e-05
1.272052820418015e-06
9.851800598646278e-06
3.4270024708976894e-07
3.7488336595196503e-06
1.499442547415308e-06
6.69847306784177e-09
0.0
1.1274380527560709e-06
0.00015663809712495406
8.719553114939246e-07
0.0
8.158808581028997e-07
2.289760502940142e-09
5.899832064250885e-06
1.0841339589116316e-06
5.823823636069964e-06
1.3224875861757402e-06
0.00012231143041304
7.315245370172813e-07
8.2865526764054e-06
6.413769247760161e-06
7.751601969039213e-08
2.3461080472517174e-06
2.207613555042066e-06
0.003420168771924887
1.3165309312761861e-05
3.948429023517521e-07
3.012186979477961e-05
0.0
1.189279917798941e-06
7.348007538156536e-07
2.4573621439366422e-06
0.0
5.8957262646635696e-06
1.2936141385378676e-10
0.0
4.1540419580015655e-08
2.5497090285371905e-06
5.8576206047043285e-06
3.394967660361994e-06
0.0
5.534032365446597e-05
2.915645931685461e-06
9.62175793781032e-06
3.947669999773814e-06
8.070111266456719e-07
4.756148087516669e-12
4.351241249355386e-06
3.384201387211656e-05
1.1369800892904412e-05
9.40360998404047e-06
7.432603059015406e-05
0.0
4.442661901152607e-06
1.3829325033893675e-07
4.994369295179028e-08
1.3299115485568275e-05
1.915708350208277e-06
8.87991013776501e-06
2.887845587774622e-05
1.6364235865527584e-06
0.0
3.083431491790934e-07
0.0
1.617846128261208e-05
0.0
1.459406207073103e-05
0.0
2.1507655651984693e-05
7.169641564105087e-07
0.0
0.0
6.932391908871799e-05
1.1765599395613691e-06
5.377370042837906e-07
7.482301067299415e-06
2.0714781121887077e-06
6.670050899952658e-06
7.215825167472796e-06
2.09051950263181e-06
0.0
2.53834678325722e-06
1.550881045679014e-06
4.146669536006939e-06
1.947828377733394e-05
2.949623097248439e-05
3.490433500421571e-06
3.9195651340428316e-06
0.0
3.97509340510889e-08
2.176260194494156e-06
1.7886111816228976e-06
0.0
0.15049354541250012
5.054313430886852e-06
5.9966662247029645e-06
1.5197721631554756e-06
1.0617060100844917e-06
5.4457441040370095e-06
1.582602007418439e-05
0.0
1.4658773838440429e-05
2.002538148325444e-10
4.1374529407393405e-07
7.324972288943599e-06
0.0
3.4486332000103264e-07
2.424943363604785e-06
1.8400472637078965e-06
8.264223017385357e-07
3.097826145582714e-06
5.238881532878827e-06
2.297055887293235e-06
3.124221483770783e-06
3.256785722322079e-11
1.661529419371742e-07
8.08192246400174e-06
2.775847755002754e-07
2.2717951295173704e-05
1.7960644689666498e-06
5.255601803940555e-09
9.154695151571343e-07
2.2734666049236685e-07
1.5102133738596053e-06
2.0350117762251383e-06
5.551709390962068e-06
4.022647737507512e-05
0.0
6.443236991644147e-06
3.4279023449059994e-06
2.4773924523493637e-06
2.4325204051375033e-06
8.451391854760534e-06
4.976549212512661e-08
8.325408381846022e-06
6.459410455625463e-05
2.2742985194841904e-07
0.0
3.3723687562484305e-05
2.2477727163655566e-10
2.528469522019412e-06
1.0888664165614094e-06
0.0
6.00074215492896e-06
1.313968477777501e-07
0.0
2.3997683773448655e-06
1.698825373424505e-05
3.0368664578628143e-06
7.641426825072146e-06
9.865063863956487e-07
1.6112156722511359e-07
9.269859221557031e-06
1.849491822033037e-05
2.234492460386917e-05
6.7509787190171954e-06
2.7503945259462295e-05
4.201730879505644e-12
4.769965492360327e-06
1.4946716588613397e-06
5.077728495763283e-06
1.5068908981877262e-06
6.433406880609153e-07
0.0
2.646936962127619e-11
3.092272281593175e-06
1.555368500479283e-06
3.4691782449337184e-07
2.620314445485046e-08
4.6220726396863395e-06
3.186930581833017e-05
4.5437482717457137e-07
2.693402510228659e-06
3.5592163522248857e-06
9.612251150177795e-06
4.351840852619527e-06
2.475427954822719e-06
4.129513010319251e-07
2.5938594838276816e-06
1.5108186712574017e-06
1.818057999000753e-06
1.1576172097803998e-06
5.54223425329135e-06
1.7695677594611316e-05
0.0
2.3787635718990133e-06
2.7837256904782536e-07
3.2867336030101675e-05
3.205223500237396e-07
1.650266228334036e-06
3.908258688239457e-05
5.534206801936007e-06
2.5513028461596437e-05
2.49799217166232e-06
8.120155495964608e-07
0.0
0.018494610962386467
4.3354377249170743e-05
4.5537401133976665e-07
5.334842910551281e-05
4.428658506225113e-06
0.0014627972333744914
2.516522521372603e-07
2.953143616116081e-07
0.0
4.753295213734992e-06
3.089807402868593e-05
0.0
7.382265517995621e-07
2.4066074150569907e-05
1.4163170787821712e-06
5.1357284023967605e-06
2.9262488138529407e-07
0.0
2.965322617458304e-06
9.272093542602343e-07
2.1580975762743152e-07
8.546547625058985e-06
1.2456025405421662e-05
2.3163206053938024e-06
7.892585997931782e-07
6.271844096783511e-06
4.582894596176449e-06
1.3827781467612002e-05
6.120339990324639e-07
1.0202162897481977e-10
4.74114629163067e-06
5.381888919355154e-06
1.9342173150271223e-06
7.147381560632781e-06
0.0
3.716833986928407e-07
1.3913871349120487e-05
3.906733140926291e-07
1.2245952471017415e-05
0.0
4.785440402135578e-06
0.9747565872384011
9.140295070410628e-06
3.2455437070051046e-06
1.9308448772312403e-06
9.316463918158265e-10
5.666806177599579e-06
3.1670754293135853e-07
4.86658984766866e-06
1.0529220911609698e-06
2.1900895666253446e-06
1.0914867689755408e-07
1.1192941580856852e-06
1.34152375610183e-05
3.3323249706140536e-06
0.0
2.555032936062469e-06
0.0
3.0770950399552825e-06
5.132031643610248e-06
4.581097633934806e-05
2.5206855641564195e-05
1.7760773593056346e-06
6.302681188315535e-07
0.0
0.0
8.409388312302306e-06
6.172013022651213e-07
2.815781438100164e-06
3.989965180427584e-06
9.225417790687668e-06
1.3298108922846456e-07
0.04729591297597396
6.584423430962028e-06
2.9419887692052367e-06
2.7365006606372424e-05
3.5311799414349766e-06
0.008119553796166483
9.214769522543184e-07
3.996957221917151e-05
0.0
6.175764096098088e-07
5.183183552712427e-10
6.043451187134285e-11
1.622852237526064e-06
2.7629545161770106e-06
1.1472391828930465e-05
1.2567292401422535e-08
0.0
7.491943413870674e-08
0.0
1.3644115008666623e-07
3.912499945045934e-06
7.740464928336484e-07
0.0
6.8978196422403e-07
1.980483752015728e-06
0.0
0.0012160280496594845
5.992692265560814e-07
0.0
7.547707679177814e-06
1.1593480073154612e-08
0.0
1.2691131583827404e-05
3.316498571781627e-06
1.1478402487135276e-07
1.5108604767297764e-05
5.166397429029185e-06
1.5866766106991658e-06
4.983414464125978e-06
