3.1022334175174775e-06
5.180758601871505e-07
1.1898916587634841e-05
5.157007181965184e-06
2.6503502113128135e-06
9.44883323426781e-08
7.1511339222444995e-06
1.0788170637838898e-05
6.679740809052599e-06
0.0004915242718287095
6.222426384247027e-07
0.0
1.8208929554591858e-05
1.9497325533742767e-06
1.220632160009655e-05
5.179248764917495e-07
9.203908213512095e-06
3.363552885301765e-05
0.0
0.0
5.014598938342643e-06
4.320370176395723e-06
4.590470607888172e-08
0.0
2.2987981435486872e-06
1.5653147583124677e-06
7.542746401143166e-10
3.7101627442156364e-06
2.847072559051291e-06
1.8022235485650256e-06
2.822654754211794e-06
4.1479952907890506e-06
6.182440555613815e-07
5.170536192414669e-05
1.3416575732702677e-07
4.653282264928552e-06
0.0
3.2424668098343196e-05
0.0
1.2886628025988813e-06
3.3290936292813967e-06
2.4862272251352597e-06
9.28450771426792e-06
0.0
6.21133459790823e-06
1.5825064806760895e-06
2.6555780716427253e-05
0.0
0.0
3.28701050418033e-07
4.6544649352841495e-06
0.008490712631976817
0.00012536065700423152
3.2193026224146667e-07
4.889903612559178e-06
7.584560469384681e-06
1.0723937541800475e-05
9.584222936177371e-05
3.836086993197953e-06
6.568897929886403e-07
0.0
3.072863290930857e-06
2.9878934450776744e-05
3.3638995083996446e-06
0.0
3.4666253312499595e-06
4.480603967760562e-05
2.4664770783088434e-05
4.344990958630164e-05
0.0
4.2228968846358144e-05
0.0
4.18001708654872e-07
0.0
6.798112831645273e-06
2.1709686481556303e-06
1.9616477467310358e-06
2.4371626629132223e-07
4.3302175465293265e-07
2.004837798954326e-05
0.0
0.0
6.93837247932157e-06
2.7251816725361864e-06
2.4678374845821822e-05
1.0646570080839427e-06
5.434134170743054e-06
1.1874089343985708e-05
2.2577048324121e-07
8.224236951796883e-07
4.905858937104231e-06
0.0
3.624306068577206e-05
0.000111272189222734
2.1626262580717e-05
1.084044414778099e-06
0.0
3.702306755155084e-08
5.7040688066641555e-08
2.664735064512814e-06
0.0
5.048269878115332e-06
1.583286539348844e-06
3.8992482362037825e-06
2.6436727657863796e-05
6.76652904401661e-06
2.0935686588176775e-06
1.0692200118139819e-06
1.790447227921588e-05
9.648597262518315e-06
2.661027303902797e-06
0.0
6.785150857029901e-06
2.8376523179066016e-05
3.099094583544252e-07
5.334705829387543e-06
4.2985308618088317e-07
0.0
0.0
8.890595382968503e-07
3.5863619253685016e-06
3.4740709809829056e-06
0.0
8.70574434966379e-07
6.645329744637572e-06
5.4684617672438465e-06
0.0
1.4888891256142112e-06
1.2794573227950254e-07
5.373022761383e-07
2.820886815320908e-06
4.924746129711619e-05
1.0360017487981377e-06
8.11945107377881e-06
5.806735282206726e-06
7.814411101668673e-06
1.3154578065982307e-05
0.0
0.0005399458758395337
1.3421237714294685e-06
7.809105783608538e-07
1.3618529364489735e-05
1.674305772203276e-07
4.98802039906151e-06
4.3500623578948046e-06
2.1068077286399156e-05
1.9899288506388495e-05
2.700357204976666e-06
1.4861607290475755e-06
4.065382342651632e-06
1.724179662972776e-06
0.0
1.470772242838357e-06
2.0346219275115566e-05
8.189281614636772e-06
6.12369925997118e-06
1.0801648421551306e-05
0.0
5.171596838590021e-06
0.0
1.23445335619625e-06
1.860586954354817e-05
1.3119803250894328e-05
1.1956506700601708e-05
6.109766217182095e-07
6.49859539074433e-06
4.773430333255579e-06
2.5528918279394866e-05
0.0001824955323530825
0.0
3.8991010430278705e-07
1.917288310706163e-05
6.3974127078569555e-06
4.165491695517934e-06
2.5676415717966467e-06
3.839450307476356e-11
1.6367510692174787e-06
1.5917259609816482e-11
2.5412988560704636e-06
9.372817122711338e-06
2.9590728669963062e-05
1.1856563596242863e-06
1.528971404644549e-05
7.401579202584424e-06
1.024845128331825e-05
5.1345245227989515e-06
0.0
9.389922173742202e-06
3.504873592563384e-07
1.8922391488175763e-07
0.0
7.834461726358574e-09
1.2369486996688994e-05
0.0
0.0
6.873537447318191e-07
3.497389791344565e-06
1.2129207004907582e-06
9.262745894727059e-07
5.575714826873921e-10
5.536405551430726e-08
9.467747757097964e-07
0.0
5.156545431757169e-07
5.9844601275996107e-05
7.443469324737587e-06
5.445197283790527e-07
1.1644167788235885e-06
1.2255678946525053e-07
2.223301452361963e-05
5.834985187044692e-08
2.5971382862761783e-06
1.356613479979091e-06
0.0
0.0004009253501585567
0.0
3.0357793647912263e-05
1.2667173123697184e-06
4.5094753216537036e-07
5.717379781496727e-06
0.0
2.354571498740224e-06
1.0639471171259526e-05
0.0
7.504511831489495e-06
0.0
2.6969165991319294e-05
5.117134354284296e-06
2.3446930755528326e-05
0.0
2.4822719357039978e-06
8.740496844979918e-06
6.478484660933183e-06
3.500898870622591e-05
5.768804012458944e-06
0.0
2.671178378425395e-06
0.00010511818080106447
3.6285416608994677e-06
2.820474256264541e-06
1.355622793778519e-07
6.136036334570844e-06
3.9145218725991675e-06
0.0
0.0
9.4834431598743e-13
7.340255360243004e-07
4.019031853635507e-06
1.053305970710813e-06
0.0
9.460784163853488e-07
0.0008560760265608755
4.326784604785994e-06
6.09322433211052e-07
4.7672152499326955e-08
0.0
1.1843697406933445e-07
4.01704196828326e-05
0.0
1.2873595026057704e-05
0.08704493442929144
0.0
1.2041992926490966e-06
0.0
2.0146752115501274e-05
2.4500821791671665e-05
3.5345971479247625e-07
2.8552381322109146e-05
6.501516308466004e-11
0.0
5.928268451150974e-07
9.99287248021441e-06
0.0
9.352529037410869e-06
1.0103717447177974e-06
2.061920809417968e-06
1.4211705599584333e-06
0.0
5.815591158391264e-07
3.151512721295308e-07
2.3993563878421262e-06
7.587925109447617e-06
3.8074861038299556e-06
0.0
0.000156905611117408
1.044418782638613e-07
1.245628952235972e-05
3.2720112566075085e-05
1.3917294038007991e-06
0.0
1.7668316159149283e-06
1.2355543785497826e-05
5.221614437096427e-06
0.0
3.167671759366473e-05
8.804656092691319e-07
6.816232973267812e-11
1.1981491854105544e-05
1.5759695093305864e-05
8.4574588211197e-06
4.4608583926094574e-07
3.904942065864493e-06
5.868308768303921e-07
6.694941408469121e-06
3.2950758464300266e-06
3.819342697648295e-06
1.81036339029937e-05
2.110411118150458e-06
9.706600252350456e-06
7.909401356337042e-05
4.3097830223834564e-07
2.0837153244360446e-05
9.632893506806363e-08
0.0
1.2994787052716651e-05
3.199175878912457e-06
3.937266229308231e-05
3.662298472281976e-07
3.7030204242207274e-06
4.228782579441892e-07
7.421863893233027e-07
1.944864285584653e-06
2.0702388296652345e-06
7.150083832224753e-05
1.0393668667251092e-06
9.341036948181594e-06
1.2935617791667252e-12
0.0001728311741643987
9.949828072416276e-07
1.6226772163055724e-07
2.6612569669467535e-06
2.8924264076608964e-07
5.0678903353400215e-06
3.091660263356423e-07
0.00010109890462514062
0.00021590636834222904
3.876646158659749e-06
0.0
2.8673258990674445e-05
2.5032428871828695e-08
1.6413174035219348e-05
0.0
6.088331120835402e-08
6.6349553985138316e-06
3.583901810847928e-06
7.119462948330901e-06
1.1187506240979011e-06
0.00023299010397583156
2.5486508807547923e-05
0.0
4.5092848613582156e-07
1.9688574608142153e-06
1.6783576803868464e-05
1.0707843467308e-06
7.114869462101038e-07
7.027169007161191e-07
1.2791861537786877e-05
7.895314943959717e-06
6.8470390028227465e-06
1.8473052373582116e-06
1.9507238353692716e-06
1.0918934467792777e-05
0.0
0.0
0.0
4.042206496581807e-06
3.291006783858129e-05
5.307259421163896e-07
0.0
1.6438633039610936e-06
3.6147405372820087e-11
1.0577438644679564e-06
3.884851321179299e-05
3.314834764895066e-07
3.6018709188382234e-05
2.560406200368309e-06
1.5065590204670801e-06
3.0283764275394276e-07
8.898598931179586e-07
6.805084691317323e-07
4.203087402568204e-07
2.5074018497867586e-07
3.360853314364823e-06
3.736068790318219e-06
5.911004579766675e-06
6.429880859771837e-07
6.408789503492215e-06
7.34158307695107e-06
3.285883292567667e-06
0.0
3.5243041027587375e-05
1.0481334694983086e-06
1.0137059711099205e-05
8.352190228694974e-06
6.72116739332203e-06
1.8560813100553138e-13
5.0275158782517364e-06
8.793231901360006e-07
0.0
1.4580761943946698e-06
6.894540833442437e-07
2.51445456901656e-06
8.036888506078945e-06
7.062403549957583e-06
9.141141616388209e-06
1.3698301035742094e-06
3.5925653316231647e-07
5.21994696749989e-06
1.2449941032626682e-05
1.4339422600716775e-05
1.5559366813062914e-05
8.197558342860512e-06
5.845230250725924e-07
5.658164815749051e-06
1.4136992821779786e-06
0.0
1.043600133351119e-07
4.724232519030678e-06
9.347380136812421e-06
3.4097318713617655e-06
9.357673038098147e-06
4.266646225111566e-05
1.3283097608321905e-06
8.121469064422262e-07
3.884826615056341e-07
1.261388506904415e-05
9.02894122149183e-05
3.995763745671873e-06
7.099472778567576e-07
8.716714565707328e-11
1.262045225156251e-06
0.0
2.3848530240993182e-05
0.0001803010992866296
1.4949316295576557e-06
0.0
3.560266157827202e-05
8.590219694615936e-05
0.0001429608530421501
4.2501127020827886e-07
4.225139419667659e-06
2.2265038048758813e-05
1.818844363565142e-05
1.084071293596095e-06
2.713589081199239e-07
1.6174382814895186e-06
2.8615020846250432e-05
0.0
1.3619123207126502e-06
2.665168685244153e-06
2.566590500814977e-07
1.840448498384388e-05
0.0
2.24365470462152e-05
3.082601132044831e-07
3.627501672059547e-06
0.0
9.296107898218489e-06
0.0
6.270686845116827e-11
7.12645735639905e-06
0.0
2.9229470015583016e-06
1.2370296011425617e-05
6.452830212185221e-06
0.0
2.4903062396466736e-06
6.792438244560774e-06
0.0
1.1768198679328834e-06
1.0047772860965107e-05
4.996175676676931e-06
7.837281967908159e-06
2.6239679759377412e-05
7.400550199755069e-06
3.0021153953801456e-07
1.3466749947438515e-05
1.3847910890367776e-06
4.092302466627621e-06
0.00023207836065174285
0.0
5.4746862021898035e-08
4.114703586463241e-06
1.616541361987926e-06
1.3886304373504869e-05
2.868897747528293e-07
7.932651079236133e-06
0.0
7.02277256723785e-07
3.2198849271707774e-05
0.0
4.4854156934800605e-06
0.0
0.0
3.0578759658334007e-06
2.511291081444753e-06
2.511719434406294e-07
9.532277094297255e-06
2.4642318503433107e-06
3.112304745348166e-06
5.993769616639983e-08
0.0
2.1080910759162217e-06
0.0
7.544781579776303e-07
2.4643239181482778e-06
4.919568274675492e-05
3.2776487782601394e-06
0.0038871630907398925
0.0
1.8478053282029608e-07
2.2237245940957266e-06
5.322400740148896e-05
5.44907973870598e-06
1.676549187739342e-05
2.395231946251147e-05
0.0
3.305380754844858e-06
1.012354765784429e-05
1.964629931198178e-07
5.703507154912176e-06
8.974584618740265e-06
1.787161943652627e-07
1.214313880206775e-05
2.8854488513681885e-06
1.561785353569091e-05
0.0
1.6746702464445077e-06
8.32369842651072e-06
3.8562533528219786e-06
1.335946148819092e-07
2.3781814304628892e-06
3.153715761261057e-06
4.637492738793203e-07
9.784317995758758e-07
6.504200716376893e-06
0.0
3.677359158484177e-06
0.0
5.042438954566182e-06
5.6313973441053184e-08
1.7144478856355112e-07
0.0
0.0
5.165667239735174e-06
4.724750358778098e-06
2.7337906882003242e-06
9.657225134889585e-06
2.9474224727636685e-06
1.0662985736425967e-05
0.0
1.471440831042647e-06
0.0
0.9742073761311468
2.8388072108534004e-07
1.8920002355498683e-06
5.490635927959858e-07
4.4639295711994445e-06
1.4547026481426465e-05
2.2412011599684685e-05
4.130589843327088e-06
2.8093992451787357e-06
8.821844259877517e-06
0.0
4.077171246986303e-06
1.8492912240543136e-06
0.0
0.0
0.0
3.9978706900806906e-07
7.102765709786018e-06
0.0
3.0861280592932998e-06
0.0
1.81615242067985e-05
1.0507951504149718e-05
1.1408877544183949e-07
0.0
0.0
7.020581352982709e-06
1.1694353440887922e-05
0.00015623091639852598
0.0
8.745657818565226e-06
1.7245773235714656e-05
2.41814534552583e-06
2.568269697398981e-06
1.6332146151629368e-06
7.418569785059301e-06
1.2558939698422378e-06
3.4352977725218454e-05
2.8621232390733605e-06
2.282762545635089e-05
1.2715891542948976e-05
0.0
3.709340928986254e-05
3.9418586589209186e-07
7.192101670005107e-06
7.248844015325376e-11
0.0
3.2999108322989135e-06
0.0
2.682873900430095e-07
7.62699379985931e-07
4.191152206942074e-05
3.3522190702978975e-08
3.786254933860542e-06
2.825221993844419e-05
1.1271750128548214e-06
0.0
6.360149860964797e-07
6.209425523195993e-05
1.0875902526354374e-05
3.1288658701217837e-06
2.426539628853744e-06
5.330531021908017e-06
0.0
0.0
2.547643416328251e-06
8.73702310150173e-06
0.0
0.0
3.3354162041597606e-12
8.845606715314737e-07
1.644532437906116e-06
0.0004039614855670761
2.8411276267900266e-06
2.1144162633952064e-06
0.006136137971162503
4.842892477561331e-06
2.251602110840572e-06
3.920360884286812e-05
4.466247668455615e-05
3.9039639497389784e-06
8.636428967463225e-06
1.7758754065291696e-06
1.7050399747125512e-06
7.51609947841343e-07
2.0153954317537745e-06
2.567001261219403e-05
0.0
3.1340668509686906e-06
3.183979388043655e-06
2.52089600671822e-07
5.235880099042459e-06
8.81358047537093e-06
2.3180938607740384e-05
1.5395618019263065e-05
1.0594666225171958e-06
5.178961768819244e-07
2.5213244038448327e-07
3.0586081211446634e-06
0.02982559322441545
1.3128661582696812e-05
3.5586632528026654e-06
0.0
1.762672227849477e-06
5.9504845677535774e-09
7.054940450102483e-06
0.0
1.6580599570217717e-10
4.2435274700123896e-06
2.7876525912611198e-11
5.217559044925628e-07
3.676704715557461e-06
6.292855348288614e-06
0.0
1.0237136403685017e-05
0.0
0.0
3.8245336763047343e-07
3.849645002601771e-06
2.6583472150699843e-06
2.0082269961522447e-10
1.4759258733898218e-06
3.03501068872332e-07
2.867870683330577e-06
1.4089919968004521e-05
1.4078673637592403e-05
1.544269827249067e-05
0.017282091568681213
0.0
1.3008241467622036e-05
8.79217477050923e-07
1.724455599820951e-05
5.002332597897506e-07
0.0
1.328613949684785e-07
0.00014946953935600357
3.1217112215639995e-06
4.62835386191677e-07
2.2909579615765994e-05
3.0661501609940482e-06
4.081137269281778e-06
1.1506828193730638e-05
9.36878561264782e-06
3.0719312236647795e-06
8.726102767613607e-07
4.645725354528244e-06
7.512245723277751e-06
2.157295338547471e-06
1.54753625793329e-06
0.0
1.4012917375283613e-05
2.5177373266924187e-07
4.683236940509149e-06
3.085893781798038e-06
8.001447430689069e-06
6.59010867039496e-07
5.554207393772341e-06
1.0265054430654202e-06
3.402226170955874e-06
4.867932767509311e-07
2.0840413901488414e-11
6.952749517015877e-07
0.0
2.7069712235662614e-06
8.172786835927137e-06
2.456268737923501e-06
2.2386177772018433e-06
4.641042967817597e-06
2.0188627470027814e-11
1.3519627181489962e-05
7.3133816087952855e-06
4.387546360974153e-07
3.7738997230861965e-05
1.55701083735381e-06
5.692425890512871e-06
3.3865923627004766e-11
3.6348700502221224e-07
8.530105457545008e-06
8.968963386586543e-07
2.985301567267382e-08
1.140484799846576e-05
1.5912039351741083e-05
6.578363179102727e-09
5.28443601288021e-05
1.9521698604705675e-06
5.5231488225292e-05
1.6817365885113035e-06
2.426994257502442e-06
4.04370854515997e-05
2.349229184846757e-06
2.5218889644737876e-06
6.1794698359567185e-06
2.132967972775839e-06
9.963236971622573e-06
3.9535940550692465e-06
2.5629564292567256e-06
5.751764305601702e-06
0.0
0.0
0.0
0.0
1.26302700689792e-06
0.9743066712615542
0.0
0.0
2.3486238323591654e-05
9.64640013829307e-06
6.437287664517543e-06
5.436817608085599e-06
7.260859491713699e-06
1.1382143263038331e-07
3.201786515691445e-06
4.668281980281187e-06
3.967591240919105e-06
2.673601703264034e-06
2.9639055746850296e-06
8.793327862629586e-09
9.593190713956437e-07
1.1215446913076796e-05
8.015683572420599e-07
5.868945516180064e-06
1.0833058127028455e-05
4.021941151260909e-08
5.189480905524505e-06
1.872296936245895e-07
2.27321390105377e-06
1.5447744494312624e-05
1.2878137675492554e-06
4.34554245944152e-06
7.830911470361703e-07
1.7191407495288928e-05
1.8970510706268442e-06
1.0714667576737048e-05
3.143570498380474e-06
0.0
1.4244452003833133e-05
8.101281606245945e-07
1.3811445277028034e-10
1.223823016910414e-05
2.9588674865910942e-05
1.5670172947063012e-06
3.644636476899472e-05
8.511338878164466e-06
4.709082821207958e-06
6.091401277320524e-08
1.4190643345366444e-06
1.1347445989414614e-06
2.5127375791018766e-06
4.682544662765808e-06
4.130074216045831e-06
1.5388719162352915e-05
2.2716993897132746e-06
0.01400083226684592
0.0
3.710706754304898e-08
1.949209718242516e-06
1.735403870723189e-05
1.0702937550686698e-09
1.6524191255449328e-06
1.6798390750725776e-07
3.4233877470664555e-06
8.590469616797493e-06
1.0186331767799028e-11
3.022779274076529e-06
0.008027757610804303
5.959894667464061e-06
1.2425094638258143e-05
3.34035976447138e-06
4.4089463363350555e-06
1.822156817851615e-05
2.729000296314678e-07
2.854710732781966e-06
2.320630497235134e-06
0.0
6.859263959747086e-06
9.016691261107684e-06
2.6329835965175225e-05
1.0310222122464881e-06
2.51521057656175e-05
4.735265013678889e-05
1.563713526421312e-05
8.527351752014697e-06
4.6043916436649945e-07
0.0
9.03180401571703e-06
8.21518067763412e-08
1.8109660245028144e-05
1.6645837182296175e-05
1.24024252517358e-06
8.682019376444975e-06
1.4354495263025039e-05
3.220825940335964e-08
7.564648487599391e-08
1.5967555042543429e-06
9.790193512445738e-07
6.783047030111865e-07
1.4951936700783946e-06
8.44346042331715e-07
2.638068799134668e-05
2.6488863815083627e-06
8.273763758848185e-06
8.042590949675318e-07
1.5209053926696257e-06
1.7089839695291076e-06
6.809968515310059e-06
5.35055227027808e-06
1.251803607305687e-06
4.610479102509601e-06
9.016054156426015e-07
1.1383372906508511e-06
0.055152063733608314
0.0
2.798852201893104e-06
0.006515258585596159
2.2656918863433323e-06
7.098269673486428e-06
9.521955442597749e-06
7.191048565099909e-07
2.335569982567184e-16
3.73337951157058e-06
0.0
0.0
5.953225867312668e-06
1.2546086934525318e-05
8.694031545131192e-07
1.8251697976039545e-10
0.0
4.086601168148538e-07
1.5098444838540611e-07
2.4521171664346266e-05
2.068178858504988e-06
2.005910643619266e-07
1.1307037962771366e-05
6.4202123105592e-06
7.078921939747633e-06
5.403365050750899e-07
0.0
9.143259444065238e-06
3.1746213673320723e-07
1.006629862776164e-06
0.0
9.349222858678114e-06
1.1265165327893017e-06
6.689354679390573e-06
1.632308674058174e-06
7.59486974610921e-06
1.9160421785610625e-05
1.2112635574724887e-06
1.3299818727911824e-07
1.6066705006433932e-06
2.412598697941509e-06
2.1231090587521588e-05
0.0
1.4449766896479152e-05
8.553315315980539e-08
0.0
2.618684610529957e-07
1.7706816023970694e-06
5.9202668615503415e-09
0.002771912257154393
8.00708266741021e-07
5.677800309466893e-07
2.5130620938103053e-06
4.839004470859034e-07
1.4051003264870488e-06
3.27172947498504e-05
1.1255947091855558e-07
2.535048706692398e-06
1.6413565122506136e-06
3.385073883026116e-05
6.234124215972822e-05
1.2970898845054525e-12
2.2340815143324215e-06
3.3612167182192456e-05
0.0
0.0
8.576095179277307e-06
1.6069822786516546e-05
1.6976990919679837e-08
2.678610541766199e-06
3.4785371774047284e-05
0.0
6.3655231703081426e-09
3.338154378069819e-07
3.209471238724856e-06
1.0338882179924167e-06
1.516252118390208e-20
4.183245577264791e-07
0.0
4.29215571828617e-07
7.851624607610485e-07
2.1912220348357063e-05
1.526307001523046e-05
1.7461751082374246e-06
1.4839638227403883e-06
3.257994349228766e-06
1.8450132255909626e-08
1.2149072658903282e-06
0.00010746412443873154
1.4327194970668978e-06
1.7889746772992829e-06
4.363945272876494e-06
3.6873784558922446e-07
2.944604091213607e-06
2.179060725015215e-06
0.0
9.55327363022345e-07
3.109572154901628e-06
1.3114881530205508e-05
3.225848171337177e-06
6.602969895771289e-06
0.0
0.0
1.044152027112064e-06
1.5544103039781133e-06
2.842850393613137e-07
2.531002944261684e-06
2.8967757546765005e-05
0.0005758503482401978
0.0254003735992882
2.9160502690970862e-05
0.0
1.883596640099638e-05
7.231068989944796e-06
2.9473555345621078e-06
2.7665639043493443e-08
1.5191533460174557e-05
7.1216276027359595e-06
1.8872857854282657e-07
9.760718567109646e-07
0.0
2.429888628596597e-05
3.969231586506292e-06
1.820143249110807e-07
1.807089693694976e-06
6.789115558948308e-08
3.2364311414168016e-05
2.2933615216180423e-06
4.4331379897163664e-11
4.886422785373623e-05
1.3131831920454936e-07
4.372978842607968e-06
1.344726380783422e-06
3.1389475347740598e-06
4.071017993637432e-06
6.294283391474768e-06
3.6948513060270015e-05
9.560163548471713e-06
0.0001659724389929723
6.135240017259937e-06
4.396703083403782e-06
1.1627767960137205e-05
0.0
2.1811029705695663e-06
0.0
4.173014816893621e-06
9.142485846522893e-07
5.14836701698256e-06
1.1238186571768789e-06
3.911296462992626e-06
1.1541371023137953e-05
0.0
9.193834302961449e-06
6.119081986390953e-06
3.353332071686358e-06
6.04691328729676e-07
1.1589669678495133e-05
4.094599155398637e-08
1.3970219081272993e-05
3.1366126166149203e-06
2.242840317543004e-06
9.144947031603942e-07
2.2444034180725687e-07
0.001595744544731438
3.835427107727455e-05
0.0
9.047027529714505e-08
4.67261644505269e-09
2.3831471985215635e-07
8.193097548870154e-07
9.010230826490857e-07
1.5441515346405163e-06
1.143629141728249e-06
1.2194647859369444e-05
1.6682646543421535e-06
5.43882106412605e-07
0.0
6.404934869266814e-06
0.0
3.0786202874671196e-07
3.187657747795768e-06
2.2087556918843426e-05
5.454902214416195e-07
2.4653314355797133e-05
9.303818930987861e-06
2.957367737515126e-05
2.118686947774628e-06
0.0
1.3573207374918805e-05
3.767001482564851e-06
8.880015084143833e-07
2.3128624404076977e-06
8.080446921828148e-06
1.561471447984264e-06
1.052024417302555e-05
4.393641404221423e-06
3.192256701655584e-07
1.7067430327908355e-05
0.0
1.2499085652852552e-06
5.363727647975689e-05
1.07327482354257e-05
0.0
8.011472131628215e-06
1.5242742510921826e-06
5.584471561394281e-08
4.516812104789335e-06
0.0
7.101093859124016e-06
1.5697615288399937e-05
0.9742875038170913
1.4635899708534982e-06
3.8398693608851165e-07
2.1494449309678155e-07
4.2879849013990275e-06
4.084128981066203e-07
1.735291844718159e-05
2.818476992898582e-05
8.173421478401116e-06
2.1367580086730594e-05
2.0823556303010595e-05
0.0
4.14629551147467e-06
4.078893091520078e-06
6.396542808552908e-05
6.331126645254581e-06
3.0298327385181785e-06
4.5164768543973264e-05
1.0688342535769206e-06
1.2210390390270902e-05
0.0
1.6413853686892157e-07
2.627427256046446e-05
7.749160724326635e-07
2.1427643619915327e-07
4.133513066672728e-05
6.795883927319363e-06
1.5543809703314333e-12
5.265022314707104e-06
3.12511834620157e-06
0.0
1.677806660497776e-06
2.552547250461079e-06
2.719737036929194e-07
2.213419393149127e-06
8.257415798037335e-07
4.467297770188092e-06
0.0
2.624868748952067e-06
5.990228123021902e-05
1.6528769423715264e-05
9.982684445276574e-07
1.3329509056680512e-05
1.707109388363968e-05
1.030206450099546e-05
4.856669713170604e-07
7.500409061255298e-06
0.0
6.435694770195336e-07
9.129845494596976e-06
8.011553098482885e-06
1.3914435931246021e-05
9.845156372013058e-07
0.0
9.510035955232316e-10
1.7873742058381763e-07
1.4040664624670158e-06
1.0103783898339784e-06
0.0
3.0607517903719176e-06
2.1558438063935362e-06
3.2479468287101396e-06
1.856317790896893e-06
0.0
1.0295985786517258e-06
1.5947125328590298e-06
3.893999196441368e-05
5.24656732287554e-07
3.7915996102729155e-05
4.4653156975679423e-07
4.08319797918566e-06
3.0119017977665766e-06
1.5073225110737205e-05
1.8778684168406754e-06
7.795470628425038e-07
3.501415983809462e-06
1.0306696626386653e-07
1.5685538962199399e-06
3.91699000552437e-06
4.919789907691713e-07
2.410813155295982e-05
0.0
1.3593236398050964e-07
9.68683761061901e-06
0.0
6.127272123421798e-07
2.285349067229523e-05
4.786048217656608e-06
3.1440613958879937e-06
1.3943737773560804e-06
6.75656020699445e-06
3.188633944346735e-07
7.819950682846772e-06
2.8289253771773216e-07
6.857240565923302e-08
3.2630992144145117e-07
5.698134643977943e-07
1.2828518041057693e-06
0.0
6.503075897905661e-11
2.8904579761407333e-07
9.114569975194051e-07
1.9746037542585445e-05
6.99631844736545e-07
2.0758512373717026e-05
3.665751036433233e-12
3.183072951081313e-05
4.8977952255181774e-05
1.5510552131075684e-05
7.644855949712486e-06
0.0
2.7447253891268396e-06
1.3575624027567234e-05
6.61652033425895e-07
2.273618483375377e-06
6.993818151029989e-06
1.0478956405181633e-05
7.50097450177523e-12
6.511458558917058e-05
0.0
0.0
4.2113344050122354e-07
5.20390961757369e-06
1.6674960944989863e-07
1.436481264495964e-05
1.2827486823460636e-05
1.4567550975527274e-05
5.295439587391831e-07
9.691429328848962e-07
3.6205224579357676e-06
3.598219018989788e-06
1.1148197756085682e-09
3.300683833816477e-06
0.0
3.7534139568202774e-06
2.174948950917866e-05
3.372951998875589e-06
4.322360582575525e-06
3.870063568430822e-06
1.6839807686294302e-06
7.972427661261697e-06
5.666049698993523e-06
1.6883070545965608e-06
1.287293889699136e-06
3.2011097736920625e-08
0.0
9.96769160659784e-07
5.948392078505298e-06
0.0
2.0232779513188558e-05
0.0
1.3709456721982693e-07
6.537014972313527e-07
0.0
1.8375817671351268e-06
8.836564017869154e-08
1.4843831567121267e-06
2.275060329836408e-06
5.853724130693944e-07
4.197563970057413e-06
3.606249019106973e-06
2.3140189221906186e-07
1.2583841326438958e-11
3.399726662809895e-06
4.827098396174884e-06
6.7395270169687255e-06
8.446780113488267e-06
