1.7567199771964788e-06
3.009012256086385e-06
4.298902485015933e-06
4.92891377111841e-06
1.974942355934046e-05
3.340468029128048e-06
2.9117892700509636e-08
1.7093159285745913e-05
1.87460803189611e-06
1.042371771322445e-05
1.8985128702188727e-06
5.069439730338005e-07
6.272643409706208e-07
1.1149351333300968e-06
2.3677555896197085e-06
1.6904017554400993e-05
7.527675054063294e-06
6.590662162028905e-07
9.779969856036808e-07
0.0
1.218689493783398e-07
7.210855130015991e-07
5.017931876209519e-06
9.8369289927853e-07
4.835578426923575e-07
4.1334792119070085e-05
1.6813101750617051e-06
7.615532398368403e-06
1.5928920686307556e-06
2.237610783814805e-07
2.7441645583625057e-12
0.0
7.855644445891332e-06
5.2414676757569855e-05
3.831826057029495e-05
6.485300474917182e-06
2.1448200768299513e-05
2.579519089139483e-06
2.679753797425037e-06
1.0977521536461772e-06
2.2436924707027347e-05
0.0
7.625268807249493e-06
1.0348187905596853e-06
5.649533008398667e-07
0.0
1.4283075844408025e-05
4.308690854501242e-12
2.6551650423855546e-06
7.881570579500876e-08
0.0
1.036747862884887e-05
2.8487527965721127e-05
1.4842521077005595e-06
4.79427154341531e-06
6.276335650181396e-12
8.726891218163363e-06
1.2485475607664764e-06
9.583972055807208e-08
2.7720535629872986e-06
0.0014307610820267157
8.447247456443883e-07
0.0
5.118690889967182e-06
0.0
5.064675553453679e-07
1.855347090214583e-06
6.487188019459654e-06
2.6374848997068775e-06
8.976151010693596e-07
7.325623075054476e-06
2.837748727136814e-06
0.0
5.735268654596104e-05
4.796707913601859e-06
1.2748034614278751e-06
4.636083171064144e-06
0.0
2.2512784912318905e-06
4.085206052171007e-06
1.6702549927988278e-06
0.0
7.63121457061208e-06
3.672737712022349e-07
0.0
4.394866844192996e-07
6.243254592291704e-06
2.7906813148993495e-06
1.2930524142184024e-05
2.6009352191847593e-05
9.112967720689166e-07
4.140722232796685e-06
3.5687308135010895e-06
1.8078535069519282e-06
0.0
2.233337635885566e-05
2.604932071166861e-06
1.2534959329757034e-06
7.09761769995264e-07
2.3079882019357547e-07
6.674991579026652e-07
0.0
1.022686441535493e-06
2.15498625497803e-06
1.4213198879810794e-05
6.37611060818551e-06
5.24887903080568e-06
1.2049894155567498e-06
9.480125294973909e-07
9.735677034079472e-08
1.1497371644811912e-05
3.681064985567608e-06
6.324121489009775e-05
5.048009498057306e-12
2.5405775439633253e-06
0.0
3.125789343857355e-05
3.155461299101139e-05
0.0
0.0
6.379568857993324e-06
0.0
3.1433142220045435e-05
3.4649994412092546e-05
3.1669172692703826e-06
2.968725065443093e-06
5.065866713022171e-06
2.0179897058638395e-05
7.996983419495546e-06
9.047388599386492e-07
2.778771435935002e-08
1.4784645714550041e-06
7.561381088898008e-06
1.4107002710113114e-06
1.2813511806339998e-06
5.802152672083374e-07
4.032030441579415e-06
6.629821777819572e-06
1.9819958312459224e-05
3.9306939793582905e-06
1.525683049345709e-06
3.7216320727456807e-06
2.401513924717282e-06
1.2715235614807893e-06
1.929127345078494e-06
3.301241757628487e-13
9.245409495263245e-06
0.0
2.7529909236406628e-05
1.1542660436679355e-06
1.4465778549773817e-05
2.202252278070178e-05
4.935449576773413e-06
8.676053015587286e-07
2.870531803312171e-06
5.0112770604304865e-05
8.063497955743084e-06
4.6535981065575666e-06
6.763429663238075e-06
6.4809532368678035e-06
0.0
4.864943198722787e-06
1.0497505392379982e-05
1.0051093163507058e-06
1.8651375450378502e-06
1.2044926920223313e-05
1.4114090672699454e-05
1.9718120593592344e-11
1.0797812997870726e-06
2.246366495585588e-06
5.858746720416932e-07
3.440350686367762e-07
0.0
0.24545880898300212
1.2436384869289646e-05
4.944330279773664e-07
7.227420741881133e-07
3.6187957209474154e-06
1.0276096109645222e-05
1.1391268056677048e-06
0.039110790837824566
5.252484896732577e-06
4.473783465771741e-06
1.7118388170037504e-06
4.578525617789933e-07
1.758664297249582e-06
1.3179004613758649e-05
1.5791077161970894e-06
4.866799396645955e-07
2.38862330575539e-05
1.7913787258942156e-06
6.431317876362096e-07
2.791786390198891e-06
1.843144919566949e-06
2.9911021548664186e-06
5.792889567332384e-06
3.986551502375239e-06
3.583533469177412e-06
3.093710254938058e-05
1.8380290960495935e-08
3.9316266312799e-07
2.626221438203455e-05
3.7790511216260855e-07
8.549543712433535e-06
8.362641851089572e-06
8.98783317818632e-07
1.0734636920378239e-05
3.8853135541237606e-08
1.1474219079089525e-06
1.4427146205092274e-06
1.5746442178989922e-06
0.0
8.448249496335808e-07
9.41033933866207e-07
2.144729369789296e-06
4.48095906795009e-06
1.2275831675880193e-06
5.728290490028353e-06
3.2417465617159546e-05
0.0
1.6475453005996084e-07
2.8695526669647766e-07
4.287824740932594e-06
0.0
3.6045510976296006e-06
1.4840289138717522e-07
6.3770794006828205e-06
7.723406261791399e-09
1.556462866436236e-07
5.8274658935034794e-08
9.892569608094075e-06
0.0
9.679953050428434e-08
4.39648758087504e-06
2.155013474903371e-06
1.2037388208891465e-07
2.7811860957449455e-08
8.795769036584314e-08
1.1755982222998178e-06
5.740288324909701e-05
9.9680554475244e-06
4.187907139698224e-06
4.327678194236737e-07
9.371633768567967e-07
1.325992450116661e-06
0.00010254123436695131
4.08149774617226e-07
3.3269493545101255e-05
1.4115580457881513e-05
2.322524106448905e-05
4.0629166528037794e-07
4.859490880147928e-06
0.9742402410441117
5.403696404893764e-06
3.5705122324624535e-05
5.255540011657683e-05
4.757542289430059e-05
1.9699368301185786e-06
2.5427415864628634e-06
1.2960333338729736e-06
9.927798130833412e-06
5.00346941950171e-06
1.4168017819705501e-05
1.2528122050680832e-06
7.726534895378607e-06
1.2866110584075254e-05
1.3655075160729671e-05
8.698812403010343e-06
7.180653031278127e-07
1.5924519091684078e-05
1.0410629452273062e-05
5.322635395708721e-06
0.018207745819535864
4.338755531915141e-06
0.0
1.1878878140420704e-07
1.3980340525566281e-05
7.265385671091064e-06
1.5878890636328238e-07
0.13971006349542367
3.743166058857129e-05
1.0472295894275716e-05
7.561564837010126e-07
3.7369231198370022e-06
1.8501700704565164e-06
1.853630550035994e-06
4.684306311460567e-06
9.315825302957332e-07
2.0311077286530527e-06
2.818225967600482e-10
5.23274179019836e-06
7.245985045003401e-06
9.322324588218156e-07
7.903732491719061e-06
5.154712493525567e-06
8.787033229428e-07
3.0528973460795228e-06
1.0029717380866478e-06
9.967148777792911e-06
0.0
5.445587665098789e-06
3.892375371523368e-06
7.3492358462751626e-06
5.136233680942286e-06
7.449876408514924e-07
3.069168192159909e-05
1.3380917541514888e-05
3.069911729356913e-05
1.2596754553744512e-06
4.081169658027247e-06
1.1264865661262032e-06
2.1891104234432288e-06
2.1552231054244798e-05
1.2498912576272e-10
1.6420702367396084e-05
1.0742677294154397e-05
0.0
4.492188934713981e-05
0.0
1.0971523101313662e-06
2.30609640637098e-06
0.0
4.4404218792354754e-07
1.455146484771852e-06
0.0
6.181609494597248e-06
7.085355160330708e-07
1.1875542817570377e-05
1.2143331104323381e-06
1.1063648693475838e-05
7.702695482686543e-06
7.280792612729118e-06
3.191234276157346e-06
1.1551200550898797e-06
1.774677665207516e-06
2.3017814553138692e-06
7.665398528221511e-07
3.925598823090886e-07
5.759301010155854e-06
1.4917993804097648e-05
2.1064079507482392e-05
3.425520947791593e-07
0.0007383173628356293
3.895756257663083e-06
6.448824804872277e-06
6.60926125178668e-06
2.2222494512381332e-05
0.0
3.832735723085626e-07
1.3211537801047348e-06
4.791962046357931e-06
0.0
5.265538483515999e-07
5.891054228867627e-07
0.0
2.7651768711821814e-05
1.2072776676233826e-15
0.0001021021372243727
6.795699268508965e-07
7.18834641908448e-06
1.7798835915883772e-05
2.9875952311288445e-06
1.6712213217837505e-05
6.714171941974896e-06
4.504888371789134e-06
4.9994471806477765e-06
2.1002675957810714e-05
1.0304515909372628e-06
0.0
2.284032928705527e-06
5.1165469406895726e-06
1.0625405383672412e-06
0.0
3.820133032652807e-06
0.0
6.784584114139105e-09
7.144383045551543e-11
2.1503978290448837e-06
6.248778282017205e-06
3.5770762026184265e-07
0.0
4.933455082321275e-06
1.3156086229517015e-06
9.528660532816099e-12
1.4541553128557986e-07
1.7611474685121233e-06
6.370568115244902e-06
0.0
0.0
7.623833721931485e-06
1.8311483712747243e-06
5.471806164404834e-06
2.8783499435654555e-06
0.0
8.233426569439716e-06
1.03038159321039e-06
1.262943911003087e-05
4.690992624441996e-06
4.409153726669187e-07
2.8614755070690076e-06
2.3714250411399306e-05
4.8349382228987714e-06
1.7348508365055215e-07
3.486083230063759e-05
6.643989345218473e-06
8.509798154107846e-07
5.354092842092186e-05
2.449171324518835e-05
1.4736520748182803e-05
1.2064883812225886e-05
2.400646598053689e-06
7.035034340977333e-06
1.2419317286325864e-05
4.12154095048878e-07
0.00898636792171134
5.442706114706557e-06
7.156938933404475e-05
0.0
0.9743283158955576
0.0
6.431555536911404e-06
1.0108443810554754e-06
1.2788440679344436e-05
9.142494728137645e-07
8.73201738698527e-06
2.882861256465855e-07
3.4542564232694667e-06
8.597875594639061e-07
1.383715109705783e-05
3.9241637845345226e-05
0.0
9.597949860232683e-09
3.366336771971152e-07
5.650038143720991e-10
5.860679561496601e-07
3.42718089431168e-06
4.361146965538509e-06
0.00015967862349271548
4.169985913034423e-06
4.357879479022838e-06
3.74502826015741e-06
7.509163680814204e-06
2.8581595305424483e-06
1.160607909974872e-06
2.922333686027197e-06
1.454414087268673e-07
0.0
1.6253751955854248e-05
1.338452990525039e-05
7.729937048931692e-06
0.0
1.9940458949150456e-06
0.0
1.6164229162380332e-06
6.43179438098221e-06
1.812914031938506e-07
8.49254853078076e-06
8.312910248456904e-06
1.3013277761322078e-06
6.701214174255136e-06
2.3738598017900498e-05
1.6568694073359314e-05
5.727304790617237e-06
4.391929857143924e-05
2.0258533722533693e-05
2.248917931330651e-08
7.08761203278639e-07
1.349549142946778e-08
9.439143768493308e-07
4.084471085812488e-06
9.804253777169403e-07
2.005708287169329e-06
1.6441473769472208e-05
0.0
2.1915599212092215e-06
7.900028717467335e-07
1.381462265338984e-10
1.1333837179626427e-07
5.151716176650084e-11
1.519690026318029e-08
7.285009805198264e-06
1.69288484954014e-05
0.0
5.295637733753561e-06
0.0
3.2772940991429746e-05
2.288431662419892e-06
2.8482370080421243e-06
4.737564826509643e-06
2.3876048663283874e-06
1.953480905270165e-07
1.7617798299530889e-06
3.034929234792048e-06
5.873084671880362e-06
1.430871768139064e-05
9.62468175376398e-07
2.3367681784201637e-06
2.5681203244169423e-05
1.2149188395082283e-06
6.815732891154132e-19
4.1775445394365204e-07
1.0499094312383425e-06
7.880526831444876e-06
1.573507050096061e-07
9.826942180650075e-06
6.58845081039799e-07
0.0
1.3287082862070278e-06
0.0
0.0
9.955989331658455e-08
2.5600958220613237e-05
9.797818581404739e-06
0.0
9.573128748565741e-06
1.9351902244150582e-06
9.476788640702417e-05
0.0019212331892931593
1.9068873509718328e-05
2.8106339334210664e-06
6.714241037092221e-06
1.125621340130172e-05
2.90553964471436e-07
0.0
7.579722389690557e-06
2.1720989887352513e-06
1.3159833477494959e-06
3.4701710259422855e-05
0.00019130917278188054
2.028395756764183e-05
3.1494625951526087e-06
0.0
4.569335206639353e-06
0.0
6.3309851695686445e-06
1.3929723366967044e-05
1.390728629273657e-05
5.587718987667011e-07
4.505267826956664e-18
3.5208922533028776e-06
2.0035611446009703e-07
6.891683214313851e-06
1.241431261010739e-06
7.71220770917663e-07
8.426811890212448e-06
6.437383194621842e-06
5.419220368832693e-07
7.949850823931433e-06
2.2928642317362053e-11
0.0
1.5231357953220285e-07
1.3526028397930466e-07
1.2582412982525687e-05
2.273007926028389e-06
2.234741184006109e-05
0.0
1.9146098972151986e-05
3.070090366048098e-06
6.133310135180061e-12
3.0222768306135502e-05
2.1716653209443717e-06
2.6407975575783754e-06
1.2078287595433426e-07
1.4476230186896976e-06
0.0
2.4942162700664456e-06
1.9059122162260937e-05
3.4881717949149763e-06
4.260301312491512e-06
7.044904276112632e-05
7.500779782505188e-07
6.419400030882273e-07
1.0305294862768984e-05
3.240142828942635e-06
0.0
4.260529754547689e-07
0.0
1.0877415487705853e-05
1.3977720652399216e-06
2.6629420549194185e-05
0.0
3.6697666117102217e-05
8.717132687532965e-06
0.0
1.0578237692396983e-10
1.2554083638596842e-07
2.7586865675324752e-05
0.0
3.4218350892700626e-06
1.3393831601434076e-05
1.0806287357357184e-06
1.9371917347069697e-05
4.576352614059871e-06
3.8392998462781263e-07
1.6852533333642377e-06
8.89001288469249e-06
9.01914218668753e-06
1.9057957511929477e-07
1.2311120978468857e-05
2.891585273227483e-05
1.4468576319980157e-05
2.7956936629032377e-06
3.506320573081652e-07
2.995338140786675e-07
1.7700570807421137e-06
1.8861042233244939e-06
0.0
1.3331248474595228e-06
5.887761442439616e-06
0.9744092578498973
2.3958908311138502e-05
8.09596269605532e-12
5.457609278249105e-06
1.3317732878130164e-10
1.4011445168130426e-07
0.0
2.276651265654001e-05
3.8872243402603233e-07
5.690496245611625e-05
7.714703779177244e-06
0.0
3.0721612838334665e-05
4.3647657375675423e-07
1.885407287389203e-06
3.5562430792608485e-12
1.6431970288733221e-06
0.974154491456333
0.0
2.520719978810943e-05
4.3278029597916935e-07
6.716805508467738e-07
1.316635872192458e-05
1.217579912361166e-05
1.2354646860923101e-05
7.687150373345858e-06
0.0
0.0
1.6497942645848068e-06
1.869637986241343e-06
7.409130791118766e-06
4.816116034758017e-07
3.858205564392692e-05
6.335799850876278e-07
1.9444212018005593e-06
1.089047790883207e-06
8.156691884812635e-07
6.959385622723645e-05
2.848589817022933e-05
8.607547838310716e-06
1.3878279556687591e-05
5.187621502638096e-06
0.0
1.2687514970260986e-05
4.964366739221823e-06
0.0
4.149583694266671e-06
6.5279832186003786e-06
1.846489560837146e-06
0.0
0.0
6.1606408289358615e-06
1.3177216367617114e-05
3.187513446987744e-05
2.4646213475887416e-05
0.0
1.8598295144805053e-07
2.144738994377023e-05
0.0
4.057309712529346e-06
3.434431533479142e-05
1.927468495885847e-06
7.024081409180031e-06
2.7787138506787782e-05
1.223762749321838e-06
7.492261584814189e-06
0.0
4.6244833653567866e-11
7.011148858591778e-06
1.4105316972513332e-05
1.0068910450828824e-05
7.397194157425567e-08
7.752439526028064e-05
5.567475971359695e-07
2.2715069847076974e-06
1.8061834972538304e-05
0.0
1.1252500153016019e-06
4.17789976526274e-07
2.2075732504388408e-05
5.9961115415869925e-06
0.0
7.360706822922907e-07
1.121768954349988e-06
1.293444113215054e-07
4.1092906335326e-06
0.0
6.073806380320439e-06
6.574776990223402e-07
1.879275962828996e-07
2.9495676280881846e-06
5.17311681895444e-07
6.989206474482028e-06
1.812715169125587e-05
1.507127865529644e-06
8.822254555505333e-05
0.000714122041464744
3.5868328613068036e-06
0.0
1.982632493709353e-06
1.0758470128342878e-05
0.0
6.5010755442148945e-06
4.638508223671544e-06
0.00012709407728681544
1.5214724803591735e-05
2.905717229647701e-06
1.1312466695240516e-05
0.0
7.213971663192854e-06
3.196714629322423e-05
2.2437872334750514e-06
3.723941492587207e-06
1.2617441381910403e-05
1.1342452242734002e-05
1.426090158965576e-06
3.553024870989527e-06
1.864775629816356e-06
4.174355464519138e-06
4.288264311653068e-05
0.00010704703507405817
1.951973416486366e-05
1.8769854326333682e-05
7.2559028293680945e-06
1.9455635119550282e-07
3.248384996846322e-05
2.2523790964409728e-06
1.2333262828266516e-06
4.569915536955365e-06
0.0
9.04530106101273e-06
1.0497944755145778e-05
1.9758145516414595e-06
9.479225672703588e-07
1.8294487445753916e-07
1.031293908599151e-06
3.792887425117089e-05
0.0
2.6767127031445905e-05
2.093413895386167e-05
2.064197927514744e-05
2.060231683368634e-05
8.67862449229402e-07
6.606318368414699e-05
5.657538153886036e-07
1.2018835296245756e-06
2.394673913649986e-11
1.3310352868611756e-05
1.3869137143116988e-06
2.135111926314133e-06
2.867570794282593e-05
0.0
0.0
5.07870536698337e-06
2.0299202630306547e-06
1.2122362218239747e-05
0.00017718825970117248
0.0
0.0
3.492727399868641e-05
3.4392771750918143e-06
7.389521522690102e-06
2.0378438088056383e-08
3.6022054403685714e-06
9.06558410714172e-06
8.593464436940238e-07
4.604116879096583e-06
0.0
2.0868485710781142e-05
3.3388501350190675e-06
0.0
5.7758242811372415e-12
3.3152894556980673e-07
2.6327404401136676e-05
9.022247452409215e-07
0.0
3.9620550934956646e-07
3.356282928171155e-06
0.0
2.9045518183435143e-05
0.0
0.0
2.723967276595234e-05
3.904062334728573e-05
3.6748057741838496e-12
0.0
1.6684942142239365e-05
7.129731765396917e-08
1.9308818010934643e-05
1.171503633740595e-05
0.0
2.280992899994776e-05
2.8905905195179076e-06
4.611449010022163e-06
6.924831261234052e-07
1.4557977634879297e-05
0.0
0.0
0.00011456575311064256
0.0
2.7479223896038354e-07
1.2630569442908069e-05
2.3183962276443012e-05
3.640690487883557e-05
1.2128094310385466e-05
5.585993264721155e-07
8.095579148121315e-11
5.07168335267902e-07
1.0706849448198089e-06
3.293667164719583e-07
5.731193551414199e-07
1.1273990667097894e-05
1.237614504686262e-05
6.149670709314865e-06
1.5233020943660808e-05
4.214214057351227e-06
1.9436094466629603e-13
4.9260173364133365e-05
3.1518941338405456e-06
0.0002299981477928945
0.003661054737004929
0.0
0.0
2.7762178923845994e-07
1.055930299838303e-07
1.5919893136760074e-07
0.9740980300682532
1.8899488840713301e-10
7.979857713306182e-07
5.874212705884199e-06
5.093190309372052e-05
0.0
4.393654252641816e-07
3.2353838852332782e-06
4.948014250553475e-07
1.8433131403378594e-05
2.9477388138554243e-06
1.3898877917152434e-06
0.0
5.179540640164531e-07
0.004887622181998954
0.00021193756336810497
1.7927678412445385e-05
2.5966997897454344e-05
0.0
4.170723008086811e-06
2.10580619155678e-06
7.366030231486696e-06
5.75146725363662e-12
6.420746239858399e-07
3.692348759878579e-07
0.0
9.069131100565473e-06
1.4874431765230047e-05
1.2436895379215142e-05
1.0285201223247936e-05
1.1491180090606462e-07
3.601936408934993e-06
1.6535587843580922e-06
5.3192543271275565e-06
0.0008067987234183944
7.363920574873001e-07
1.835207608038697e-05
6.351277861215573e-06
1.3111423789747009e-05
4.981162833239376e-06
2.683340764387821e-06
4.425632562120159e-11
2.17168831181254e-05
0.0
6.487313749683196e-07
2.631827990158428e-06
4.086574070554562e-06
5.072771402644919e-07
1.4536093758216082e-05
3.901158383426568e-07
0.9742219988228299
0.0
9.09085030895922e-07
3.365129219028687e-06
6.832940463185202e-06
1.9134597788951133e-07
0.0
8.07932225013017e-06
1.1718659994747977e-06
1.1275527791058897e-05
5.490580938368519e-06
1.5068180790077194e-05
7.940697716485377e-06
8.685774176865401e-11
9.977239081526848e-06
3.089998021088502e-07
1.6255321255627438e-06
0.0008246335869079042
2.0124802561657023e-07
7.871287104803724e-07
6.210239594735533e-10
3.193135749916008e-06
2.0285410369835433e-05
8.427366948394306e-07
5.109825895948095e-07
1.9766475601402424e-06
0.0
5.644854872089419e-07
1.295799701517885e-06
1.404823277789064e-05
0.0
2.2498988794953567e-05
6.246783736601996e-06
1.6403215077257522e-06
1.7265111317934818e-05
2.8832638197910667e-06
1.5364795406353164e-06
0.0
4.000334035712918e-06
3.716709216654137e-06
1.52979916099187e-11
4.533537186392683e-06
2.3699417371121426e-05
8.140508618721708e-06
2.1527480717709811e-07
4.35677039260503e-06
4.207589985205026e-06
1.628534532694063e-06
2.304140327456802e-06
8.366258511902297e-07
2.4038987428453256e-06
5.83599382593199e-06
0.0
1.5950397098715665e-06
1.208384674612758e-07
8.173945445535989e-06
5.4571248086339805e-05
4.1319922858393787e-07
3.891772839328391e-06
3.3346324525378076e-05
0.0
2.771680009713957e-06
3.457210910609451e-06
3.7141591541184544e-06
3.966691945665967e-07
9.600496458711009e-07
8.196764172820877e-06
4.035136098136574e-06
1.7941862075084446e-06
1.7948628231248275e-07
3.661681187838506e-08
0.0
3.679290237263662e-06
1.404339019173712e-05
1.1065710270930578e-05
3.6620907355626145e-06
2.089121761240505e-05
0.0
0.0004905250105462866
1.096883959512092e-06
4.703226117878435e-12
3.0582863037599562e-06
3.494973333330656e-06
2.3851291401133636e-06
0.0
8.870188615406618e-06
1.2081988036221475e-06
3.09779967370557e-05
1.552360641707987e-05
2.7700720583066315e-06
6.240846864620873e-07
5.014150109506751e-07
4.788704716928357e-06
1.893362865587199e-07
1.5051444147044604e-05
0.0
2.6134134569213537e-06
0.0
1.0902780710383618e-06
3.748028128744407e-05
1.4086620391999527e-06
8.390306968631698e-06
1.3678436234833646e-08
1.0876258290355642e-05
2.2798414917411123e-06
0.0
1.9554687506098854e-06
2.8187067966039064e-06
1.174258551451609e-05
9.972378171807863e-07
4.2688484656105236e-07
1.916399612840666e-06
2.7785809004864024e-06
1.0160168042698152e-06
7.303360961301353e-06
1.770355773640296e-05
5.174603804488653e-06
0.0
1.9959708971385315e-05
8.491685651535237e-06
5.155734942084133e-07
2.873603595127535e-07
1.294374873622845e-06
1.7980422236185053e-06
3.1270125616578312e-06
1.3726201583415451e-06
4.025424936184582e-06
4.788549735811945e-07
1.670759720080453e-07
0.9746740997937632
2.9959197537149224e-06
3.178348734170637e-05
2.832699951852376e-06
0.0
3.232103763388658e-07
3.818421961122555e-06
8.763929965681292e-05
3.6263233665819643e-06
6.884381551838043e-07
5.440345315976043e-06
6.400291990933567e-07
1.9986591363030858e-06
1.2099692075887957e-05
2.42769382473201e-05
3.1761652745952857e-06
6.712263289260021e-07
7.244383526682417e-06
1.9741376944401518e-07
1.7694236082950617e-05
1.0111623471001105e-06
0.0
1.4853571869661186e-11
2.4359787719906938e-06
7.1324456917398896e-06
3.307929553738964e-07
8.6564445906729e-06
4.3944468495449715e-06
0.0
1.659781686964029e-06
0.0
3.350669755944845e-07
0.0
5.411856782108837e-07
0.0
2.2512095799133516e-08
4.150166113748444e-05
1.5497027065010476e-06
0.0
1.6506932187835913e-06
7.450712827097283e-06
4.935532901649423e-05
2.861648919467376e-11
2.8096359954459492e-05
9.78550682797499e-06
5.185056186956631e-06
1.4548050606661223e-10
7.472969403899068e-07
5.462754803709734e-07
3.273886979281883e-06
5.161070957375217e-06
3.2084379684970725e-06
3.386469634788279e-07
2.404988332606562e-06
1.4222665361063362e-06
1.9146377361306248e-05
7.368621419725545e-06
2.3706542194155728e-07
7.2824184279340545e-06
1.6324213563166694e-06
1.4129982797654131e-05
2.025649692122777e-06
1.0057809180539747e-05
1.3579144967965748e-06
5.8873485308744265e-05
5.510776082275185e-06
1.5767443913325998e-06
2.1910762148766332e-08
4.172757610831547e-06
7.491064119707264e-07
4.974909401694733e-05
8.118764290998847e-07
1.0212427221948397e-07
2.827537653685709e-06
7.644198460660392e-07
4.6343340142667153e-07
2.6667312843950704e-06
0.0
8.444048474573652e-11
7.843641118803504e-06
0.0
1.8701800020021454e-05
0.0
1.2167782887282121e-05
6.954945167397533e-06
3.896920113954297e-06
8.356011108201272e-07
8.60159883274659e-06
0.0
1.919476538413863e-06
2.3177851084581075e-07
8.531248464072342e-06
1.225592655790674e-11
6.222705561588443e-07
0.24386422560325183
0.0
1.9508606656041642e-06
3.394872573076833e-06
5.316983851054038e-07
1.4563026965106429e-06
4.6266144766303526e-07
7.46782713543609e-06
1.0474660507085136e-06
8.406306462311802e-06
4.775047613555163e-07
7.156654386765974e-07
1.2607857263998856e-05
4.25129364978244e-05
3.836781794698822e-06
6.308505185951012e-07
1.7903315698949878e-06
6.164200391636024e-06
0.0
5.847269921625544e-06
7.3200674598520646e-06
0.0
4.744283945064699e-06
0.0
6.521986574165083e-06
3.6901250273412936e-06
9.038900855440653e-07
2.9037641449412726e-06
1.1398536367722745e-06
3.149517599282533e-06
7.828103041405713e-07
4.569125225933742e-07
3.2582359482095597e-06
9.182207071249471e-06
9.135249907035752e-11
0.0
1.6766914387163424e-05
0.0
4.997914017209165e-06
0.0
0.00013062759532649299
7.218666811645927e-06
7.96601823975436e-07
2.584915141413921e-06
1.531484160765127e-13
2.0378192031959128e-05
9.257214616945338e-07
1.1551284330812375e-05
4.734551073126584e-06
0.0
3.714487649029699e-07
7.48836698656987e-06
1.0802796164777212e-05
0.0
2.248514752581531e-05
1.4971930516692175e-07
2.1401964199916e-06
6.659570672119864e-06
1.6482518843217767e-06
1.4145735391539762e-06
2.6512443905308905e-08
0.0
3.3507051080868423e-06
7.18205666788906e-07
0.0
1.1246652306688886e-05
2.5726934204327555e-05
4.6042695868662035e-06
2.8236815547366285e-06
7.693444725563951e-05
6.813975977935435e-10
2.991311906398436e-06
3.633917704846943e-06
0.0
3.873701248178052e-07
1.3183494322372624e-05
0.0
8.084450394473334e-06
0.0
4.384000897735944e-06
1.4235106911283496e-05
1.553769647522283e-06
2.747856686763445e-07
2.0450234352516263e-06
3.201341067336337e-07
0.0
2.12425417442259e-05
2.5621640590316256e-06
3.4633412625742857e-06
1.6455947289849722e-06
0.00013851658312462255
0.0
