1.0000000005347411
1.000000129971103
0.9999997674528067
0.999999930496844
0.9999998406217921
0.9999997512797508
0.9999998240803143
1.0000000580534874
0.0017157847404438787
0.9999998923731723
0.9999999686499885
1.000000300104584
1.000000016991867
0.9999999972531495
0.9999999893238911
0.9999997030669164
1.0000002551146208
1.0000000516470202
0.9999999427113998
0.9999999844670925
1.0000000790055867
0.03194239851394708
1.0000001538246497
1.0000001828614713
1.0000001481523146
1.0000003352677769
1.0000002390225426
1.0000001762639321
1.0000001072366558
1.0000001392635025
1.0000002556930219
1.0000001315306803
1.0000003447956787
0.9999998928656091
1.0000001264382807
1.000000006851789
1.0000001007677717
0.9999997818018528
1.0000000355550218
1.0000000133388691
0.9999998055327716
0.9999999530294884
1.0000002376883943
0.9999998319067145
1.0000001243067451
0.9999998803219166
1.000000242832038
0.9999999433371852
1.0000001538492012
0.9999998115440225
1.0000000072046236
0.9999998545027893
1.000000021672322
1.0000000580676227
1.0000001462600898
1.00000002569356
1.0000000492173526
0.25010327816451705
0.9999998577388267
1.000000092301042
1.0000001427266063
1.0000001971601025
1.0000000390707178
0.9999999816235728
0.9999998271554779
0.9999999637351061
0.9999998771255474
0.9999999535302942
1.0000000966354203
0.9999997820114322
1.0000000957872777
1.0000000911171754
1.0000000849434691
1.0000001996121155
1.000000138466008
1.0000002205240637
1.000000200487398
0.9999997352851953
0.9999999261616792
0.9999997499451164
0.9999999404652711
0.999999780434735
1.928412643151719e-05
0.9999999501926378
1.000000067322116
1.0000002665595726
1.0000001395922236
0.9999999789377322
1.0000000326134961
0.9999998488119249
1.0000000145911985
0.9999999909969297
0.9999998745241588
0.99999979303525
0.9999998640005368
0.9999999724080826
1.0000000320036355
1.0000000355516014
1.0000001096894207
0.9999998968462838
0.9999999457608625
0.999999736191394
1.0000003482206623
1.0000003853828263
1.000000225797436
0.9999998421118965
1.000000196133272
0.9999999202706638
0.9999998687327866
0.9999998769163279
0.999999918799788
0.9999999577104821
0.99999991688802
0.9999998147317576
0.9999998288022345
1.0000002856229342
1.0000002082124364
1.0000000010646226
1.0000002146294693
0.9999999651111532
0.9999996913360946
1.0000001269621879
1.0000002840872841
1.0000000643156233
1.0000000765370352
1.0000000918701466
1.0000001220631762
1.0000003294653244
1.0000002150289955
1.0000001206077926
0.9999996946575724
0.9999996357145812
1.0000002529437948
1.000000216303911
0.9999999071692
0.9999996795253049
0.9999998734548536
0.9999999559829202
0.9999999940733952
0.9999997993457298
1.0000001007039783
0.9999997821962133
1.0000000257703319
1.0000000775753122
1.0000002326251674
0.999999843546017
6.008526249656753e-05
0.9999999356801611
0.9999998803168335
0.9999999044252558
0.9999997158750664
0.9999997808662784
0.9999998925215625
1.1326990924297554e-05
0.9999996650446336
1.0000000539240965
1.0000000987663993
0.9999997949334268
1.0000000115912555
1.0000002187782155
0.9999998606204397
0.9999998164948067
0.9999999429781764
1.000000049820385
1.000000190471494
1.0000000050922413
1.0000000973252805
1.0000002601404439
1.0000002088335729
1.0000000080985236
0.9999997685052519
0.9999998093339559
1.000000106944085
0.999999894101148
0.9999997916889214
0.999999771492863
0.9999999146393699
0.9999997802392812
1.000000107421344
1.000000344468361
1.0000001315770841
0.9999997735799612
1.000000066399067
0.9999999511795005
0.9999998794059194
0.9999998940410241
0.9999999191692989
1.0000003087406915
1.000000085234825
1.0000001476726348
1.000000002676745
0.9999998694243488
1.0000000384355987
1.0000002440267275
1.000000302005964
0.9999996801716997
0.9999997639332051
0.9999999950653771
0.999999914814468
0.9999999007678195
1.000000256819924
0.999999895491415
0.9999997513813418
0.9999999892729421
0.9999999697546458
1.0000000878840438
1.0000001491090666
1.0000000555482245
1.000000106949977
1.0000000039752823
1.0000000764671009
1.0000001028321432
1.0000000313599833
0.999999992629546
0.9999997822825365
0.9999997677000183
1.0000002235057144
0.9999999758451522
1.0000001381901629
1.0000000780089866
0.9999997808295396
0.9999999953185323
0.9999996801612889
0.999999903780887
0.999999946631281
1.0000001296823242
0.9999997775643829
1.0000000861314238
0.9999999358961934
1.0000000392633974
1.000000036696468
0.9999998401241601
1.0000002231856788
0.9999999584781971
0.9999999867813114
0.9999999238916745
1.0000001706625083
1.0000000642267606
1.0000001380989796
0.9999999821954743
1.000000122626689
0.9999999327800182
0.9999998930989948
0.9999997858917048
0.9999998859077212
0.9999996391996572
1.0000001276011363
0.9999999761461488
1.4030620693923035e-05
0.999999961972795
0.9999998848816172
0.9999998230532071
5.078218561990658e-05
0.2500093447375076
0.9999999805480863
1.0000002154766259
0.9999998281953053
1.0000002320977448
0.9999998863601526
1.0000001268976368
0.999999744818617
1.0000003230537406
0.9999999429944894
1.000000075816632
0.9999999295006691
1.000000201099597
1.000000118641148
1.000000185403372
1.0000000581887312
0.9999999700803004
0.9999999824810796
1.0000000246247704
1.000000404613962
1.000000022030833
0.9999999295735814
0.9999999696433581
1.0000000755786727
1.0000001461880768
1.0000001149095727
1.0000000799111646
0.9999999638001812
0.9999999947560956
1.0000000677190892
1.0000000681178534
0.9999999457508569
1.000000112394671
0.9999999268075239
0.9999999105601736
0.999999772502178
1.0000002968886015
1.0000001005631887
0.9999997767993094
0.9999999501248278
1.0000000729328264
0.9999999515065144
0.9999997756161806
0.9999997622467117
0.9999999277306235
0.999999749545773
0.10537847432587938
1.000000284872178
1.0000000239101843
0.9999999282963838
0.9999999868541605
1.0000000859076437
0.9999999315914053
0.9999998239926882
1.0000002334607487
0.9999999376515089
0.9999997305666136
0.9999999733387355
0.9999998639134768
1.0000001855861045
1.0000000247022334
1.000000314807279
1.000000047956355
0.20875863148604384
0.9999998891447512
1.0000000000001341
0.9999997997635297
1.0000000581672084
1.0000000353521872
0.9999998661507477
0.9999996753451684
1.0000001997701504
0.11077659736668505
1.000000011814545
1.000000078420613
0.9999998929305327
0.999999918008219
1.0000000146858579
0.10875840730701042
0.9999999874394803
1.0000001689909874
0.9999998941440874
1.0000000389281447
0.9999999234960814
1.000000158769443
0.9999998518138437
0.9999998639498331
0.9999999693132484
1.0000000336955968
0.10210137626655955
0.9999998348065439
1.000000277781879
0.9999999250226824
1.0000000671329048
1.0000000385863381
1.0000000987253037
0.9999997708489747
0.9999998594376924
1.000000429445374
0.9999999470289069
0.9999997238513492
0.9999998416791889
0.9999999300503529
0.9999999664065039
0.999999550045902
1.0000000988436162
0.9999999040948743
1.0000002283346696
1.0000000329470142
1.0000002052155315
0.9999997793306175
1.0000000299565615
1.000000060929783
0.9999998047122409
0.999999782575449
0.9999998754233562
0.999999759769935
0.9999997451593392
1.0000002046868148
0.9999999649544792
1.0000000395392696
1.0000001411450978
1.0000002135131048
1.000000021791853
1.0000001011588426
1.000000008127147
1.0000000112952456
1.0000001264396317
1.0000001178449893
1.0000000464118153
1.0000001254154638
0.9999997657032309
0.9999998284769613
1.0000002834729371
0.9999998948685079
1.0000002392648204
0.9999999437001795
0.9999999722946613
0.9999999397918766
0.9999996980433249
1.000000132154415
1.0000002927835083
0.9999995831573539
0.9999996811574329
1.0000003548858412
0.9999999779164349
0.9999999578077752
0.9999996841929165
0.999999924930724
0.9999997823655854
0.9999997666594213
0.9999998645490825
1.000000013744156
1.000000087249026
0.9999998464259324
0.9999997322778124
0.999999709764219
1.0000001466941404
0.9999998975171958
0.9999998585416036
0.9999999289988907
1.0000002141299835
1.0000000104458389
0.999999953932326
0.9999999331156106
0.9999998578165303
0.999999829448767
1.000000087439519
1.0000002334537916
1.000000145524151
1.0000003920242138
1.0000000746015267
1.0000002013880116
0.9999997807965402
1.0000000347448321
0.1051920410132685
0.9999999286510096
1.0000002519873317
0.9999998931429288
1.0000000524202555
1.0000001801043175
0.9999999683911003
1.00000007527
1.0000003155781947
0.9999999548869384
0.999999703700073
1.0000000759992507
0.9999999191674444
0.9999999929191532
0.9999997507604972
0.2500768302516093
1.0000001782001826
0.9999999887943103
1.0000000725177305
0.9999998650673102
1.0000002008063167
1.000000271260942
1.0000000859022684
0.9999999613526868
1.0000000307882917
0.9999997903659043
1.000000240693914
0.9999999061197327
0.9999999328226545
1.0000000917642826
0.9999998081096887
0.9999998997465688
0.9999999368037719
0.9999999342375212
1.0000002511856596
1.0000002669623544
0.9999997336828743
1.0000003165749367
0.999999975059951
0.9999999897936931
1.0000003450037305
1.000000171276269
0.9999999100573838
1.0000000894406755
1.0000000403363871
0.05945780871874425
0.9999999071978006
0.9999999786425194
0.9999997503001883
0.9999999017670269
0.999999743464314
0.9999999074490383
0.9999996775955167
0.9999998056290592
1.0000001927661728
1.0000001047492164
0.9999998166191593
0.9999998716026349
0.9999997527013091
0.9999999488298756
1.0000000018122295
1.0000001242169991
1.0000000622569294
1.0000000076839903
0.06426229832341264
1.0000000165762648
0.9999999494142764
1.0000001011761226
0.9999999319749009
0.9999999081226848
0.9999997323812396
1.0000001157183191
1.0000001843853807
1.0000002587555243
1.0000001017072444
1.0000000435616978
1.00000025344369
0.207073670510978
1.000000220568565
0.9999999171687332
0.9999996332061915
0.9999999335726089
0.9999998291964065
0.016437327258009903
0.9999997643402273
0.999999729113117
0.9999998393076275
1.0000001016679145
1.0000002087405793
0.999999933764167
0.999999886333138
1.0000000145421182
0.9999998543780724
0.9999997605163958
2.9381597492072463e-05
1.000000078291795
1.0000000593431912
0.9999999449588207
1.0000003386539078
0.9999998998277969
0.9999998397506005
1.0000001638009643
0.9999998375502289
1.000000096466862
1.0000001158409197
0.9999999839393415
0.9999999893095779
1.0000000991114593
1.0000001025638592
0.9999999053819839
1.0000000224846455
1.0000001786718187
0.9999999472547669
0.999999905771235
0.9999996256832708
0.9999999628541342
1.0000001303277297
0.25002997464090415
0.9999999154775492
0.9999999838633266
1.0000000422360018
1.0000000310733899
0.9999998234026766
1.0000000659481556
0.999999734979512
0.9999998513445201
0.9999998578940829
1.000000060549763
1.0000000593325709
0.9999999916361186
1.0000002056158026
0.9999999467113609
0.9999999810920946
1.0000000456509408
0.9999999516445787
0.999999872426704
0.9999999639154585
1.0000004741280308
1.000000236755416
1.0000001522856046
0.9999998108234541
1.0000000526554202
1.000000026410896
0.9999999019533237
1.000000180542694
1.0000000747942437
0.9999999743415159
1.0000001888912688
1.0000000126969666
1.0000000511203833
1.000000086193226
0.9999999145586218
1.0000002184163246
1.0000000763719654
0.9999998540372319
1.0000000061137255
0.9999998126204047
1.0000002853490249
1.000000318984042
0.9999998281525075
1.000000016436311
0.9999998339157641
0.9999997614123837
0.9999999124860502
0.9999998824545301
0.9999999906225043
0.99999993631687
0.2500914360725822
1.0000001852378275
0.9999999793012827
0.9999997895054249
0.9999999825660003
0.9999998363764153
0.9999998051768674
1.0000000127368756
1.000000147150804
0.9999999112306721
0.9999998580433777
0.9999999446585356
1.0000001266438656
1.0000001950411999
0.9999997724560207
1.0000000034416772
1.0000000273206961
0.9999997814159105
1.0000002643839088
1.0000001231967384
1.0000000302780208
0.9999997797495831
6.734340578227758e-05
1.0000000054378901
0.9999999308346982
1.0000002017720129
0.9999999454694871
1.000000029318542
0.999999989791583
1.000000022473739
0.999999960758227
1.0000001632888056
1.0000000747490727
1.000000316497548
1.000000033562374
0.9999999451599545
1.000000073515213
0.9999999380231305
0.9999999625174111
0.9999998289929093
1.0000002618204535
1.0000002860016406
0.9999999361454815
0.9999998167418511
0.9999999312402722
0.9999999955520533
0.9999999408591238
0.9999998308044242
1.0000002671173926
1.0000000652491619
0.999999926789811
1.0000001722668614
1.0000000284935535
1.0000000470765653
0.9999997646269901
0.9999998958943197
1.0000001644182253
0.9999998017544502
1.0000001814532957
0.9999999143972939
1.0000001893403976
1.0000000402524996
0.2500178162134679
0.25000132360645577
1.0000000766209876
1.000000150734126
0.9999997641410755
0.9999999793645756
1.0000001722354794
0.9999999627215811
0.9999999066316632
0.999999821847925
0.9999997275398748
1.0000001739110473
0.9999998341263252
0.9999999696078203
1.0000000649964054
1.0000000454506592
1.0000000078894242
0.9999997604812253
0.9999996775973146
0.9999998972437023
0.9999999903820911
1.0000002698509145
0.9999997601671304
1.0000000267094287
0.9999999671776119
0.9999999622580863
0.999999961218425
1.0000002868849724
0.999999769297951
1.0000002716486522
0.9999999136351944
0.9999999303195487
1.0000001178850835
1.0000001777933254
0.9999999801060632
0.999999880800897
0.05728522836315602
1.0000000278193688
0.9999999531020761
0.9999996960177175
1.0000001118173105
0.9999999355893073
1.000000015704932
1.0000001803483862
0.999999775412092
1.0000001426939622
1.0000000453916287
0.999999837099484
1.0000000340893622
0.999999674514361
1.000000077401223
1.0000000191921359
1.000000132871409
0.9999999562829303
1.0000002072515093
1.000000021590336
0.9999999697287889
1.0000000383593646
0.9999998057190701
0.99999990448115
0.9999998754485845
0.9999999368576847
1.0000001383173376
1.000000303957708
1.000000200801461
0.9999999358121342
1.0000001068720163
0.9999999259571823
1.0000003802168573
0.9999998541502182
0.9999998174875045
0.9999999449783495
0.9999999658354134
1.0000000205373083
4.460632039101841e-06
1.0000001241750873
0.9999999199002134
0.9999998577029865
0.9999998215954018
0.9999997994530522
0.9999998663691883
1.0000001358896669
0.9999999593472211
1.0000000560616407
0.9999999500891064
1.000000045882015
1.0000000774433138
0.9999997776103712
0.9999999174424655
1.0000000336653192
0.9999998091534155
1.000000095051528
1.0000000313923414
0.9999998665263621
0.9999999699155724
1.000000168324707
0.999999910129113
1.0000000929836061
1.0000000481301254
1.0000000615073144
0.9999999652519141
0.9999999344564294
1.0000001172738118
0.9999996946795686
0.9999996844467296
0.9999999090154378
1.0000001206828375
5.077086894471605e-05
1.000000255418054
0.9999999803568701
0.9999998831350015
0.9999999068155134
1.0000001269797174
0.9999999135887653
1.000000303011517
0.9999999817902744
1.000000281175961
0.9999999198381513
0.9999999078627916
0.9999998915310229
1.000000107767397
0.9999999073649978
0.9999999789951582
1.0000000823326491
1.0000002881928771
0.9999999159989295
0.9999999411824896
1.0000001081511043
0.9999997880695958
0.9999998528216089
0.9999999272067333
0.9999998825638156
0.9999999514280217
1.0000000476286075
1.000000170349305
1.000000027611039
0.9999999003640268
1.0000002432050958
0.9999998338144327
0.9999999695010879
0.9999999832407526
1.0000000539473344
1.0000002510201387
1.0000000696421638
1.0000002570277662
1.000000209829444
0.9999998955174497
1.0000000672363674
1.0000001297790069
0.9999997017748985
1.0000002419774519
1.0000001194514692
0.00172845349726004
1.0000000714716988
1.0000001262331843
0.2500526819064743
1.0000000184014683
1.0000000200811638
1.0000000114891119
1.0000001285626
1.0000001382104502
0.9999999853009078
1.0000000148636339
1.0000000366839221
0.9999997857905133
0.9999998369860921
1.0000000434008762
0.9999998988431001
1.0000001558784672
1.00000029736227
0.9999999785474861
1.0000000821221864
1.000000017170128
1.0000000979358006
1.0000000655590215
0.9999999830373719
0.9999998313279632
0.9999997930282829
1.0000000248032366
1.000000087792228
1.0000000173907249
1.000000103811137
4.709281208323001e-06
1.0000003001855726
1.000000050983841
1.0000000603507968
0.999999777993768
0.9999997714051616
1.0000000947381888
1.0000000443405712
0.9999999915513389
1.000000040482067
0.9999999007035538
0.9999999074818332
1.0000000492647165
0.9999999389880856
1.000000006139996
1.0000002710126317
0.9999996991528266
1.0000002968411252
1.0000000573159644
1.0000001506477463
0.9999998783033494
0.9999999892939293
5.240980017468947e-05
1.000000236362817
0.9999998041742741
1.000000102202903
0.9999999276755311
0.9999997823565817
0.9999997640826553
0.9999999869223646
0.9999999060902471
0.9999997093249802
0.9999999539563734
1.0000000083081986
0.9999997729986738
1.0000001529534561
0.9999998801256795
0.0001358984492912979
0.999999960393761
1.0000002521123728
0.9999998536002006
0.9999996896054656
0.9999997803331803
0.9999998368170084
1.0000002156328835
1.0000000026111513
0.9999999884907507
0.9999997879480144
0.9999997833882446
0.9999999934328954
1.0000001027734364
1.00000010058244
0.9999998000013393
1.0000001260034388
0.9999999834087944
1.0000000166932077
1.000000110619939
0.9999999871870326
0.9999998406126999
1.0000000708842074
1.0000001744500246
1.0000000036460928
0.9999999289650813
1.0000000465846384
0.9999996569254296
1.0000000996533227
0.25000523634115035
0.9999999286419371
1.0000000512163394
1.0000001478980665
1.0000000457913694
1.0000000359600667
0.9999998846554168
1.000000245901235
0.9999999629534596
0.9999999928437835
1.000000185388706
1.0000002181634247
1.0000000525313382
1.0000000392118022
1.0000001594824262
0.9999999721030646
0.9999998280158845
0.9999997995147475
0.9999999703174034
0.9999997168110971
0.9999999692254147
0.9999999446720053
3.4466442633140744e-05
1.0000001300957153
0.9999999979287497
0.9999999185144156
0.9999998890228339
0.9999999474992982
0.9999998418500518
1.0000000531506086
0.9999999557719008
1.0000001674482295
1.0000001071108555
0.9999998337781573
1.000000165908541
0.999999972185077
1.0000000959048858
0.9999997667943388
1.0000000193991356
1.0000001821476865
1.000000080677084
0.9999999850870708
0.9999997458898372
0.9999999374989498
1.0000001568128463
1.00000021233545
1.0000001099693216
0.999999794080784
0.9999998920748039
0.9999998009109022
0.9999999826181104
0.9999997853678022
1.0000001087535375
1.0000001071525684
0.9999998328513223
0.9999996814058717
0.9999999950761902
0.9999997000973314
1.0000000331465595
0.9999998500403079
1.000000212514568
0.9999996121079503
1.0000000615447613
0.9999998846805209
0.9999998968863155
0.9999996643704401
0.9999998048076861
0.999999937435185
0.23728323981695362
0.9999998816982567
1.0000001656697444
1.0000001276631934
1.000000169216352
0.9999999298507657
1.0000000565382234
0.9999999115466465
1.0000001759917267
1.0000001954014681
1.000000056345078
1.0000000900302075
1.0000001388947108
1.0000001305906012
1.0000002587626808
0.9999999752628993
0.9999999732947602
0.9999998452179342
1.0000002082026052
1.0000000435782077
1.0000000000411795
1.0000000312558186
1.000000029831155
0.999999751090952
1.000000191891304
1.000000014639864
0.9999997574690083
0.9999998182162149
1.0000001336483733
0.9999998742930882
1.0000002564571466
0.014794551273058006
0.9999997077334863
1.0000002344511647
1.0000001977958828
0.9999999752866772
0.9999998793414474
1.0000001121847313
1.000000224303551
0.9999997578087474
1.0000001038200845
0.9999999491842577
1.0000000424384976
1.00000009180847
1.0000000513278329
0.9999999726131572
1.0000000791479648
0.9999999074694897
0.999999941585374
1.0000000917727638
1.000000261026097
1.0000001188046204
1.0000000324673641
1.0000001910048335
1.0000001761670851
1.0000001963887313
0.999999993144407
1.0000002130820105
0.9999998635338934
0.9999998579403052
1.0000000148379513
1.0000002540910569
1.000000101321457
1.0000000246469407
0.9999997109696932
1.0000000282239163
0.9999997820910479
0.9999999115997169
1.0000000754942264
1.0000000396355286
1.0000002841650326
0.9999999117421754
1.0000000878073612
0.9999998781209737
1.0000002404338206
1.0000000597560144
0.9999997976625821
1.0000001802071419
1.0000000670465214
1.0000000454021136
1.000000046667303
1.0000000543060155
1.0000001670810292
1.0000002978827371
1.0000001885980572
0.9999997925342684
0.9999999966828397
0.99999996826392
0.9999998833835825
1.000000169575182
1.0000002695758332
0.9999999103005051
1.0000003519686589
1.0000000347250915
1.0000001109638128
0.9999999612341278
1.000000030721741
1.0000001887485221
1.000000227275113
0.9999999707736194
1.000000199439618
0.25001690008488997
1.0000000953659574
0.9999997454324012
0.999999956893838
0.031639272092519745
1.0000002966556492
1.0000002766977585
1.0000000310683779
0.9999999428086576
1.0000001345306817
1.0000000348567595
0.9999999345507111
0.9999999269145223
1.0000002737688032
1.0000003188052573
0.9999998367438439
0.999999866578142
1.0000000827051352
1.8066613140673466e-05
1.0000000640199265
1.000000035539321
1.0000002402726331
0.9999998406220071
1.0000001010057626
0.9999998970654718
0.9999998180006154
0.9999999182137981
0.999999974890725
0.9999998405306291
1.000000051312887
1.0000000333163614
0.9999999271398943
0.9999996881697107
0.9999996810597799
0.9999999396386265
1.000000135425814
0.9999999636692481
0.9999999219730045
1.000000003216937
0.9999999469309508
0.999999887577883
0.9999998808321235
1.0000000920387881
0.9999998790626029
1.0499698900960753e-05
0.9999998266248837
1.0000000850337507
0.9999998358188688
0.9999999383486379
0.9999999159694859
0.9999999793764444
0.9999999605937401
1.000000000688423
0.9999999342517902
1.0000000024523095
0.999999899001235
0.999999966311658
0.999999940156467
1.0000001570711738
0.9999999921708818
0.9999999849931377
1.0000001940715895
1.0000001833135586
0.136328848429786
0.9999999564570792
0.9999999086568648
0.9999999277880547
1.0000001038642825
0.9999999284604559
1.0000001928292859
1.0000001392888485
0.9999998776115284
0.9999999653646733
0.9999997853090152
0.9999998991699738
0.9999998893673459
1.0000002185058583
0.9999999780984125
0.9999998016820887
0.9999999531749578
1.0000001767035591
1.0000001742372455
1.0000001245463312
0.9999999434302952
1.0000000324547098
1.0000001780287997
0.9999999299681285
0.9999999821271054
1.0000003394446244
1.0000000921812995
1.0000001189303456
1.0000002423615562
0.9999998528517279
0.016158697936982006
1.0000000363405535
0.999999944651435
1.0000000971813072
1.0000001228771895
1.000000127203292
0.9999999438100161
1.000000042538017
1.0000001859515322
0.9999999552477871
0.9999998907982625
1.0000001276221115
0.9999999014943397
1.0000000742166555
1.0000000051049267
1.000000052503008
1.000000248215793
0.9999998252608101
1.0000001585585938
0.999999764598322
0.9999999652270838
0.9999999934904551
1.0000001431053194
0.9999999822571987
1.0000000298334772
0.9999997829963183
0.99999978461021
1.0000002773825345
0.9999999509784608
1.000000023219256
0.9999999192822727
0.9999998525041643
0.9999998226652057
0.9999998681056036
0.9999998362413189
1.0000000062771393
1.000000166033861
0.9999998397518766
1.0000002261561671
0.9999998117861928
0.9999997499147367
0.9999999239616898
0.9999998033059617
1.000000125842846
1.0000000842022008
1.0000002294350538
0.9999999552424598
1.0000001984675775
0.9999998586636997
1.00000002708659
0.9999998522662278
0.9999999265275481
1.0000000253989076
0.9999999537760443
0.9999998026702044
1.0000001947589376
0.9999999705453841
3.0215946210161592e-05
1.0000001709599384
0.9999999239286518
1.0000001644716003
1.0000000986293276
0.9999999200596308
1.0000001529372509
0.9999998161641488
1.0000000324103946
1.0000000613116047
0.9999997730483212
0.999999770057091
1.0000000042989328
1.0000001575393478
0.9999999641630976
0.9999997751081169
0.9999998615284807
1.0000001549263462
0.9999999167097142
0.9999999592453084
1.0000000839981014
1.00000001568114
0.9999999882826118
0.9999998741111598
1.0000001820270736
1.0000000727628602
1.0000000299980807
1.0000000038205643
1.000000054304462
1.000000147594429
1.0000002047136591
1.0000002220957018
1.0000002964568757
0.9999998300272789
0.9999997135662905
0.9999998539388226
0.9999998858515745
0.9999997485002012
0.9999999269295687
1.0000002058660629
1.0000002637102967
0.9999998571329016
0.9999999764388282
1.0000001380092807
1.000000011868571
0.9999998451179106
0.9999998045949376
0.2500040007291234
1.0000001891284178
0.9999999606598772
0.9999999963473782
1.0000000579287245
0.999999855963959
0.999999685350433
0.9999999922226719
0.9999999016654681
0.9999997660206484
0.9999998610923299
1.0000000597331242
1.0000001666919494
0.9999999672481625
1.0000000600761303
1.0000001901982805
1.000000126374132
0.0001471131722245381
0.9999997162522868
0.9999998415916737
0.9999998901061579
1.0000000828890756
1.0000000222888168
1.000000035951887
1.0000000944580685
1.0000002567201212
1.0000002173481246
1.0000000149760373
1.0000001296418304
0.02685350227394093
0.9999998561423183
0.9999997338910726
0.9999996741471225
1.0000000291763833
0.999999879162833
0.9999997059875446
1.0000001352060834
0.9999998661492637
0.9999999346256023
0.9999999623181909
1.0000001813187087
1.0000001418600355
1.0000000423081032
1.0000001177757758
1.0000000490800687
1.000000242685842
0.9999999147654295
1.000000152554061
1.0000000193770342
0.9999997172988142
1.0000000742129527
1.0000000283855137
0.9999998448194551
1.0000001657136026
0.9999997059791871
1.0000000587247033
1.000000175558893
0.9999999723539614
0.9999997806617458
1.0000002741313854
0.9999998649191159
1.000000009093104
0.9999998593796798
0.9999998601742806
1.0000001737979622
1.0000001404559051
1.0000001511847252
0.9999999192635024
0.9999998921257223
1.000000200999904
1.000000007608839
1.0000001429198713
1.0000002749703183
0.9999998437653667
1.0000001085395234
0.9999999857620514
1.0000003164124374
1.000000108397604
0.9999999574100475
1.0000001829094005
1.0000002536087944
0.9999998264054422
1.0000000644171945
0.9999999861926396
0.9999998639546817
1.0000000931451223
0.999999920616202
0.9999997946177223
1.000000079051454
1.0000001044432354
1.000000207370713
1.0000001213646625
0.999999818972557
0.9999998664798553
1.0000001716039562
1.0000000709722956
0.9999999960035861
1.0000001948270987
2.980331051283182e-05
0.999999876767607
0.9999999903180803
0.9999999378806518
0.9999998811861461
0.2500095587666443
1.0000000772052602
0.25004110213342245
0.10655884403181097
1.0000000833006855
0.9999998953475041
0.9999996579306222
1.0000000588790114
0.9999998622519811
1.000000211975719
1.0000001683585964
1.0000001531375924
1.0000000437001346
1.0000002284168528
0.9999999713300911
0.999999922475465
0.9999997760825371
1.0000001930434474
0.9999999935494475
0.9999999154340409
0.9999999626857067
2.2674970765169087e-05
1.0000001158081575
0.9999999581606
1.0000001236018823
1.000000025463622
1.0000002005978887
0.9999997755659554
1.0000002202268268
0.9999996881491512
1.000000064974117
1.0000000549234451
1.0000000980083252
0.9999999145849441
1.0000000786756809
1.000000341982401
0.9999999667442931
0.9999999768660942
0.9999999864692777
1.0000000184932318
1.0000001381420567
1.0000003973788307
0.9999997556100666
1.0000000478367752
1.0000001186942438
0.9999997033916419
0.9999999278798741
1.00000006758593
1.0000000631969161
0.9999999561796344
1.000000255529622
1.7716617697062585e-05
1.0000000295355636
1.0000003539522708
1.0000000079653808
0.2500075259947821
0.9999999034374366
0.9999998536057055
1.000000093025268
1.0000000179004296
1.0000000591088258
1.0000000230754538
0.9999999703158526
0.9999998944393985
1.0000000809381715
1.0000002798426229
0.9999998328127172
0.9999996107794015
0.9999997046460909
1.0000000175309385
1.0000001905000853
0.9999999275538878
0.9999999437744881
1.0000002799159073
1.000000055876706
1.0000000428984497
0.9999999619660266
0.9999999952467751
0.9999999137940759
0.9999998550871781
0.9999998069299711
1.0000001215075291
0.9999999555399413
1.000000238567191
1.0000001238923295
0.2500006970771104
0.999999783676088
1.0000002703645174
0.9999999610003071
1.0000001487439845
0.9999998779276662
1.0000001603359745
0.9999998509065986
0.9999999481365018
1.000000028402041
0.9999998204792108
1.00000006221117
1.000000041271548
0.9999998534229735
1.0000001688306224
0.9999998217602197
0.9999999468922567
2.5640028437295933e-06
1.0000002995561192
0.9999998148230848
0.9999998808144277
1.0000000608702804
0.9999997747320939
0.9999999342033128
0.04937087939593897
0.9999997672045153
1.0000001377259953
0.9999999391424448
1.0000002342988261
1.0000001252604402
0.9999998016600459
1.0000002729967217
0.9999999592767745
1.0000000805509315
1.0000002928155773
1.0000000853590136
0.999999771840555
0.9999998097376788
0.999999970267319
1.000000068309012
0.9999998754589791
1.0000003536736284
0.9999998993272766
0.9999999558819526
0.9999998295811182
1.0000000159556595
1.0000001876054352
1.0000001622205503
1.0000000690957516
1.0000000342360515
0.999999969762172
0.9999998453950378
0.9999998915623514
0.9999997826517577
0.9999999436005457
0.9999997633400501
0.9999998340199856
0.9999998567629071
1.0000000252526589
0.9999997811334329
1.0000000304525127
0.999999740166795
0.9999999200525675
0.9999996918811711
0.9999999128713107
1.0000003096969143
1.000000255842108
1.0000001640309035
0.999999815134112
1.000000205700732
0.9999998956871007
0.9999999237440106
0.9999999002705453
1.0000003378598528
1.0000001505966432
1.0000000805416172
1.000000253900992
1.0000000516801542
1.000000122161649
0.9999998795550776
1.0000001095662987
0.9999998734683309
1.0000000765500727
0.9999999170905473
0.9999999909315254
0.9999998929421299
0.9999999910465511
0.9999998403007814
1.0000000018344268
0.9999997665796488
0.9999997360198446
1.0000001691205473
0.9999996733554024
1.0000001013638724
0.9999998944406233
1.0000000599106613
1.000000285411807
1.0000000905317663
1.0000001050982195
1.0000000869069565
0.9999999622799848
1.0000000874846438
1.000000269583046
1.0000000588552314
1.0000000988854014
0.9999999004737761
0.9999999359501449
1.0000000495412313
1.0000001607006197
0.999999946401606
0.9999999062224836
1.0000002233057574
0.9999999646074781
0.9999997180324068
0.9999999350480678
0.9999999669779647
1.0000000788827614
1.0000001393121036
0.25011412843747305
0.9999998479504986
0.9999998373859735
0.9999996893497373
1.0000001311638138
1.000000247483123
1.0000001913675771
0.9999998188570245
1.000000164786483
0.9999998958630838
1.000000076867116
0.9999997858589432
1.0000001417126734
0.9999997981356572
1.0000003335661078
0.9999998054535536
1.000000070123591
0.9999999501582373
0.9999997385684658
0.9999999896002012
2.6157422872311668e-05
1.0000000657676311
0.9999999400516879
0.9999999031141337
0.9999999370784197
0.9999997770012636
1.0000000028298266
1.0000001038009843
0.9999999071947449
0.999999788452771
0.9999997409215958
1.0000000044406923
0.9999998172863166
0.9999999050353472
1.0000001662092364
0.9999998888620321
1.000000131014714
0.9999999266537953
0.9999999284722134
0.9999997324422877
0.999999981735682
0.9999998156043365
1.0000001381895811
1.00000009412283
1.0000001650758905
0.9999999899632162
1.0000002941501431
1.000000326537232
0.9999998544279993
0.1541579670201887
1.0000000946686285
0.9999999960060113
0.9999998241187706
0.9999999846026691
0.9999997231129311
0.9999997413796512
0.9999999669294504
1.000000109012267
1.0000000027941534
1.0000001099695557
1.0000000477082096
1.0000001413834052
0.9999998269590161
0.9999998648761169
1.0000000801745583
0.9999999883639461
1.0000001592139436
0.9999999512482113
0.9999998360226071
1.0000000888200218
1.0000000481050753
0.9999998278667589
0.9999997963532042
0.9999999785228558
0.9999999260747696
0.999999853637406
1.0000003298368507
1.0000000613646032
1.0000001459708998
1.0000002175132001
0.9999997449458882
1.0000002155538938
0.9999999962630544
1.0000004132700386
0.9999999818979634
1.0000001725524714
0.9999996146261587
0.9999999229623763
0.9999998693488446
0.2500313922547181
0.9999999091892836
1.0000002447474488
0.9999998442522829
1.0000000258059079
1.0000000071646258
0.999999627519025
0.9999999434074555
0.9999998773975105
1.000000046567239
1.0000000133278544
0.9999998607951224
0.9999999845772122
1.0000000252378711
1.0000002386739548
1.0000001684781363
1.000000100019504
1.0000000356539467
0.9999998396802521
0.9999999653920556
0.9999999404316524
0.9999998908072779
1.0000002001123083
0.9999998246274427
0.9999999229627324
1.0000002965784447
0.9999999564459396
0.9999997041614151
3.8181405430960715e-05
0.9999997471091255
1.0000000977341486
1.000000035253007
1.0000001726660974
0.06302120596191059
0.9999999566548592
1.0000001451767808
1.0000002986641787
1.0000000387282428
1.0000002294386883
1.0000000289977249
0.9999998275842458
1.0000000778465064
0.9999999000178342
0.9999998687999793
0.9999998028423107
0.9999998246359979
1.0000001995530952
0.9999999576727108
0.9999996814594918
0.9999999182934863
0.9999998680183856
0.9999998164559816
1.0000002636052798
0.9999997649123111
0.9999999015061611
1.0000001056792434
0.9999998316989673
1.0000000028346747
0.999999880213235
0.9999999437084973
0.9999999030951404
0.9999997697969277
0.9999997323612791
1.0000000313829773
0.9999998613144697
0.9999997518270533
0.9999998593658154
0.9999999014952714
0.9999999181396143
1.0000002541946762
1.0000002872886855
1.0000001187135967
0.9999998741053209
1.0000001888399659
0.9999997000134367
0.9999997501430974
0.9999999793084572
1.0000000208466515
1.0000001255593092
1.0000000302522396
0.9999999186519094
0.9999997796024586
1.0000000510077853
1.0000000112498921
1.0000002544369553
1.0000000873501425
1.0000001854340572
0.9999999616611713
1.0000000064602994
1.000000133313168
1.0000002269683983
0.9999999335175915
0.9999998431613742
0.9999999160489628
1.000000221438529
0.999999949329963
1.0000000066837629
0.9999998425093384
1.0000000719970905
0.9999998046935445
1.0000001259633193
1.0000003580709191
0.9999999966135311
0.9999997156202027
0.999999782109629
1.0000000041313157
0.9999996890529084
0.9999996918658487
1.0000000343617808
1.0000000338467145
1.0000000076295121
0.999999804130828
1.0000003472201637
0.9999999885109843
0.999999766244608
1.0000000407879646
0.999999775496459
0.999999850305906
0.9999998959739969
1.0000003182102053
1.0000002924481244
1.000000051539139
1.0000000545402112
1.0000000561869289
0.9999998979912722
1.0000000881793116
0.9999999599751046
1.0000000388506343
0.9999999176945916
1.0000001450873741
0.9999998346237817
0.9999998977282338
0.9999996891603493
0.9999998130950866
0.9999999882822261
0.9999998937213302
0.9999999987812491
0.11502833416236742
0.999999926230777
0.9999998728883601
0.9999999518914559
1.0000002304816769
0.9999999233212967
0.9999998318746328
1.0000000466476235
0.9999999526575779
0.9999997854071394
0.9999997176628264
1.0000001533315808
0.999999994688971
0.9999998000739807
1.0000000707711845
0.9999999425588108
0.9999997211705555
1.000000066877628
1.000000077450072
1.0000001408160535
1.0000000685348527
1.0000000923759669
1.0000000188824103
0.999999893821015
1.0000001083466616
0.9999998843004292
1.0000001068962743
0.9999998780441549
0.9999997098684774
0.9999998586422981
1.0000000363928339
0.999999923059821
0.9999998832820712
0.9999999962992521
1.000000004599451
0.9999998121914572
0.9999997578087947
1.0000001815421913
1.0000001014871631
0.999999953533467
1.0000000560608262
0.9999998839511675
0.9999999988345447
0.9999998461679706
1.0000002364463112
0.9999999917844655
1.0000003257374719
1.0000001047239455
1.0000002764257894
1.000000116541963
0.9999998734430202
0.9999998358455394
0.9999999645328611
1.0000001393623386
1.000000253902645
1.000000004308773
0.9999998416638363
1.0000000266638425
0.9999999510275829
1.000000143748592
0.999999886624548
1.0000003130870891
1.0000000701716494
0.9999999369552403
1.0000000710838814
1.0000001409559949
0.9999998313865155
1.0000001737573139
1.0000001633532234
1.0000000753912262
1.0000001995278376
1.0000000446088113
1.000000055705126
0.9999999477656834
0.9999999997745321
0.9999999115786711
0.9999998790690804
1.0000000814390584
1.0000000727499194
0.9999998189993005
0.23910576008782924
1.0000000207267385
1.000000085956037
0.1214014159763676
0.9999999745341747
1.0000001259215856
0.9999998138361714
1.0000002084653394
1.0000002212387133
1.0000001765735103
0.9999998108764708
0.9999997585738755
0.9999999143940289
0.9999997678057909
1.0000000799944082
1.0000001366027027
1.0000000134522944
1.0000001312957043
0.9999999874450409
1.0000002704194069
0.9999999498868084
0.9999997707748853
1.000000053162436
1.000000267513726
1.0000001082403347
0.9999999593547642
1.0000000279767376
1.0000001941073173
1.0000000174674186
1.0000000709097443
1.0000003408514277
0.999999953004919
0.9999998891369499
0.9999998772649865
0.999999820059904
1.00000023145529
0.999999961836418
1.000000014739168
0.2500052354862325
1.0000000211954763
0.9999999289627849
0.9999998436964007
1.0000000522673427
1.0000002775714634
1.0000000580276671
0.9999998860001277
0.9999997632875606
1.0000001631476518
1.000000075735855
0.9999998639881049
1.0000000272806264
1.0000001116225237
0.9999999058259581
0.9999998546707245
0.9999998529166519
1.0000000837886374
0.9999999166171738
0.9999998234889256
0.9999997634218312
1.0000000223549528
0.9999999785665564
1.0000000058850453
0.999999932271993
1.000000042593967
1.00000006274555
0.00011939042634505074
0.9999997805405578
0.999999932289882
0.9999998709594248
0.9999999170519874
1.000000056387445
0.9999999668935908
0.9999998933536394
1.000000019924299
1.00000015757227
2.270986468381351e-06
0.9999999471472856
1.0000001004537513
0.9999997938013525
0.9999999052350179
1.0000000509499614
1.0000000431464584
0.9999998359926591
1.0000001731560983
1.0000001106008805
1.0000000807093523
0.9999997592275097
0.10238539724644419
0.9999999908234793
0.999999812323315
0.9999999913364048
0.9999999483666118
0.9999996845915782
1.0000003492997884
1.0000001404030305
1.0000002388745326
1.0000000391786767
0.9999997795456049
1.0000000323780462
1.0000002609743708
0.9999999784203758
1.000000024117217
0.9999998803362677
1.000000187053361
0.9999997712426383
1.0000000132839464
0.9999998975637638
1.0000002106002923
1.0000000454957187
0.9999999449408595
0.9999998708218565
1.000000130148521
1.0000000382134027
0.9999998187554657
1.000000205304015
1.0000002432328576
1.0000003036039162
0.9999997321619583
1.0000001873311257
1.0000001139007237
1.0000002076208923
1.000000131201898
0.9999999509002936
1.0000000679897847
1.0000000187919311
0.0017308707610430637
1.0000000480636604
1.0000000739953294
1.0000000451220354
0.9999998836920352
1.000000003735685
0.9999999137944106
1.000000331940289
0.9999997532438424
1.0000001824596494
0.9999998682582619
1.000000026478445
0.9999998753233909
0.9999999290751332
0.9999997747361262
0.9999997812136492
0.9999999768111999
1.0000000558020083
1.0000002553435834
1.0000002056820425
1.000000010985942
1.000000006663766
1.000000204805804
1.0000001871279396
1.0000000860513203
1.0000001408963657
0.9999997212323218
1.0000000468979349
0.9999999023289817
0.9999999725131452
0.9999999995981668
1.000000237723202
0.9999999799337261
0.9999999302845463
0.25004295639242663
1.0000003172972012
1.0000000141190535
1.0000000363734614
0.25002927526498203
0.999999918867894
1.0000001712230635
0.9999999400611037
0.9999998918921202
1.0000000618344451
0.9999999840053001
1.000000224962686
0.9999999258039827
1.000000033250415
0.9999999321932849
0.9999997803721429
1.0000000732895278
1.0000000008004375
0.9999998858521609
1.000000244284968
1.0000000370140265
0.9999999793122193
1.0000000050164317
1.0000001799553715
1.0000002198893498
1.0000003085405458
0.11022108971479538
1.000000153018218
1.0000000875400066
0.9999999701279776
1.000000124591874
1.000000076080249
1.0000002248362245
0.9999997808178707
0.9999998120811115
1.0000000243342948
0.1549575667158914
0.9999999941825579
0.9999999054036777
1.0000000233548907
0.9999997899931098
1.0000002160847161
0.9999998706173927
0.9999999263809889
0.9999997286270503
0.9999999937180666
1.0000001046627998
0.9999999781656742
0.999999912305276
1.0000002529062986
0.99999992674907
0.9999998643250497
0.9999999495245884
1.0000002662741756
1.0000001757851738
1.000000132151925
1.000000063065646
1.0000000671484586
1.0000001733767805
0.250009782714499
1.0000002387412135
0.9999998362677125
1.0000000639966717
1.000000197008255
1.0000001079285223
1.0000001393485838
1.0000002334284608
0.9999999941860551
0.9999999062612317
1.0000001431063719
0.9999999493107423
0.9999999550240043
1.0000000939620866
1.0000000082700788
1.0000002094627078
1.0000001212934395
1.0000000901014163
0.9999997937060243
0.9999997335090833
0.9999999087364692
1.0000002864089756
0.999999765332283
1.0000002896244746
1.0000000396728743
0.9999997846505333
0.9999999970614804
1.0000000315547044
0.9999997454147074
1.0000001742175089
0.9999999407399671
0.9999998457041852
1.0000003240895423
1.0000003092649026
0.9999999406976594
0.9999999095886758
0.9999999219072708
1.0000000496002734
1.000000133631601
1.0000001678926198
0.9999997211584944
0.9999998408020209
1.0000001401343894
0.9999999016086234
0.9999999323215774
1.000000252049679
1.0000001464888042
1.0000002424946763
0.9999998161124304
0.2501265698978944
0.9999999371325167
0.9999998372512398
0.9999998815435249
1.000000082208735
1.0000001366991846
1.0000001319921656
1.0000002287430652
1.000000087328149
1.0000000831133073
1.0000001381512125
1.0000002678592834
1.0000002625251243
0.9999999874942462
0.9999999760156629
0.9999998883688181
1.0000000495495207
0.9999998114216635
0.999999990950134
0.9999999586746184
1.0000002184595145
0.9999999630735986
1.0000001167583423
1.0000000328875107
1.0000002183109062
0.9999999848496263
1.0000000784388872
0.9999999282443184
0.9999998121418437
0.9999999586035746
1.0000000058642886
1.0000002415473346
1.0000001224691266
0.25001289286731726
1.000000016072172
1.0000000732816408
1.0000002682671567
0.9999999478199455
0.9999997812767711
1.00000009956965
0.25002552468382366
0.9999997744164363
1.00000002037494
0.9999998433134437
1.0000000667948534
0.9999998950293857
0.999999965909094
0.9999998624343328
1.0000002465434532
1.0000002754057775
1.0000001568287615
0.9999997668843512
0.9999997502859443
1.000000097992581
0.9999998856863249
0.9999999916692288
0.9999999273792732
1.0000000406713574
0.9999999581374994
0.9999997491827037
1.0000001331774344
1.0000001273777457
1.0000001773074072
1.0000001005016375
0.9999998813315345
0.9999999299202512
0.9999997490905461
0.9999998515681121
0.9999997992223283
1.0000001347486505
0.031098581558184357
0.9999998876319618
1.0000001282740272
0.9999999889947626
0.9999999723273472
0.9999999798756006
1.0000001634326798
0.999999999022813
1.000000032588417
1.0000000937026376
1.000000287133491
1.0000002343936951
1.000000075866013
1.000000083034636
1.0000001385087312
0.9999997567176183
0.999999962669719
0.2500582509844749
0.9999999700118469
0.999999871711284
1.0000000981449595
0.9999998806139012
0.9999999819907731
1.0000000522069847
0.9999999194319037
0.9999996944190845
0.9999998900203536
0.9999998646218454
1.0000000296508318
0.9999998212387431
0.9999999629036506
0.9999997262920411
1.0000001891995618
0.9999999446218261
1.0000001080498018
1.0000003216796174
0.9999998511729762
1.0000000473886208
1.0000002615597146
1.0000002696887376
0.9999998407892284
0.999999814854062
1.0000000343170854
1.0000002090582722
0.9999998642871585
1.000000263229262
0.9999998664245235
1.0000002047455403
1.000000178157964
0.9999998844169433
1.0000000974004324
0.9999999877625687
0.9999997752700192
0.9999998443415271
0.9999998649697065
0.9999999620101588
0.9999999801600098
1.0000000849552086
1.0000000764637853
1.000000111644098
0.9999999606007494
0.9999996835180491
0.9999998863684968
0.9999999836739125
0.9999999943996012
1.0000001511722423
0.9999999702422624
0.9999996543458735
1.000000051660652
0.9999999444418405
0.9999997498809833
0.9999998084423146
1.0000001319347112
0.9999998186096664
1.0000001493884392
1.0000001283545232
0.9999999353831016
0.9999999763316484
0.9999998813653512
0.9999998308088385
0.9999999465750553
1.0000001589265688
1.000000161295463
0.9999999898529257
0.9999998368763658
0.9999998752832865
1.0000000559630857
1.0000002738129434
1.0000001155256377
0.9999996286092748
0.9999999596484515
0.15804814918242013
0.9999999596512421
0.999999908752827
1.0000000734786152
0.9999998091061186
1.0000002651891362
0.9999998621895322
1.0000001957775229
1.0000001462151484
0.9999998445845548
1.0000000265083993
1.0000002597572286
1.000000193218277
0.9999998807055497
0.9999999315588893
0.9999998960099159
1.0000000751002251
0.9999998709972434
1.0000001982340372
0.9999999250479247
0.2500635764428221
1.0000000920879017
1.000000149268218
0.9999997058352507
3.071262887280678e-07
1.000000252246286
1.0000000425797975
0.9999999219236524
0.9999997232972606
0.999999882636844
0.9999999167392448
0.9999999446636662
0.9999999487825351
1.0000001012894164
0.9999998130157258
1.000000099060104
0.9999999690488199
1.000000323240378
1.0000000540269516
1.0000001124722533
1.0000001552727806
0.9999996869889692
0.9999999756240522
0.9999999524367483
0.999999992461087
0.9999998911938929
1.0000001253572597
0.9999999094017873
0.999999621664253
1.000000112141346
1.0000000773433946
1.0000000459103098
1.0000001849480735
1.000000023499967
1.0000003194595959
1.000000019666155
1.0000000988412416
1.0000000343009166
0.9999998476067504
0.9999997803866009
1.0000000350818363
1.000000094039431
0.9999999323786171
1.000000059352347
1.0000001384634323
0.9999997626856346
1.0000000847153938
0.9999996979315947
0.9999998784584369
0.9999997391621752
0.9999998813027879
1.0000000541663387
0.9999999501506138
1.0000001458952448
0.999999872053534
0.9999998606028524
0.9999999035609098
0.9999999576080452
0.9999997192604583
0.20448853416102503
0.25006816500355866
0.9999999543677515
1.0000002158573054
1.0000002958962069
1.0000003134907016
1.0000001004040782
0.9999999658940845
1.0000000996641851
8.227968000805104e-06
0.9999997218904391
1.0000000109547162
1.0000001444487976
1.000000183910943
0.999999914103136
0.9999999713061241
1.0000001129675993
0.9999998826757636
0.11196034175018155
1.0000000796399842
0.9999999484393747
1.0000000301320784
0.9999999844744433
1.0000001854674008
1.0000002159531063
0.9999999463014806
1.0000001240436769
1.0000000322456997
0.9999999481519908
1.000000020735118
0.9999996580270326
1.000000136153908
1.0000000698936633
0.9999999269072801
1.000000175572738
1.0000000507682258
1.0000000433065481
0.9999998388671407
0.9999998055345706
0.9999999353869186
1.0000002730316329
0.999999770190639
1.0000000206954365
1.0000002192808357
0.9999999095164209
0.9999999528693043
0.9999999557500376
1.0000003394731904
0.9999999907073474
1.0000001804940089
1.000000006142808
1.0000000047236295
1.0000002076151773
1.0000001269720733
1.0000000611186097
1.0000000155341184
0.9999997952571977
0.2500033392698142
0.9999998745769666
0.9999999121771298
1.0000000594809437
1.000000228926728
1.0000000249844316
0.9999999969797371
0.10916318680467348
1.000000054065256
1.0000001104284744
0.11322106329342607
0.9999999077021696
0.9999999529257736
1.0000000427477231
1.000000256714829
0.9999999257821592
1.0000000237388338
0.9999999758994892
0.999999812195325
1.0000000151838448
1.0000002747033394
0.15417868463883957
0.9999997449090364
0.9999997963407782
1.0000000048722746
1.000000039338509
1.0000001370537543
1.0000001213182579
1.0000002603890712
1.0000002163091455
1.0000003092933691
0.9999998837489008
0.9999999249608825
1.0000002805036348
0.9999998350358182
1.000000396810364
0.9999999366457585
0.9999999548739048
1.000000273424961
0.9999997276716653
0.9999999630278905
0.9999998695336407
0.9999995539590154
0.9999996551654184
1.000000050740092
0.9999999909275703
1.0000000707408856
0.9999997172191255
0.9999999594869144
0.9999999464144389
0.9999999759534258
1.0000001762553319
1.0000001570537616
1.0000000473463408
1.0000000678405165
0.9999999088676458
0.9999999485096984
1.0000001501980302
0.9999999733257046
1.0000001459164043
1.0000001693684686
0.9999997636787625
0.999999777331205
0.9999999541562691
1.0000000968087008
1.0000000302495728
0.25000061811252255
0.9999999357867829
0.9999996258262226
1.0000000843195664
1.0000001871188846
1.000000114899773
0.9999999933663348
1.000000132321496
0.9999998139427921
1.0000000102544822
1.0000002206830965
0.9999998294024024
1.0000000585832072
1.0000002717436949
1.0000000055448446
0.9999999975160492
1.000000197554784
1.0000001466012893
1.0000002280045412
0.250036274862103
0.9999998831966953
1.0000001250323236
0.9999999784500503
0.9999998780211448
1.0000002488875883
0.9999999008288374
1.0000002284858291
0.9999999107540736
1.0000000337801744
0.10835898444720717
0.9999999595742284
1.0000001826654956
0.9999999738071403
0.9999998202428163
1.0000001821664173
1.0000001927791726
0.9999999278202052
0.9999999151074059
1.0000001890482566
1.0000000858769593
0.25006867481076084
1.0000000609846458
1.0000000337261084
0.9999997387114259
1.0000001800431586
1.000000067785748
1.0000000452292404
1.0000001293953675
0.9999997357325491
0.9999998673365562
0.9999999349236153
0.9999998800906051
0.9999999367049665
1.0000000205148218
0.9999999301428496
0.9999999988418402
1.0000000075607889
0.999999888850795
1.000000006109727
0.2500369764279446
0.9999999639087703
0.9999996975696828
0.9999997969957534
0.9999998261959915
1.0000001840819777
0.9999999987686823
0.999999694415709
1.0000002337022578
0.9999999826153015
0.9999998658016019
1.0000000447269435
1.0000002538223554
1.000000088562602
0.9999999928013099
1.000000167331919
0.9999998822464388
1.0000001657533442
0.9999998961445933
1.0000002010705162
0.9999998105233939
0.9999999478296517
0.9999999283520786
1.0000001561947711
1.000000044652352
1.0000000784933698
1.000000240141617
0.9999998637383904
1.0000001472734699
0.9999999360416935
0.9999999115213971
0.9999998332868464
1.000000075893761
1.000000019732985
1.0000001248703656
0.9999999012707697
1.000000003693585
0.9999999029255887
1.0000000082701108
0.999999945134224
0.9999999472337948
0.999999736970921
0.9999998554834021
1.0000000606405166
1.0000001864591093
0.9999998074040626
1.0000000333569068
1.0000001323980845
1.0000003013892784
0.9999998944865084
1.000000079407782
1.0000000995753122
1.0000000278993106
0.9999999912544724
0.9999997124382898
1.000000054324423
0.9999999218342368
0.0001651692526284352
1.0000000982441215
0.9999999368311304
1.0000000862559308
0.9999997999563701
0.9999998144010824
1.000000067150036
0.9999999110654398
0.9999999139075514
0.999999903587827
1.000000083061674
1.0000001469312938
1.0000002201208555
1.000000251265577
0.999999965751165
0.9999997822177799
1.000000071467705
1.00000033835675
1.0000000091134291
0.9999999083113887
1.0000002146809832
0.9999998141984696
1.000000163662603
0.9999998684327233
1.000000143688404
1.0000000288594093
1.0000001145426143
5.1353657355516965e-05
0.9999998878345597
1.0000001415116861
1.0000001188940773
0.9999997695700928
1.0000000626722243
0.9999999169459239
1.0000001920750168
0.9999999756310537
1.000000188676442
1.0000001796809488
0.9999999719140611
0.9999998201673758
0.999999556580908
0.9999999122913891
1.0000000294341895
1.0000001273003485
0.9999998135815329
1.0000001537886545
1.000000296435889
1.0000001396175668
0.9999999297348804
1.0000002205385579
1.0000002134248172
0.9999999314012128
0.999999877884185
0.9999999736850955
0.999999995762815
1.0000000631717234
0.9999998337960989
0.9999998485659578
1.0000000232929047
1.000000298092358
1.0000001423098046
1.0000001627340414
1.0000000079054816
0.9999999251848272
0.9999999439521682
1.0000003814106995
1.000000376327647
1.0000003294033406
1.0000002705605326
1.0000000096244057
1.0000001746167357
1.000000237325864
0.99999984497615
0.05079003126366053
0.9999999933338157
1.000000000752733
1.0000000184328512
1.0000001730435923
0.25002100354145407
1.0000001601645032
1.0000001188955125
1.0000001202832225
0.9999999165309861
1.0000001138565715
1.000000157766416
0.9999997964585666
0.9999997484681182
0.9999999671557673
0.9999998145930699
0.9999998450839684
0.9999999362336377
1.0000000002975762
0.9999999756615675
0.9999997114792815
1.000000160802122
1.0000000916842995
1.0000000299973373
1.0000000566340388
0.999999893937802
0.9999996651851202
1.0000000836110283
0.9999999901888672
0.9999998687729305
1.0000000519077206
0.10858547944427338
0.9999999101063382
1.0000000500922634
0.9999997626482103
1.00000009095756
1.0000001859489867
1.0000000225570533
0.9999999155987118
1.0000000626033652
0.9999999701822309
1.0000001968109538
1.0000000574360404
1.000000097504487
1.000000261145362
1.0000000012767343
0.999999996585264
0.9999998638230696
0.9999999693938022
0.9999998439873204
0.999999996872269
1.0000000449420994
1.000000098924701
0.9999999975533962
1.000000029520096
0.9999997980984525
0.9999998686031736
1.0000001631487385
1.0000003465770588
1.0000000570524294
0.9999998094357496
1.0000001150378173
0.9999998562727189
0.9999998673952362
1.0000001905233342
1.0000002195514606
1.0000001123416227
0.999999894646206
1.000000396603457
1.0000002562717163
1.000000045431427
1.0000000832379055
1.000000027880376
1.0000000867646843
1.000000304923072
0.9999999646606873
0.999999995535306
1.0000001510467658
0.9999999948304887
0.9999998543268067
0.9999996547683847
1.0000000783349472
1.0000000446052422
0.9999998560973832
1.0000000299128413
0.9999999822886901
0.9999995426262339
1.0000002738840532
1.000000218960587
1.0000000612363977
1.000000171985142
1.0000002296387984
1.0000000726087968
1.0000002322073478
0.9999999502723751
0.9999997939985716
1.0000000435517689
0.9999999626215489
0.9999998911042848
1.000000165079707
1.0000001347723524
1.0000001459785226
1.0000001594502848
0.2500039769484509
0.9999999466699869
1.0000000436083125
0.9999999034128989
0.9999998101011472
0.9999997665728174
1.0000001324959449
1.0000000311107715
1.0000001572827504
1.0000001409657657
1.000000010378829
0.9999999305705759
0.9999998931039022
0.9999996783006783
0.9999997228570795
1.0000000045009365
1.0000002658579028
0.9999999635198543
0.999999802922951
0.9999999102930048
0.2497986084494549
1.0000002727168948
0.9999997913591445
1.0000000816832624
1.000000219558185
0.9999998466157839
1.0000000035956056
0.9999998108313078
0.9999998432369251
1.0000003091566771
0.9999998341321048
1.0000002293365535
1.000000184784779
1.0000001230712987
0.9999999811845705
1.0000002346825978
1.0000000139976803
0.9999999160921036
0.9999997949193714
0.9999998256398364
1.0000001292279002
0.9999999764863309
0.9999998421090677
1.0000001833947536
1.000000169953412
0.9999999937583719
1.0000001958825828
1.0000001115595838
1.0000000928059358
1.0000004712992143
0.9999998425852217
0.9999998676767968
0.9999999750410397
1.0000001106285294
1.0000001365890256
1.0000001475110136
1.0000000039135117
1.0000001367174207
0.9999997768151747
0.9999997245965541
0.9999998970036845
1.000000026193945
0.9999997049454332
0.9999998657902035
1.000000175110564
0.999999976404505
1.0000002347738515
0.9999997735065262
0.9999999944440416
0.99999983988567
1.0000001389416813
0.9999999850537354
0.9999999201698762
0.9999998613924571
1.000000144910791
0.9999999564775768
0.9999999021633237
1.0000002314579532
0.9999999364657458
1.0000002128764047
0.999999920298807
0.9999997951556545
1.000000070662796
1.000000299981666
0.9999998935961624
0.9999997629742902
0.9999998348242528
0.9999998763658939
1.0000002134450783
0.9999999638035001
0.9999999852850643
1.0000002170728373
0.999999919432537
1.0000000899954193
1.0000000108530744
0.9999998820478243
1.000000331772826
1.0000001302877075
1.0000000316394229
1.0000000701126428
1.0000000057448752
1.0000001502591813
1.0000000857121307
0.9999999636120588
0.9999997623284304
1.0000000173807075
1.000000019481214
1.0000002024904577
1.0000001135883958
0.9999997484076163
1.000000043162009
0.9999998559036237
1.000000072554457
0.9999998977583828
0.9999999261539214
1.0000000377594955
1.0000000288221342
0.9999997121830632
1.000000108199852
1.0000000712756156
0.9999999081340153
1.0000002809082116
0.9999998850859331
0.9999997831973384
1.0000000767357082
0.999999898834134
0.999999916484021
0.9999999363150073
1.0000001001866028
1.000000331204447
1.0000003078725237
1.0000001464999042
0.999999841698678
1.0000002214868886
0.9999997969050006
1.0000000929711494
1.557143298194415e-05
0.9999998805521035
0.999999690507503
0.9999999075794607
0.9999999536708405
1.0000000305714225
0.03993794360169013
0.9999999276001414
0.9999997262748034
0.9999999955623657
1.000000025600251
1.0000000465393186
1.0000002292582135
0.999999921536108
1.0000000009669296
0.9999999407212301
1.0000002099856067
0.9999999490070597
1.0000002126404948
0.9999999831487215
0.9999999786902868
0.9999999356564236
0.2501298573094348
0.9999999953661385
0.9999999810742765
0.9999999218899818
0.9999999766647122
1.0000001752553096
0.9999998027868526
1.0000001135664147
0.9999997997014367
0.9999998542867523
1.000000012582161
0.9999997117204619
1.0000000111696057
0.25012427196557846
0.9999999659668976
1.0000000346757638
1.0000001476286011
1.0000002067706104
1.0000000164611316
1.0000002078984769
1.0000001972929615
0.9999997217455898
0.9999998371732732
0.9999998332961274
0.999999836934204
0.9999999409085922
0.9999998050689431
0.9999997759601672
1.0000000130453404
0.9999998880199978
0.9999998609946421
0.9999997699103637
0.2500085932839533
0.9999999909483428
0.9999998910635014
0.9999998238163585
1.0000000991166915
1.0000000964759184
0.9999999683604217
0.9999997850520894
0.9999999732935851
1.0000001958689293
0.9999999083088736
1.0000002735966178
0.9999999931370536
0.9999999945607339
1.0000001617691672
1.000000016548868
0.999999877929574
0.9999999893876446
0.9999998637719147
0.9999998968501593
1.0000000071230022
1.000000335336485
0.9999997605546181
0.10937903671285093
1.000000005164885
0.9999999235792344
0.23886540330016054
1.0000001461754575
1.0000001818254136
0.9999999665244507
0.9999998744794542
0.9999999156754831
0.9999999348690776
0.9999998074858373
1.0000000563246236
0.9999999395539618
1.000000053482647
1.0000000907576372
1.0000002647881787
1.000000156760792
0.25012305873892066
1.000000087738372
0.9999999918245832
0.9999999655043527
1.0000002447500254
1.0000000965799345
1.0000002678078943
1.000000087128673
0.9999997067029225
0.9999999762925394
0.9999999176717879
0.9999999701061635
0.9999998140226452
1.7228383292937098e-05
0.9999999133520546
1.0000001241182217
0.10278911160124149
1.000000000452241
1.0000000065824821
1.0000002238354089
1.0000001223855624
0.9999997612186433
1.0000000386745156
0.9999997328172584
1.000000292748517
1.0000000226610288
0.9999999797566436
0.9999998180991415
0.9999999603253156
1.000000018300173
0.9999999790582136
0.9999999756809624
1.0000002834164632
1.0000001657690254
0.9999998341281977
0.9999999349660635
1.000000287996939
1.0000000686280315
0.9999998892651578
0.999999910076913
1.0000001513058883
0.9999998752828677
1.0000000323448675
1.0000000491087915
0.9999996647156816
0.9999999494778333
0.999999924724143
1.000000126111967
1.00000006049107
1.0000002288306213
1.0000000696052276
1.0000002936684933
1.0000000662797135
0.9999998735655953
0.999999971728466
0.9999996054313681
0.9999999869016398
0.9999999647451804
1.0000000183486577
0.999999902402816
1.0000000248709735
0.9999999361270261
0.9999998851478684
0.9999998008448002
0.9999998533505106
1.0000001566833636
1.0000002040298532
1.0000000449672322
0.9999998962288621
0.9999998149004375
1.0000000291346212
0.9999999288104234
1.0000000284571955
0.9999999885393869
0.9999997798760824
0.999999974821295
1.0000000041112527
0.9999998813995541
0.9999999344377486
1.0000000038402268
0.999999826727036
0.9999997745619438
1.0000000492356962
5.960464186480711e-06
0.9999996377866923
0.999999866178831
0.9999999520413979
0.999999950072068
1.0000000148199977
0.9999999903765904
0.9999996881046317
0.9999999919751275
0.999999661330645
0.2500254225856367
0.9999999619198366
1.000000127826441
0.9999999452204459
1.0000000340966928
0.10376451450702914
1.0000001831834915
1.0000000271091702
0.9999997943629061
0.9999997419359659
1.0000002232739762
0.9999997765539033
0.9999996794130507
0.9999998307685218
0.9999998094889935
0.9999997710532074
0.999999951455332
1.0000002116062103
0.9999999614888903
1.000000338440507
0.9999997463969371
0.999999887282598
1.0000000999848722
1.0000000083956135
1.0000001328731036
1.0000001471421966
0.9999998765580393
1.000000173822699
1.0000000633995898
1.0000001025764886
0.9999998498408565
0.999999792813684
0.9999997788976582
1.0000000993440146
1.0000001377311023
0.9999998448998542
1.0000001240449514
0.9999998223331353
0.9999997309121701
0.9999998370787704
1.0000000282682693
1.000000151634287
0.9999997623503277
1.0000000555770743
1.0000002071371612
1.0000000801822224
0.9999997690265465
1.0000001150913256
0.9999997414665208
0.9999998819244406
1.0000000802090845
0.9999999897070775
1.0000001460737584
0.9999999597714648
1.0000000972939989
0.9999998075200559
1.0000001607226177
1.0000001677795871
1.000000045048329
0.999999885334018
0.9999998452543968
1.0000000947282266
0.9999998600330784
0.10893613711118397
0.9999999068569663
0.9999998824534487
1.0000001071677886
1.0000002400253092
0.9999999909167112
0.9999998825486115
0.9999998950932129
1.0000001573413018
1.0000001849351763
0.9999999737939753
1.0000000449470727
1.0000000881023035
1.0000002240083004
0.9999997293833857
1.000000151114341
1.0000000541252085
0.9999998288107868
1.000000089068272
1.0000000609849824
0.9999997921334124
1.0000001380834862
0.9999998570194306
1.0000001682404052
1.0000002717034746
1.0000001085583772
0.9999998341393617
0.9999996163222348
1.0000002328052349
0.25004503719383225
1.0000001311533204
0.9999999610321632
1.0000001892192532
0.9999999852960579
0.9999999331804081
1.0000000074468467
0.9999999086098615
0.9999999397751109
1.0000002177795462
1.0000001501576097
0.9999999842621964
0.9999998502960359
1.0000000604087886
0.9999998429199048
0.9999999466413112
0.9999999038575041
0.9999999535847003
0.9999998929154905
0.23865333667777297
0.9999999819893809
0.9999997452067386
0.999999854333687
0.9999999479114972
0.9999998984882253
1.0000000144299426
0.9999999621788772
1.0000000396932212
1.0000000092169135
1.000000292404441
1.0000000841228665
1.00000016330178
0.999999863702203
3.675443253067256e-05
1.0000001061140182
1.0000001985171578
0.9999999979581577
0.9999998271675333
0.9999998325390046
1.0000002039190903
0.9999999931142698
0.9999997681076046
0.9999996828487381
0.9999996643639173
1.0000001901847544
0.9999998347075396
0.9999997783814408
0.9999999812999595
0.9999999237635203
1.0000000169051901
1.0000001317954474
0.9999998274944583
0.03189754494705174
1.000000202851393
1.0000002119342015
1.0000000884031757
1.0000000218799718
0.999999992077504
1.0000000006519647
0.9999997084863478
0.9999999889643947
0.9999999886675859
1.0000001443524174
0.2500969661662964
0.9999999152313128
1.0000000214075049
1.0000002062928255
1.000000061962889
0.9999999796649189
1.0000001300132382
0.2500097277113569
0.9999997270833714
1.000000027738259
1.0000001603404909
1.0000000264022548
0.9999999742217242
1.0000000030047618
0.9999999556062942
1.0000000977371257
1.0000001063292585
0.999999965325372
0.9999999029923666
0.9999997313401171
1.0000003152179575
1.0000000845068544
0.9999998402978109
0.9999996048343831
1.0000001660379783
0.999999669849691
1.0000001760334516
1.0000000450228241
0.9999998503185574
1.000000088241493
1.0000000811195473
0.999999890674527
0.9999996233112372
1.000000065315967
1.0000001279244453
1.000000068261507
0.9999998822053991
0.9999999245459638
1.0000000394983761
0.9999999588073045
1.000000198310802
1.0000000087449554
0.9999998652378027
0.9999997077893945
1.0000000220636143
0.9999998544642934
1.0000002487198114
0.9999999396113153
0.9999999836289876
0.9999998451630228
0.9999999533908271
0.9999998751736668
0.999999793378231
1.0000000171880399
0.9999999930195524
0.9999997871137796
0.9999998052579119
0.9999999870998626
0.9999999104351789
1.000000094926976
1.0000000546963166
1.000000001870824
1.0000002464829483
0.999999877518202
0.999999737532114
1.000000202662363
0.9999997347190186
1.0000000281214156
0.9999999754128678
1.0000002184183128
1.000000136308396
0.25000049017101045
1.0000000146615435
0.9999998563703831
0.9999999340510197
0.9999997279154745
1.0000001513743246
0.9999998886328201
0.9999999572489848
1.000000002587579
0.25017482788445267
0.9999999842238959
0.9999999000822963
1.0000001688141094
0.9999998753853511
0.999999786493217
0.9999998558513844
1.0000001145714739
0.9999999949440752
0.9999999948792946
0.9999999676463704
0.9999999445073905
0.9999998658159323
1.0000000933593207
1.0000001239148484
0.9999997780969093
0.9999999315272196
0.9999997698870647
0.9999999453541318
0.9999998443123413
1.0000001831139023
0.9999999458978769
0.9999998865327083
0.9999999422705903
0.9999999142257062
1.0000001829472018
1.0000001829174137
0.9999999137294343
0.9999999063411613
0.9999998339802418
0.9999997984393426
1.0000001151219375
0.9999998713305623
1.0000000379160627
1.000000007122953
0.9999999308996385
0.9999997562560898
1.0000001808658718
0.9999998582877573
1.0000003322282072
1.0000001751998047
1.0000000605629387
1.0000000092729895
0.999999765213248
1.0000002467722136
0.9999997528461579
1.000000315033513
0.9999997835867219
0.9999999962242938
1.0000001478197407
1.0000003005173341
0.9999998755786456
0.9999999962201247
0.9999999411556002
1.0000001142402792
1.0000000137030098
0.999999988409825
1.000000029449711
0.9999997646248387
0.9999998431186633
1.0000000323222713
1.0000000783934875
1.0000001411108927
1.000000142619425
0.9999998121706429
1.000000001919549
0.9999998631579519
0.9999998807531163
1.0000000899780466
1.0000000228883688
1.0000000086037266
0.9999999905845653
1.0000000765148485
1.0000000054403801
1.0000001244407317
1.0000001635053448
0.9999997185917644
1.0000000124594792
0.999999820771607
1.0000003241404185
1.0000001171051605
0.999999941020933
0.9999998561600337
0.999999955549753
1.000000191138614
0.9999999023104257
0.9999999086410635
1.000000037377995
0.10951741427313048
1.000000000440036
0.9999998376660421
1.0000000396408208
0.9999999348994439
1.0000000914490716
1.0000000160998792
0.9999997762688141
0.9999998754836307
1.0000002329327293
1.0000000261278743
1.0000000014746684
1.0000000163602243
0.9999999162594289
1.000000147750477
0.9999998805776398
1.000000121166183
0.9999995354941016
0.9999997298047005
0.9999999461557464
1.0000001181470157
0.9999997908531189
0.99999987835229
1.0000000385770313
0.9999998898812169
1.0000002374502517
1.0000000359859273
0.9999998450563672
0.999999914212058
0.9999999168684477
0.9999999869359584
1.0000000274473513
1.0000001820107098
0.23648091757177908
0.99999968891447
0.9999999801963698
0.9999999745877234
0.9999999688892403
1.000000070467165
1.0000000415465586
1.0000003910875153
1.000000005773515
0.9999999764725759
1.0000000213512428
0.999999775910798
0.999999901687157
0.9999997002282046
1.0000003340207257
0.9999997452775495
0.9999999877583994
1.0000000292456124
0.9999998611675714
0.9999998272416294
1.0000002369653316
0.9999997775444388
0.9999999014965646
0.9999999570422986
0.9999999294364669
1.0000000403696254
0.9999997853476661
1.0000000977605479
1.0000002406817352
1.000000016204424
0.9999999366906912
0.9999999904142083
0.2500421502680202
0.9999997893215797
0.9999999886201321
0.9999999714143548
0.9999996604319845
0.9999998716881983
0.9999999951857657
0.9999999749844816
1.0000000550940753
0.9999999100761734
0.9999999676115681
1.0000001373672542
0.25000948066505235
5.572063438038925e-07
0.9999999932762884
0.0018538899862387836
0.999999821906865
0.9999999513106431
0.9999997639855492
0.9999999548626665
1.0000002280199387
0.9999998454836592
1.0000001212625735
1.0000002098848002
0.999999973388934
0.9999996957353103
0.9999998628960995
0.9999998569795545
0.9999997852375997
0.9999999901671528
1.0000000547330734
0.9999999828328331
1.0000000534737639
1.0000000027032607
0.9999997555762953
0.999999763280703
1.0000000582482382
0.9999999941967894
1.000000054937275
0.9999999986793182
0.9999998768816449
1.0000001621323773
1.0000000651012166
0.9999999652578678
1.0000000372527813
1.0000000072382678
1.0000000797365673
0.999999891230375
1.0000001629891169
0.9999999367526778
0.9999999982816834
1.0000002643001247
0.9999998209769498
0.9999997528742373
0.9999996547125078
0.9999998588874642
0.9999998659566489
1.0000001710232314
1.0000001080620746
0.9999997565452329
1.1420730717474475e-05
0.9999999267786159
0.9999999072407076
1.000000411894635
0.9999998994096181
0.9999998950802652
0.999999699845142
1.0000000797299402
0.999999904429632
0.9999997855631695
0.9999999802060419
1.000000190741009
0.9999998611449484
1.0000000722738567
0.9999998885055139
1.0000002022239864
1.0000001435650578
1.0000000475614905
1.0000000738332941
0.999999999115603
0.9999999875816017
0.9999999575595737
1.0000001272384886
1.0000001601413422
1.0000000941709373
1.0000003321569952
0.9999998864710423
1.0000002075869399
1.0000002218797455
0.9999999821936051
0.9999996421275503
1.0000000480852977
1.0000001388317679
1.0000001557048444
1.0000001213905227
0.9999997369769793
1.0000001427635394
0.9999999567091598
0.9999998173067562
1.0000001683270225
0.9999999760775086
0.9999998353212097
0.9999999442358972
0.9999998070119136
1.0000001503571212
1.0000000850571915
0.20421226302853124
1.0000001771997227
0.9999999282316909
0.999999967335979
1.0000000339874509
1.000000067514174
1.000000141851887
1.000000008972565
1.0000000675854228
0.9999999537482319
0.9999999737531373
1.0000004049817564
0.10276773698216679
0.9999997220261572
1.000000178552976
0.9999998033598655
0.9999996463245604
0.9999999827754583
1.0000002789055888
0.9999997109545997
1.000000291680693
1.0000000844128003
0.999999813114722
0.9999998937420874
1.0000001043277362
1.0000001245500936
1.000000084229872
0.9999998894241631
0.9999999316927838
0.9999999295501721
0.9999999539990999
0.9999998620430562
0.9999999904734882
0.999999856126511
1.000000240487706
1.0000000288959543
0.9999999232314992
0.9999998265242103
0.9999999622689207
1.0000001129680407
1.0000001957083577
0.9999998918297004
0.9999998407334078
1.0000001327888226
0.9999998027587393
1.000000083281134
1.0000001174257171
1.000000183366557
1.000000127182
0.9999997034080088
0.999999938584978
0.999999901116132
1.0000002154214518
0.9999997759948817
1.0000001161334613
1.000000025429802
1.000000042005722
0.2500626365294812
0.9999999080957253
1.0000000842987697
1.0000000462285819
1.0000000495623043
0.9999999330242988
1.0000001979838604
1.0000000852111706
0.9999998237906174
0.9999998329562317
0.999999908745142
1.0000000854923483
1.0000001073811957
0.9999997060248224
0.9999997735591201
0.9999998376233724
0.9999999461695205
0.9999998229341139
1.0000000440468542
0.9999999756954981
0.9999999750769141
1.000000124943504
0.999999962518589
0.999999960767522
0.999999709486135
0.06138524729189314
0.9999997431035473
1.000000225140701
1.0000001135874979
0.9999998192011661
0.9999998332110221
1.0000000343231357
1.000000036349696
1.0000001436367387
1.3401622365133553e-05
0.9999998753649003
0.9999999872854897
1.000000122155002
0.20494402562418906
1.0000001052025191
1.000000018036837
0.9999999890486038
0.9999999325167142
0.9999998800196765
0.9999998952566772
1.0000001214238818
1.000000190204042
1.0000001067380897
0.9999998429370682
1.0000000526998736
1.000000320638864
1.000000024859846
0.9999999253855282
1.0000001947793755
1.000000124222214
0.9999999887541497
0.9999998886646739
0.9999998648297951
0.9999998442439212
0.9999999066555996
0.9999999017745986
1.0000002434487663
0.9999999149169108
1.0000001624550339
0.9999998037736998
0.9999998962521441
0.2499999763100887
0.9999997117071168
0.9999999820121982
0.9999999212405677
0.9999997785223127
0.999999992675553
0.9999997112953369
0.9999998900343251
1.0000001739644855
0.9999997791368773
1.0000001121935274
0.999999838313203
0.9999999680553036
0.9999998720672748
1.0000000162001754
0.9999998427117569
0.9999998830101403
1.0000000397721571
0.9999999853425869
0.9999999454207168
1.0000000311715194
1.0000001050073033
1.0000000048610485
1.000000042504393
0.9999998519513521
1.0000000480078712
0.99999996345251
0.9999998716927431
1.0000001984214473
1.0000000203600572
0.25013121827543444
1.000000004192473
0.9999997372858295
1.000000114059721
0.9999998458192414
0.9999998494750667
1.0000002280133866
1.0000000981539434
0.9999999464688383
0.99999994745206
1.0000000827262836
0.11005848363101477
0.9999998078757316
0.9999998833592433
1.0000002573213138
1.0000000268804345
0.9999997043141936
1.0000001297506003
0.9999998906437716
0.9999999910252284
1.0000000064445378
0.9999998288584908
1.0000000468083448
0.9999999811079309
0.9999999464202982
1.000000119585276
1.0000000403846303
1.0000001637210114
1.0000002207494332
0.9999998432030538
1.0000000392903408
0.9999999015371002
0.9999997236821196
1.0000003033410265
1.000000099875631
0.999999896495464
0.999999888478011
0.9999999732632803
0.20438144480729237
1.000000044884601
1.0000000844599852
0.9999999937884085
1.0000000993595857
0.9999997857006678
0.9999999334609224
0.9999999285198506
0.9999998628744329
0.9999998557940243
0.9999997792754334
0.9999999338706771
2.1624827448781153e-05
0.9999999697891726
0.999999830212882
1.0000000245850915
1.000000053363171
1.000000104117666
1.0000000509955222
0.9999999151273866
1.0000000059226215
0.9999998173677506
0.9999999472564192
1.0000001814218271
1.000000040934403
1.0000000619468343
1.000000195241366
0.9999999319863349
0.9999999378509489
0.9999999404835511
0.9999999972542981
1.0000000265488793
0.9999998673288626
0.9999998971607289
0.999999815053113
1.000000132695729
0.9999999202016292
0.9999998653290777
0.9999998934010637
0.029882397334752762
1.0000001473349305
0.999999995764189
0.9999998781294693
1.0000001331018016
0.9999999805763032
1.0000002023794763
0.9999999624243182
0.9999997047240585
0.09012179916502397
1.0000000970158271
0.9999999285199821
0.9999999891186091
0.9999996406808697
0.9999999965198145
1.0000000095161372
1.000000197741282
1.000000179499728
1.0000001015055546
1.000000016588424
1.0000000518347087
1.3006724502374575e-05
1.0000002055590311
1.0000000910913613
0.9999997541886225
1.000000218199192
1.0000000765688848
0.9999996716695981
0.15245323627908533
0.9999999162147595
1.000000299215959
1.0000000430216964
0.9999999005321991
0.9999999524740925
1.0000000403581737
1.0000000130934863
1.0000002299295758
1.000000055212851
1.0000002071864569
1.0000000967120293
0.9999997319757501
0.00022166825164291693
1.0000000057504304
0.2500114916915116
0.15460094617565515
0.9999999795880493
1.0000002116310478
1.0000001444617885
1.0000000790695645
0.9999999523535449
0.9999999810053127
1.0000002731527022
0.9999996873171506
1.000000019191524
0.9999997972809845
1.0000001493968107
0.9999999525933251
1.0000000008581686
1.0000001492621233
1.0000000569175276
0.9999996399980855
0.9999998991314131
0.20330242181511132
0.9999999150051833
1.0000001082756242
1.0000000402671056
0.9999998249767447
0.9999998742997924
1.0000000898503647
1.000000089566661
0.9999999370095419
1.000000217262815
1.000000226843762
0.25000267645324703
1.0000002103519265
0.9999998454573102
1.0000002138471882
0.9999999302717174
0.999999906600862
1.0000000868564798
1.0000002134283845
0.999999744347097
0.999999653344792
1.0000000525337434
0.9999997574389683
0.9999999127680096
1.000000008969713
1.0000000548825667
1.0000001897096789
0.9999996888959006
0.9999999010463625
0.027824250259358734
1.000000119239509
0.9999999747074736
0.9999998858479048
0.9999999425027396
0.9999996927961755
1.0000001364067492
1.0000001795251219
1.0000001367058855
1.0000001037492803
0.25000728934141914
1.0000001516427939
0.9999998268060724
0.9999999008003468
1.0000002887609925
0.9999998514429791
0.9999999528100664
0.9999998719858628
1.000000041473994
1.0000000771240118
1.0000000768208428
0.9999998637054441
1.0000001478655844
0.9999999982391659
0.9999997675626833
0.99999972079282
1.0000003203563508
0.9999999970079632
0.9999998797258028
1.0000000714145556
1.0000001147607323
1.0000000780736886
1.0000002553361667
0.9999999545358701
1.0000000775335882
1.0000000440326744
0.9999999338039749
1.0000000274513272
0.9999999133578951
1.0000000054487246
1.0000001337083737
0.2500056111735649
0.9999997533142956
1.0000000113740937
1.000000220667524
0.999999969979313
0.9999999561245789
0.9999999704745763
1.0000000154114534
1.0000000035681849
0.9999997450874736
0.9999998678281198
0.9999999622452839
1.0000000393745325
0.9999999483198896
1.0000000578591046
1.000000165640998
1.000000055986407
0.9999998616536653
0.9999997480768726
1.139897340038875e-05
1.0000000392562982
0.9999998357657441
0.9999999509415732
1.000000347490353
1.0000000997873408
0.9999998162353307
1.0000001888893726
0.9999997843066667
1.0000000260608883
1.0000001207937426
1.0000000914011082
0.9999997094718507
0.9999997419389444
0.9999999067250886
1.0000000051765396
0.10964784351140905
1.000000113261788
1.0000001795881435
0.9999998787969596
0.9999999773238614
1.0000001693106402
0.9999999374211718
0.999999933869345
1.0000000010171815
0.06285836736310904
0.9999997967579773
0.9999999886192237
1.000000091411841
0.999999988510756
0.9999999861457056
1.000000379249808
1.0000001643920444
1.000000005069273
1.0000000395802817
1.0000000128306743
0.08956276189308893
1.0000001575512218
0.9999995384774105
1.0000000362422592
1.0000000274371577
1.0000002927591005
1.0000002088552116
1.0000000675368403
1.000000070233419
1.0000001154783484
0.9999998480511485
1.000000250195261
1.000000035912887
0.9999999211769117
1.0000000820725443
1.0000001610286617
0.9999997759186953
1.0000002111110313
1.0000001329882289
0.9999998815132844
0.9999999704426332
1.0000001220232948
1.000000116869712
1.0000001610913192
1.000000019994265
0.9999999034745432
0.9999998860044527
1.0000000278319459
1.000000040514787
1.0000001861772827
0.9999998272520855
0.9999998647911673
0.9999997127470326
0.9999998836605146
1.000000175022183
1.0000000069669648
1.0000001712095032
1.0000000279472376
1.0000002142687667
1.0000000112145058
1.0000001571898824
0.007965277809355365
1.0000000608433064
0.9999996634083533
0.9999999552665096
0.9999999723646631
1.0000001639928322
0.9999999143664106
0.9999999890502638
0.9999998983476072
0.9999998220731648
1.0000000700158145
0.9999998374202479
1.0000000799334552
7.2355274718046794e-06
0.9999999676482731
0.9999999859509376
0.9999997506013365
0.9999999308050697
0.9999998869504642
1.0000003032628495
0.9999999245444818
1.0000001334492281
1.00000023198961
0.9999998746329556
0.9999998383479939
0.9999998425082879
1.0000001437352937
0.9999999633313287
1.0000000504895394
0.9999995053524219
1.0000001021040466
1.0000000778461453
0.999999914267892
0.9999998662244061
1.000000039003194
0.9999998755826071
1.0000001149226192
1.0000001649586607
0.9999999702695588
0.9999999174293442
0.9999998835214318
1.0000001103553764
0.9999998959953929
0.9999998853640157
0.08236817737738156
0.9999998756509837
0.9999997798461367
4.356641179523835e-05
1.0000000446026895
0.9999999511239263
0.9999998188789689
0.9999999682268434
0.999999865133134
0.9999998061190248
1.0000002598214532
0.9999997483946282
1.0000001601107142
1.000000151780946
0.999999975066563
0.9999997885080091
0.999999849497596
0.9999996372388495
0.9999997835897328
0.9999998904956616
0.9999999780112291
1.000000231484735
0.10909714715461248
1.000000244261957
0.9999999414314229
1.0000000097496224
1.0000000960930868
0.0022778713918045986
1.0000002275069777
0.9999998831471343
0.9999997652576846
1.0000000766510422
1.0000002249282602
0.9999998198010452
0.9999999130427449
0.9999997836732689
1.0000003169891152
1.0000001635381794
0.9999998571333972
1.0000000487367446
0.9999998833397997
0.9999999990801278
0.9999998465569157
1.0000002430224284
0.9999999535472116
0.9999998177086479
1.0000001187489995
1.0000001839165065
0.9999998726883006
0.20404019410079177
1.0000002934112724
0.9999997254045723
1.0000001639253506
0.9999999355108918
0.9999999347068507
1.0000000940122722
0.9999998502212412
1.0000001177890763
0.9999999729519462
0.9999999226642476
0.9999998612048032
0.9999998274649292
0.9999999606903888
1.0000000402381968
0.9999999326450222
0.014919648634606071
1.0000002242431638
0.9999999583995907
1.0000001502854305
1.0000001270830556
0.9999998303567331
0.9999998065648164
1.0000002048970031
0.99999988383463
0.9999997745637694
1.0000000153284794
1.0000001837192576
0.9999998782324188
0.9999999784587336
0.9999999519775243
1.0000001073657476
1.0000000751630052
1.000000156529783
0.9999999978479157
1.00000013963268
1.0000000507549556
0.9999999785602048
1.0000000935935778
1.0000002193950643
0.9999995868558074
0.9999998178466735
0.9999999240350942
0.9999996865560431
0.9999996605569413
0.999999680577843
1.000000287523102
0.9999999176742053
1.0000001243637702
1.0000000333864218
0.9999998597920265
1.0000000959157096
1.0000000799574027
0.9999999954913026
0.9999997610271475
0.9999998296253888
0.9999997483178081
0.9999998188144559
1.0000000121083534
0.9999999443223461
0.9999999513349548
1.0000002936796062
1.0000000805276084
1.0000001556325369
0.9999999759232653
0.9999997139112256
0.9999998814261035
1.0000002211188062
1.000000018320378
0.9999997972374889
1.0000001597030617
1.0000000378759375
1.000000435489269
1.0000000352188272
1.000000132466817
0.9999997008917095
1.0000000993264557
1.000000154105346
0.999999751674569
1.000000300242949
1.0000001133854894
0.9999999628799935
1.0000000047377573
1.0000000294388556
0.9999998762169827
0.9999999043692872
1.0000000493067993
0.14476478982244065
0.9999999395849957
0.9999998713244077
0.99999992621264
1.0000000966992253
0.9999997524365967
1.0000001137100571
0.999999899308272
1.0000001666438874
1.0000003505480657
0.999999936729486
1.0000000287698458
1.0000000277503636
1.0000001863724004
0.9999998537690575
0.9999997744214223
1.0000002253837639
0.9999999212592281
0.9999999170873907
0.9999997923407237
0.9999999895820535
1.000000055389281
1.0000001916132588
0.9999998929282323
1.0000000102621032
1.0000000599285794
0.9999998845099771
0.9999999116521769
1.000000164202278
1.000000064473946
0.9999999004475888
0.9999999880015475
1.000000163385208
0.9999998140219932
1.0000000449813928
1.0000003849060624
0.9999999718535539
0.9999997608794858
0.9999997171566797
0.9999998460256158
0.9999999540202246
0.9999999912758744
0.999999979050248
1.0000000163812537
1.000000016407622
0.9999998107567413
1.000000166574406
1.0000000934328788
0.9999999782429668
0.9999998639210115
0.9999999354573624
0.9999999170427595
0.9999997320190281
0.9999999144560285
1.000000107602079
1.0000001580093505
0.9999999249946875
0.9999999385092079
1.000000065613358
1.0000000925949846
1.000000009546667
0.9999998371180434
0.25008217766508994
1.0000000491815546
0.9999999545963837
0.9999999190176218
0.9999998883540477
1.0000000806452671
0.9999998845739373
1.0000001390328204
0.9999999455938061
0.9999999149072689
0.9999999530743456
0.9999998928769254
1.0000001205351374
1.0000001639476541
0.9999999834627068
0.9999999602114777
1.0000001219816401
1.0000001814541186
0.2500801648068991
1.0000000647007898
1.0000001050706318
1.0000001442921096
1.0000001558459999
0.20426326072637896
3.7274473853231714e-05
0.9999998175498278
1.0000001171082056
0.10797075175470659
0.9999999520116166
1.000000000747863
1.000000137764644
0.9999999386375209
0.999999823316801
0.9999999198882132
0.9999996611896267
0.9999999123482358
1.0000001316570444
1.0000003194728204
1.0000001423721228
0.9999997957109505
1.0000000541554412
0.9999998189902082
0.9999999076102605
1.0000003265416098
0.9999999739727052
1.000000061453433
1.0000000419807322
1.0000001882584266
0.2500094655088005
1.000000218432
1.0000001954825233
0.9999997884917408
1.0000002276016842
0.9999997719814339
0.9999999038760322
1.000000076257361
0.9999996543254955
1.000000221792561
0.9999997475300058
1.0000000647883696
0.9999999561280641
0.9999999686661984
1.0000001410716997
1.0000001219038388
0.9999997829161855
0.9999998220430463
1.0000001463853376
1.0000000566093146
1.0000001606455033
1.0000001110830183
1.0000001495540627
1.0000000279666066
0.9999999683237661
1.0000000166491225
1.0000002405676154
1.0000003421159107
0.10905703823686194
1.000000081372877
0.9999999937204969
1.0000000520295573
0.9999999903171297
0.99999988870072
0.9999999562032875
0.23722497283356567
0.9999999808173766
0.9999999553877001
1.0000000968631289
1.0000002359410833
0.9999999837129311
1.0000000214367606
0.9999999774453604
1.0000001213387109
0.9999999819754605
0.9999998098662258
1.0000000241448463
1.000000190257752
0.9999998692650753
0.9999999803870409
1.0000000612354727
0.9999999348927406
1.0000000068266872
0.016994568146253646
1.0000002450886978
0.9999998004899735
1.000000117408021
0.9999998213110204
1.0000001745425071
0.9999999997479434
0.9999999515643673
1.0000002020506393
1.0000001461953487
0.9999998800585534
0.9999998311585905
0.9999998616607576
0.9999995854630045
1.0000000146836614
0.9999998351156544
0.9999997819030163
1.0000000769159942
1.0000002531751133
0.9999999852268089
1.000000100118718
0.9999999203412828
0.9999996780935237
0.9999999451467091
1.0000001677833747
0.9999999643826684
0.9999997653053607
0.9999999217410434
0.9999999479068609
0.9999997632537512
1.000000020401381
0.9999998274948915
0.2500355087793367
1.0000003326596592
0.9999999899191854
0.9999997211295711
0.9999998723528748
0.20721381005731362
1.000000314375464
0.9999999682098617
0.9999999699807893
1.0000000804247315
1.00000020191484
1.0000000642241773
0.9999999533211154
0.9999997334864377
0.9999997733603423
1.000000063376673
1.0000000180582993
0.9999998840644524
0.9999998700786221
1.0000000718041013
0.9999999047496886
0.9999997055172777
1.0000000445185617
1.0000002421355183
0.06288764125906443
0.9999998533658707
0.9999999143700774
2.9419005072362283e-05
0.9999998915515738
1.0000000639993856
0.9999995819278851
0.9999999095903354
0.9999999650029253
0.9999997911286378
1.0000000240507203
1.0000000042786104
1.0000000107669296
0.9999998019638956
0.9999999245699177
9.681954429388152e-06
0.9999998662994327
1.000000110169733
0.99999973761102
0.9999999920770182
1.00000024769992
0.9999999803700218
1.0000002574387163
1.000000094292537
0.99999987341994
1.0000003482552782
1.0000001151101057
0.10650487969242939
1.000000055127212
0.9999998855487632
0.9999999292169576
0.999999818857374
0.9999999141479355
0.0016852909421727735
1.0000000113746994
1.0000002797301875
0.9999999492445699
1.000000138404039
0.25007698230226955
0.0016067015743201638
1.0000001647373866
0.9999997566487845
0.9999999353951262
1.0000002443372542
1.0000001659776736
0.9999998157103165
0.9999998472886727
0.999999982335087
0.9999998558717945
0.9999999176333899
1.0000001247330963
1.0000001522830146
0.9999998345934842
1.0000002649307043
1.0000002129926864
1.0000002898138234
0.9999999863151883
1.0000000127833575
1.0000000950057046
1.0000002967474415
0.9999998526785109
0.9999999164345708
1.000000317859798
1.0000000873179486
0.9999998417276563
0.9999999141124515
0.9999998319524255
1.0000000137901504
1.0000000739689279
1.0000000770237214
0.9999999911528432
1.0000001839085226
0.999999962723548
1.0000002183964023
0.9999999126799494
0.9999999241661955
0.9999999930261569
0.9999997845607053
1.0000001232838522
0.999999917878338
0.9999997902248247
0.9999997249298989
0.9999999275579967
1.0000001305283488
1.0000000369812492
0.9999998566123354
0.999999693482601
1.0000001700215988
1.0000000411589611
0.9999997828113341
0.9999998350756737
1.0000001401736482
1.0000001530050104
0.999999937515554
0.9999999007813016
2.0761424737777955e-05
0.9999997009757534
0.9999999397011452
0.9999997556199562
1.000000167663667
0.9999999270332212
0.9999997994798505
1.0000000111063252
1.0000000712096022
1.000000253628179
0.9999997526384352
0.999999956225806
1.0000000257919714
1.000000159900176
1.0000002937932841
1.0000001904280669
1.0000001559043323
1.0000000652741028
1.0000001338762354
1.0000001191067662
1.0000000777964482
0.9999999970578055
0.999999924487707
0.9999997465103877
0.9999999828717571
0.9999999275053733
0.9999999287012037
1.0000000381604015
0.9999999528412918
1.0000000964079736
0.9999999652293926
0.9999999459859018
1.0000001009570771
0.9999999486315878
1.0000000050743645
1.0000000472677832
0.9999999028408865
1.0000001984388187
0.9999999781361121
1.0000002515647004
0.9999997848557565
0.9999998157677397
0.9999998375870339
0.9999998106746183
0.9999998961545948
1.00000024005188
0.9999998038112291
1.0000001453756187
1.000000003479482
1.0000001648259385
0.9999998990101665
1.0000001087266523
0.9999998787914338
0.9999997204647448
0.9999998771931158
0.9999999514141126
0.9999997433412331
0.9999999695583661
1.0000001905361044
1.0000003482621322
1.0000000348345768
1.00000011808344
0.9999998851917005
0.9999999595646489
0.9999999843620136
1.0000001258486266
0.9999998734376163
0.9999997688976359
1.0000000624948893
1.000000074743686
0.9999998869988486
0.999999716232156
1.0000001163771006
1.0000001357540997
1.0000000623075742
1.0000002059611166
0.016175747980003426
0.9999999725309854
0.999999879876281
2.952305057942588e-05
1.0000001929555462
1.0000000148612376
0.9999998314842424
1.000000027621595
0.9999999519731516
1.0000000652453005
1.0000000520446888
0.9999997811536887
0.9999999204596686
1.0000001470301978
0.06351572293866384
0.9999998376961078
1.000000064437797
0.9999999406595899
1.0000001599119213
1.0000000292857962
1.000000156586517
0.9999998121344437
0.9999998672538257
0.9999999579948671
1.0000000220266896
1.0000000855338582
0.9999998714843855
1.000000286640667
0.9999998277879864
0.9999999710466365
1.0000000496770836
0.9999998655387149
0.9999998722002547
0.23942408935525758
0.999999802207622
0.9999999458333407
1.0000001689760372
0.9999998414443009
1.000000046430959
1.0000000808633873
1.0000001812348869
1.0000002051222177
0.9999997919463172
0.9999998486611301
0.999999770772753
1.000000151519405
1.000000158321277
1.0000001676655494
0.999999996852778
0.999999973966321
1.0000002198488667
1.0000000712987047
1.0000000438575074
0.9999999846626683
1.0000001416320161
1.0000001172545854
1.00000025768841
1.0000000219960377
0.9999997631340154
1.0000002547443338
0.9999999883100286
0.9999999815580468
1.0000001700940364
4.624579992928872e-05
0.9999999083424448
1.0000001870726682
1.0000001995738519
1.0000000530961544
0.9999999286634754
0.9999999767536477
1.000000206409914
1.0000000496083385
1.0000002350300758
1.0000000060439094
0.9999997929823906
1.0000001239305691
1.0000001702321344
0.9999998850937233
1.0000000083180929
0.9999999721547652
0.9999999858139521
0.9999999784097483
0.9999997295367938
0.9999998215464918
1.0000000391778188
0.9999998481031371
1.0000001482971002
0.25005038401646973
1.0000001978460005
1.0000001956399138
0.1467922276283448
1.0000000200445287
0.9999999523461797
0.9999999779529442
0.9999998702975603
0.9999999553855006
0.99999978829152
0.9999997769079412
0.9999999643554881
0.9999997864194498
0.9999997118048706
1.0000001574724506
0.9999999783769936
0.9999999333658021
0.9999999299195085
0.9999998819194372
1.000000146934089
1.0000002598408209
1.0000002646060036
0.9999998195315495
0.9999999206530408
0.9999998813408872
0.9999999770273008
0.9999997938451153
0.9999999477338339
1.000000226336462
1.0000000344606492
0.999999830782943
0.9999998678162597
0.9999999448885243
0.9999998494603354
0.9999997752265319
1.000000184289561
1.0000002647861377
0.9999999347467794
0.9999998514074813
0.9999998160264287
1.0000000460324867
4.421633205310179e-05
1.00000003151555
1.0000003500795231
1.000000253376514
0.9999997850795692
1.0000001696565168
1.0000001740199043
1.00000006462542
0.9999999056686981
1.0000001120714073
1.0000001419240456
0.25000297749169226
0.9999997095414583
1.0000000860600444
0.9999999762466251
0.99999979436527
1.0000001323917536
1.000000098475663
1.0000000059018341
0.999999879105809
0.999999915381141
1.0000000305960832
0.9999999127892015
1.000000156645128
1.0000001005762662
1.000000029175957
1.0000000064678027
0.9999998298607812
1.0000000105375992
1.000000181112788
1.0000000549673629
0.999999939641409
1.000000101711576
1.0000002172236668
0.9999999143840691
1.0000000200851318
0.9999999279790766
0.9999999754456524
0.9999997492230586
0.9999999760824353
1.000000089464452
1.0000000659310884
0.99999987595449
1.0000001080860808
0.9999999066103937
1.0000000851425916
1.0000001611924973
1.0000000461866736
1.0000001138808383
0.9999997958243567
1.0000000316858826
0.9999998040311011
0.2501230703652708
1.0000000088426537
0.9999997963403954
1.0000001359719206
0.9999999309411861
1.000000191083758
1.0000001161212901
0.99999999102716
1.0000000763155195
1.0000000687130253
6.088965131456093e-06
0.9999999270379814
0.999999813063776
1.000000319014237
1.0000002749137182
0.9999999544967436
1.0000001371839737
1.000000140167273
0.9999999806004368
1.0000002999860909
0.9999998635109006
0.9999997397738796
0.9999999381063379
1.00000017683217
1.0000002200635636
0.9999998575791567
1.0000000264370634
1.0000003127959114
0.9999997039499692
0.9999998980469921
1.0000002503576375
0.9999999563050397
1.000000012863615
0.9999999736598324
1.0000000948862797
0.9999999543547206
1.000000104893418
1.0000001953239124
0.9999998615234217
0.0021537137618433946
0.9999999717238413
1.0000000761630765
0.999999813571181
0.9999999024734757
1.0000000167861929
0.9999999711648637
1.000000320178586
0.9999996724555649
1.0000000511643028
1.0000003099190593
0.9999997724878328
0.9999999209575596
1.0000001417351159
1.0000003399081612
1.000000153741072
0.999999725596171
1.000000109071957
0.11265531261746593
0.9999997577631285
0.9999999121576068
1.0000002448550234
0.9999999509591299
0.9999999928793741
0.9999999556552401
0.9999999652066006
0.9999999941055198
0.9999998458395396
0.9999999881951294
1.0000000456112987
1.0000001746641058
1.0000002664989172
0.9999997760748128
0.999999920201444
1.000000008606725
0.9999999064393115
1.000000031321265
0.11140903189882859
1.0000000406817242
1.0000000370758206
0.9999998730765156
0.9999998304953958
1.0000001799673615
1.0000002900284988
0.999999968537477
1.0000002671520916
1.0000002832504573
0.9999997398803213
0.9999998562023623
1.0000003386171497
1.0000000964564575
1.0000000542127758
1.000000220414324
0.9999997322451465
1.0000000761002432
1.0000001490180745
0.999999960348676
0.9999999988379698
1.0000001224244681
1.000000060776138
1.00000002189673
1.0000000841674304
0.9999999329743929
0.11508573329125366
1.000000005220386
0.9999999770895848
1.0000001250451804
0.9999999645206937
0.9999998267732351
0.06137106268823596
1.000000154713039
1.0000000420132884
1.0000001407169363
0.9999998590145506
1.0000002425992052
1.0000000731258933
1.0000000870196606
1.000000091059728
0.9999997468882476
1.0000001471709639
1.000000283298419
1.0000000109185594
0.9999999528610607
0.25000822856305277
1.0000000035528016
1.0000002058679796
1.000000213241689
1.0000002193690527
0.9999998102250994
0.0031986060151941603
0.9999999017369634
0.9999999751342027
1.0000002087975453
0.9999998618271791
0.9999999938928088
0.0650110546976009
1.0000002162452957
0.9999998091223834
1.00000002294812
9.625376342929573e-05
0.9999999451104641
1.0000000925498558
1.0000000844870858
0.999999880518033
0.9999998867814913
1.0000000692740978
0.9999999536986718
1.000000203870585
0.9999998270704352
0.999999873072096
0.9999998068607807
0.9999996472149988
0.9999997879102579
1.0000000892552292
0.999999893371152
1.0000000970145726
1.0000001614414107
0.9999998501208721
0.9999999328491112
1.000000245486385
0.9999998568008659
0.9999999734663747
0.9999997830888947
0.9999999710667
0.9999997769543316
1.0000001287900722
1.0000000712993917
0.2500020904557902
1.0000000989457447
1.0000000566350522
1.0000002336602687
1.0000002060741995
1.000000033106222
1.0000000191093124
0.2500171616848853
0.999999930842061
1.0000001150736846
0.999999709803161
1.0000002026477284
1.0000003327787235
0.9999997619056065
1.0000004159751266
0.9999997212976498
0.9999999544312562
1.0000001399056884
0.9999999965393587
0.99999978462023
0.9999998974222668
0.999999876662681
1.000000179445697
1.0000001324921803
1.0000000401979876
0.9999998368579144
1.000000036235604
1.0000000400471953
1.0000001481210943
1.000000108149768
1.0000001389730282
0.9999999789021475
0.9999999710155485
0.9999998842164017
0.9999999567259792
0.9999999535246437
1.0000002055340418
1.000000332576721
0.9999999410983078
1.0000002450257357
1.0000003061954161
0.999999826471722
1.0000000535980245
0.9999999571137523
0.999999861645385
1.0000001798600935
1.000000168952735
1.0000000040086805
1.0000000717939432
1.0000000677343979
0.9999997367781945
1.0000000283938435
0.25009823348881643
0.9999997256381248
0.999999904372043
0.9999999909034425
0.9999999345259729
0.9999998786202254
1.0000000213348754
1.000000027329327
0.9999999096129466
0.9999998814110787
0.9999999690871901
0.9999998684693522
0.9999999313609428
1.0000000362834787
1.0000000096504431
0.9999998759697787
0.9999998587365101
0.9999999500122989
0.9999999603305458
1.0000000924534231
0.9999998294095198
0.9999999388913081
0.9999998941115612
1.0000001790780342
0.9999999605506991
1.000000027172326
1.0000001339385172
0.9999999069168288
0.9999997838260987
1.0000001083315915
1.0000000058252674
0.9999999702846232
1.0000001753514731
1.0000001836166796
0.07029284006916116
0.9999999224963034
1.0000000544308294
1.0000000401691649
1.00000010629833
1.0000000906955993
0.25001000652003846
0.999999976203413
0.9999997627920288
1.0000001822270586
1.000000125170025
1.0000001430986283
0.9999997891457093
1.0000002690094345
0.9999999767579543
0.9999999149801733
0.9999996954699789
1.000000046993907
1.0000000576658037
0.9999998621756444
0.999999768106523
0.9999998358797607
1.0000001262571931
0.9999998008520902
1.0000003702942384
1.0000001092132995
0.25000005091155336
1.0000001270523255
1.0000000758737118
1.0000001347395822
1.000000035383063
1.000000036144295
0.9999998731466153
1.0000002639743522
1.0000001437040942
0.999999882271522
1.0000000031476675
1.0000000969240788
0.9999999435048247
0.9999999545380526
1.505937769058049e-06
0.9999998850650231
0.9999997976311854
1.000000018261872
1.00000008786496
1.0000000600361583
0.9999999211891897
1.0000002931960046
1.000000020720858
1.0000000304122307
1.0000001266450087
0.9999999874497505
1.0000000324183793
0.9999999818727666
0.999999692884584
1.000000051069396
1.0000000199616093
1.0000001295389793
1.0000002312914167
0.9999998683425416
1.0000000283754427
1.0000001806675722
0.9999997099898873
0.9999998915742625
0.9999999992009565
0.9999998723359768
1.0000000660299169
0.9999997902076495
1.0000000945889047
1.000000048899546
1.0000002099031513
0.9999999623990127
1.0000001057921744
1.000000217755787
0.9999999228113471
0.9999999546962929
1.000000242612305
0.9999999030188148
1.0000000047505866
0.9999999899713428
0.99999985361407
1.0000000277302459
0.999999926566393
0.999999865393444
0.9999998862831997
1.0000000057529932
0.9999997238538478
1.0000001691548976
1.0000000060921228
0.999999922493717
0.9999998987351851
0.9999999532213238
0.9999999944607045
1.0000000212617535
0.9999998344032783
0.9999997427166419
1.0000000270748368
0.9999998513740209
0.9999998257757479
1.0000001327688808
1.0000001639329796
1.0000000877780917
0.999999926911973
0.9999998821484583
0.25014157074729537
0.999999934986258
