1.0000001526625373
1.000000195939516
0.999999913977866
0.9999997625742242
1.0000002005553588
1.000000054743271
0.9999997625168099
0.9999998016450299
1.000000058234713
0.9999999903524424
0.9999999311862432
0.9999998792748471
1.0000002137323876
1.0000002262187127
0.9999999932522177
0.10763832162352363
1.0000001465522508
1.0000002516058226
0.238311022419455
1.0000000620369116
0.9999998621097356
1.000000017511772
1.0000000826510744
1.0000000780107456
0.9999998365066887
1.0000000882849351
0.9999998005570001
1.0000000238734874
1.0000000783382823
1.0000000384355476
1.0000002269335329
0.9999999893611573
0.9999999545495338
0.11147890313200935
1.0000000285669344
0.9999999710014458
1.0000000120218075
0.9999999451188927
1.00000018930549
1.0000003508393378
1.000000007752528
0.999999938117537
1.000000139459598
1.0000000612440574
0.999999705905437
1.0000004477837319
1.0000000876323412
1.0000000067202044
0.9999999699952755
1.0000000788050165
0.9999996741073808
0.999999907236428
0.9999998965076844
0.9999998319784369
1.00000026831611
0.9999999923968379
1.0000003201981376
0.9999997671331056
0.999999929012435
0.9999999561756971
1.0000002012756646
1.0000000562005482
0.9999999209710582
0.9999998506020991
1.0000000855749525
0.9999998637109104
0.9999997963310349
1.0000002716551053
1.00000006317706
6.677612454400584e-05
1.0000001443746622
0.9999999604771461
1.0000002178285026
1.0000002069146574
0.9999999189871768
0.9999998119310853
0.9999997038814367
0.9999998335107356
0.9999998877987988
0.9999999182500406
0.9999999027274639
1.0000001973191264
0.9999999901265897
1.0000002284312355
1.0000001072836222
0.9999999709353542
1.0000000431000737
1.0000000537322993
1.000000178965346
0.9999998053978644
1.000000096110964
0.9999999680359417
1.0000000030482439
1.0000002769438656
0.9999999612114813
0.9999998159414685
0.9999997736363252
0.25013943011783984
1.0000001672962222
0.9999999277034013
1.0000002351376964
1.0000002688537906
1.0000000281740868
1.0000001147122297
1.000000163476836
0.9999998113537671
2.231152898484829e-06
0.9999999948603002
0.9999998792373243
1.0000000974702379
1.0000000526605464
0.9999998589370883
0.9999996824265956
1.0000000940844784
0.9999995533794143
0.9999999610551343
0.9999998040864577
1.0000001246485317
0.9999997353331942
0.9999999065163385
1.0000000116246994
1.0000001126413705
0.9999999442463826
1.00000011826587
1.0000001147322
1.00000002212609
1.0000002376454242
1.0000000546955838
1.000000030798627
0.9999998321055329
0.11202497415087541
0.9999997580584039
0.9999997534300745
0.9999998515191437
0.9999999176619404
1.0000002888311017
1.0000000540544762
1.0000001716242781
0.999999840602619
0.9999999477949704
0.9999999131132623
0.9999999330658373
1.0000000925597146
1.0000001335743818
1.0000000665333941
1.0000001944083763
0.9999999715782859
1.0000001186568381
0.9999999164258058
0.9999999830127285
1.000000074582398
0.9999999407947702
0.9999997867445034
0.9999996796243801
1.000000261595779
0.9999999483077249
1.0000001817900632
1.0000000607242772
1.0000000546258259
1.000000097952899
0.9999997950961382
0.9999999537324439
1.0000000044377546
0.9999999439544774
0.9999998315913268
1.0000002813048792
1.000000120023616
1.000000170125164
0.9999999829214671
1.0000000008083973
1.0000001073123694
1.0000000151597481
0.9999998595960848
1.0000000432285976
1.0000002769162784
0.9999996066882919
1.0000000468773664
0.9999999733215352
0.9999999875425443
4.123957692973866e-05
1.0000000635973614
1.0000001838502794
0.06497796795725942
0.9999999899928207
0.9999998537569716
1.0000003570511566
0.9999999288251898
0.9999999342057124
1.0000002736012963
0.9999999415558964
0.9999998811858193
1.00000027409204
1.0000000071896715
0.9999998556351292
1.0000000733815262
0.9999996887874967
1.0000001638225138
0.999999918863315
0.9999999508315524
0.9999999752678727
0.9999999325113684
1.0000003335222012
0.9999999909371518
0.9999999002996904
0.9999997217607148
0.9999998718400035
0.10088912002751338
1.000000057672783
0.9999999981287453
0.23817139197778556
1.0000000418232666
0.9999999355410282
0.9999997892266137
0.2501659697349234
0.999999965556649
1.0000000627582666
0.9999999905896839
1.0000001008786523
1.0000002068673561
1.0000000933092572
1.000000035143476
1.0000002918925346
1.000000093276812
1.0000001155694427
0.999999719624238
1.0000000863939098
0.9999999246569521
1.0000000099201398
0.9999997569726139
0.9999997455107767
0.9999999053518316
0.9999997487515728
0.9999997935208791
0.999999899924508
0.9999998333368979
0.999999998499753
0.9999998112015449
0.9999998546340949
1.0000000100150155
1.000000156555232
1.000000165058329
0.9999999618402143
0.9999997150642516
0.9999997357528582
1.0000002117552378
0.9999999705299234
0.9999997390475032
0.9999999036268191
0.999999768511379
1.0000001979838666
1.000000253939363
0.9999998533557506
1.000000359458965
1.000000020557354
0.9999999319375668
1.0000001824593163
1.0000000087788798
0.9999998681858363
0.9999998391014422
1.0000000236460747
0.9999999880803303
0.9999997765061184
1.0000001349174172
0.999999740571591
0.9999999409809868
1.0000000345353113
0.999999840972937
1.000000167120896
0.9999998883369261
1.0000000666997988
1.0000001011935469
0.9999997835515254
1.000000102387768
1.000000171624299
0.9999998835544216
0.24989808517436388
1.0000001147462372
0.9999995785539069
1.0000002603317522
0.9999998984232098
1.0000001800297325
1.0000000214249989
0.9999999359843948
1.000000024263444
0.9999999872767638
1.000000029229869
0.03079534549201455
1.0000000048099142
0.999999890446508
0.999999904286795
1.0000000907622486
1.0000001253499131
0.9999997694316591
0.9999999816902349
1.0000002583685463
0.9999999292825462
1.0000000277745473
0.0023044737917897623
0.999999932232319
0.9999998045080931
1.000000122130061
1.0000001127148828
1.0000000208009157
0.9999999870832381
0.9999999027510268
0.999999925847767
1.0000002328338724
0.9999999468967125
0.9999998398885019
0.9999997511293207
0.9999997796976757
0.25000105617737983
1.0000001210309328
0.9999998726514275
0.9999999791145534
1.580608981128641e-05
1.0000001702155072
0.9999998403774345
0.9999999155492412
1.0000000839301029
1.000000045069013
0.9999998978299984
0.999999959431658
1.0000001855172662
1.0000000062137944
0.9999998940397229
0.9999997355581886
1.0000000523279506
0.9999997551843128
1.0000001877180589
1.0000001448871654
1.0000002700730874
0.007301504546413919
1.0000001148857078
0.9999998262025247
0.9999998662793026
0.9999999252934445
1.0000000959596362
0.9999998256368587
0.9999999646178851
0.999999894408696
0.9999997614901672
0.9999997628404641
0.999999849701834
0.9999998563556514
0.9999998955904085
0.9999997765079449
1.0000001851646718
0.9999998537139545
0.9999997164861169
0.9999999089976742
0.9999999010543796
1.0000000814555008
1.000000120496515
1.0000000722340396
0.9999997990216379
0.9999999588419257
0.9999997669952814
1.0000002067175293
1.0000000767126254
1.0000001915728094
0.9999999707372371
1.0000000256759358
0.9999998220530838
0.9999997698104938
1.0000000694400828
0.029263908976054118
0.9999999258356997
1.0000002220121413
0.1123139046371761
0.9999999261392989
0.9999998318892456
1.0000001503386515
0.0155993571379472
0.2500660987168732
1.0000001863285857
1.0000002317349512
0.9999998979574579
0.11090351416901668
1.0000000608799722
0.9999999958079644
1.0000000000041962
1.0000000737920094
1.0000000904971313
1.0000000790260433
1.0000000885173679
1.0000002504664722
1.000000298987019
0.9999999882968471
0.9999997788865331
1.0000001769484983
1.00000019432208
0.1019313121094189
1.0000000183400761
0.9999999054905488
0.9999999220814031
0.9999997062579193
0.9999999873608509
1.0000000471909158
1.0000000648561447
1.0000000325046334
0.9999999773938414
0.9999999713042398
1.000000028650397
0.9999999751866232
1.0000002157072236
1.0000002708246776
1.0000002498481262
1.0000001151786877
1.0000001460047097
1.000000125309652
1.0000001896602035
1.0000002297792852
1.0000001429873258
1.000000157783386
0.9999999085619619
0.9999999286002729
1.000000088977956
0.999999853754304
0.99999995698199
0.999999957937225
0.999999815396173
1.0000001760049855
0.9999998586361344
0.9999999720206783
1.0000003135338094
1.0000001407842594
1.0000000619735205
1.0000002684564209
0.9999999350167288
1.0000001016317785
0.9999999746504041
0.9999999438448554
1.0000001454953065
1.0000000642419515
1.00000000742142
1.0000001369742029
1.0000001889970132
0.9999997709738839
0.9999999846188264
1.0000001593223777
2.588381298730012e-05
1.0000000124838233
1.0000002533204597
1.0000000456543727
0.9999998666691812
1.0000000389748451
1.0000000205034896
1.0000001478477822
0.9999999644398233
1.0000002300889541
1.0000000272779703
0.9999999228075206
0.9999998270046785
0.9999999953132293
1.000000021306387
0.9999998206896754
1.0000000217390628
0.002058129251639577
1.0000001013152704
1.0000001453162657
1.0000001292734104
0.9999999139734511
1.0000001010303563
1.000000030990775
0.9999998596247603
0.9999999760864687
0.9999998232236988
1.0000000471325825
0.9999999495555281
0.2500335712520618
1.000000095963455
1.0000003048760047
0.9999997986998351
0.9999999491672364
1.0000000110196
1.0000002678725621
1.0000001958346492
1.0000002995925403
1.0000002088551014
0.9999999134775505
0.9999998821684143
0.9999999392277612
0.9999998110726804
0.9999997344353851
0.9999998471127313
0.9999997897210893
1.0000000182458901
1.0000000483100455
0.9999998044212142
3.806688046227788e-05
0.9999999844788171
1.0000001060771615
0.9999999959810668
0.9999998499510933
1.0000003939413202
1.000000015588053
0.9999998593820819
0.9999999430975496
1.0000002173333982
1.0000000575746615
1.0000001040654691
1.0000003054081106
1.000000090558278
0.2400146413601651
0.9999998600135527
1.0000002145420313
0.999999744521001
0.9999998548207635
1.0000000532092976
1.000000254621747
0.999999974514102
1.0000002574342644
1.0000000740128798
0.9999997852421447
0.9999997453790475
1.0000003023408517
1.000000139399695
1.0000001012739217
1.0000002195155617
0.9999998426730543
0.9999997539078089
0.9999997403925185
0.10921086861834184
1.0000002587712353
0.999999995337022
1.0000000812737275
1.000000230818026
0.9999998163038843
0.9999999782470178
0.9999999220896967
1.0000000441535226
1.0000002003892832
0.9999999956915921
0.9999997330229148
0.9999997917661552
1.0000000391084627
0.9999997928954057
0.9999997536495501
0.9999998760139105
1.0000000758274754
0.9999998967536841
1.0000001064178516
0.999999889265824
0.9999999645920464
0.999999919819295
1.0000000120309975
1.0000001749100766
0.9999998248997893
1.00000001116413
0.24990249522931743
1.0000000610724857
1.0000002395308212
0.25011410708468323
0.9999997350274596
1.0000001536124958
0.9999999534434613
0.9999999939346738
1.000000133334623
0.25006459515849355
0.999999933063227
0.9999999405453635
0.9999997701757223
1.0000000271953458
1.0000000383794774
0.9999999266450774
0.9999999022241151
0.999999923900953
0.9999996696745364
1.0000002416835883
1.0000001129558482
0.9999997009836171
0.9999997204898807
0.99999981077504
1.0000000668055413
1.00000016864916
0.9999999318022579
0.15566699950125254
0.999999822329071
0.9999998702651864
0.9999999942898832
0.9999999215309241
1.0000002643219548
1.0000001908648108
0.9999998033520353
1.000000448844909
0.9999999144919636
1.0000001016177613
0.031735852765707485
1.0000000711103945
0.9999999859956932
1.0000003358478693
1.0000000413938364
0.9999998525371402
1.163289422973445e-05
0.9999999367390099
0.9999999453756104
1.0000002151346465
0.9999997228884697
0.9999996529046379
1.0000000467872492
0.9999999748894092
0.9999998542727864
0.9999999762800177
0.9999998126730726
0.9999999465430938
1.0000000744105617
0.9999999136247616
1.0000000376241496
0.9999999860654523
1.0000001133661023
3.8256177405930144e-05
0.9999999618425889
4.975207125178392e-05
0.9999997497231444
0.999999764423167
1.0000000603089192
1.0000000494798458
1.0000002103412444
1.0000000854715756
1.000000044189385
0.9999996850472378
1.0000000800819746
1.0000001019861857
1.0000001480208855
1.0000002556756775
0.9999997980342026
1.000000012538842
0.9999999346813311
1.0000000236694244
0.9999998004471089
1.000000005185386
1.0000000923692842
0.9999999528361637
1.0000002152866498
1.0000000774080398
0.9999997693155183
0.9999999843442967
0.9999996906400757
1.000000198960452
0.9999998464334007
0.9999999966718596
0.9999998571494662
1.0000001856450027
0.9999998735005844
1.000000050811116
0.9999999520980515
1.0000001290135756
0.999999867975179
0.9999998294569347
0.9999998920662672
1.00000025802445
1.0000001695590166
1.000000113511066
2.0475397158425087e-05
1.0000000931161988
1.0000000757234448
0.9999997945581772
1.0000001861795844
0.9999999486613089
4.0722504901425845e-05
1.000000186435
0.9999996506126413
1.000000045838949
1.000000129262269
0.9999999008541283
0.999999991849478
1.0000001141604555
1.0000001530745508
0.9999999663121323
1.0000001085475712
1.0000000100967616
7.356599584874039e-05
1.0000000734281418
1.0000002219255266
0.20605642380211042
0.9999996480467997
1.000000339180367
0.9999999862697484
1.0000001981907345
0.9999998868366197
0.9999999157232535
1.0000002416648575
0.030772064541637785
0.25000560937149463
0.028668160870604163
1.0000004113595027
1.000000105980175
1.0000000691029312
0.9999999847168485
1.0000002144567466
0.9999997734114054
0.999999920557942
0.9999999222304732
0.9999997620280605
1.0000003661491494
0.9999999233771592
0.9999999895791556
0.9999996995881993
1.0000000603759567
0.9999999090593693
1.0000000996375122
1.0000002587743537
1.0000002020079317
0.9999998985708566
1.0000000173605592
0.99999999521948
0.9999998760061829
1.0000001254399358
0.9999999892321805
0.9999998678136669
0.9999999821560422
1.000000002299037
0.9999999981476768
0.9999998947293988
1.0000001008713826
0.9999999611577456
0.9999999909999293
1.0000000751238907
0.999999929683204
0.9999997688962714
1.000000145781895
1.0000000216478606
1.0000001420521134
1.0000000843707415
1.0000001166784098
0.9999999526687763
1.0000000248133702
0.999999823738914
1.0000002176379363
0.9999999685158978
1.0000001494656072
1.0000001395067644
1.000000137299921
1.0000001294312304
0.9999998693932561
1.0000001353858823
0.9999998060751675
0.9999998179650781
0.9999999315289335
1.0000000136078802
0.9999998966575971
0.9999997447730061
0.9999998190820205
1.000000034298299
1.0000000660069814
0.9999998872682926
0.9999998075033226
0.9999998922154636
1.0000001750406997
0.9999998431527807
1.0000002459618722
1.0000001454819465
1.0000001056863372
1.0000000025235671
0.9999998827327637
0.9999999493943819
1.0000003377344657
0.9999999720909927
1.0000001419282551
1.0000000552347477
1.000000086622725
1.0000001209757903
1.0000002598194389
1.3693191765672346e-05
1.0000000323238554
1.000000123331666
0.999999890018905
1.0000001405197225
1.0000000944004763
1.0000003149096974
1.0000002429733796
1.0000000199859196
0.9999999779332448
1.0000001472857827
0.15617716906684395
0.9999998565654045
0.999999968445636
1.0000000874014947
0.9999997952273241
1.0000001874595306
0.9999998355422707
0.9999998448104626
0.9999999188460377
1.0000002421745569
1.0000001499176807
1.000000024894763
1.0000002391581955
0.9999999496871019
0.9999998180522268
0.9999998799740271
1.0000001360599076
0.999999733807253
0.9999999891454299
1.000000034865694
0.9999998051372321
0.9999998842740387
1.0000001082887098
0.9999999496589043
1.0000001778901662
0.9999997765533997
0.9999999195672541
0.9999997890125052
0.9999999193172643
0.9999998642493416
0.25001801252620265
0.9999998391967244
0.9999999573772431
1.0000000911890472
0.032324490822400645
1.0000002045013099
1.000000196479771
1.0000001032547758
0.9999999457811336
1.000000063075288
0.9999997234666855
0.9999999306513688
1.0000000214752565
1.0000000131991102
0.9999999400382986
0.9999997645907343
1.0000000299807141
0.999999983665495
0.9999998374606761
1.0000000073175368
0.9999999731760454
0.9999998813997026
0.9999999739655603
0.9999999344559007
1.000000197982848
0.9999998818251784
1.0000001374575007
1.0000000235308326
1.0000001398174345
1.000000082125105
1.0000001463644912
1.0000001514515313
1.0000000412439243
1.0000000328485028
0.9999997686706498
1.0000002057084139
0.9999999188763339
1.0000001442314541
1.0000002857084147
1.0000003139358158
0.9999998484428372
0.9999999607481559
0.9999999821348743
1.000000191707216
1.0000000570874477
1.000000051717724
0.9999999796218558
0.999999956964952
1.0000000124887007
0.9999998506575163
0.9999998016078794
1.000000203436865
0.9999998844846474
0.9999998910751576
0.9999999891413944
1.0000001838875625
1.0000001805737162
0.9999998697929624
1.0000001625502617
0.9999998157314354
1.0000002460712514
0.9999998993019014
1.000000068710927
0.9999998775453727
1.0000001765735365
0.9999999936629542
1.0000002412927516
0.9999999609750562
0.9999998156978904
1.0000000027932092
0.9999999921470568
1.0000000015717267
0.9999999283252428
1.000000004750591
1.0000000482164706
1.0000002210105372
0.9999997552266328
0.9999998526442037
1.0000000186401161
0.9999997818484198
1.0000000008996368
1.0000002331603743
0.9999998424336896
1.0000000475766757
1.000000226011006
0.9999997787608448
0.9999999931672543
1.0000002934686185
1.0000002878521042
0.9999999198934222
1.0000000706154855
0.9999998405819722
0.9999996737974226
0.9999997207391864
0.9999999926453238
1.0000001817079716
1.0000000255526442
0.9999998596525628
1.0000002037180609
1.0000000995824234
0.9999999644477638
0.9999998710011456
0.9999999447210409
0.9999999756354464
1.000000005178598
1.0000001368246487
1.0000001188032348
0.0017625388848072545
0.9999998025820234
1.0000001902918363
0.9999999962870465
0.9999997801726132
0.9999999664324076
1.0000002554079266
0.9999998121411003
1.000000016064953
0.9999998749427669
0.9999999404625797
0.999999974318824
0.9999999326518536
1.0000001925096278
0.9999999593074291
1.0000001705017645
0.9999997419437134
1.0000003974916258
0.999999852851945
0.9999998852274306
1.0000000420718327
0.999999985734779
1.0000000372040447
1.0000001648548886
1.0000000167024288
0.9999997339361809
1.0000001054950742
0.9999999107206057
1.0000001446597198
0.9999998092705893
0.9999998728274835
1.000000263349507
0.9999999791923339
1.0000001898898156
1.0000002641210288
1.00000015782501
0.9999997921358
1.0000001621038237
1.0000001920696717
0.9999997559744973
1.000000092701097
0.9999999832943239
1.0000003044203307
0.9999999082619683
1.0000000656486827
1.000000138675024
1.0000001026261112
0.9999999206724355
1.0000000240612243
1.0000000606475279
0.9999998800449712
0.9999999485912243
1.0000002020714223
0.11376109769221963
0.9999999852164583
0.9999997748976301
0.9999997943707227
1.000000157905733
0.9999999832371004
0.9999999762796553
0.9999999712857817
1.000000023779793
1.0000001058265398
0.9999998815358069
0.999999995170636
0.9999999339762191
0.999999948305226
1.0000000717496826
1.0000001000064487
0.999999844539676
0.9999997572556506
0.9999999213297783
0.9999998696720971
0.9999998190683528
1.0000001740561113
0.9999999528245446
0.25003196867079897
1.0000002654977134
0.9999999269238744
1.0000001574343234
1.0000001712814306
1.0000000807512535
0.9999999912849813
0.9999999096866685
0.10858712436112881
1.0000000117962906
1.00000017157022
0.9999999314582951
1.000000179023112
1.0000001126571827
1.000000272979654
1.0000000767465773
1.0000000369185043
1.000000041667176
1.0000001641693381
1.0000000331607126
0.999999868455207
1.0000002647732666
1.000000111618235
0.9999999952696448
1.0000001457298149
0.9999999826424749
1.0000001195387815
1.0000000190880813
0.999999830119446
0.9999999801184748
0.9999997852127234
1.000000054165138
1.0000003197100351
1.000000146674
0.9999997612447005
0.9999999605455254
1.0000000586352455
0.9999999981726275
1.000000169326662
0.2501131741361732
0.9999999887698365
1.0000002480883772
1.0000000547470707
0.9999999245363455
0.9999996555946814
1.0000000667666484
1.0000003335730316
0.9999999780516103
1.0000000626996406
1.0000000362621984
0.9999998969363655
1.000000274537271
0.999999643735624
0.9999998830895723
0.999999981007372
1.0000001272718548
1.0000001681112085
0.9999997686861619
0.9999998649090879
0.9999998020049856
1.0000000350179656
0.9999997657153257
1.0000000563475728
1.000000007333353
1.0000000101773598
1.0000002172608193
0.25008535327283415
0.9999999028159267
0.25004087164700617
0.9999999797312565
1.0000000057481282
1.000000053490661
1.00000006886887
0.9999996597491242
1.0000000059122156
1.0000001413993107
1.0000001049980884
0.9999999756354759
0.9999998307557385
0.9999998377250189
1.0000000340188688
1.0000001880052398
0.9999997306526557
5.993153375125589e-05
0.9999999480657964
0.9999997905529049
0.9999996213783663
0.9999999531799367
1.00000025826671
1.0000002467365239
0.9999999502650727
0.9999999623459023
0.9999998089797664
1.0000000949326173
0.9999999646807324
0.9999999557290398
0.9999998639174932
0.999999940852732
0.9999997532248367
1.000000024824833
0.9999999795599656
1.0000000723203697
1.000000196965627
1.0000002153304939
1.0000000500063047
0.9999998761122612
0.9999997990752151
1.0000002072281409
1.0000002534906844
1.0000001582373734
0.08781421698551067
1.000000148265509
0.999999885015461
1.000000096100381
0.9999998335511611
0.9999996887690192
1.0000000813164471
0.999999961487451
1.0000001229894944
1.000000139707112
0.9999999361651589
1.0000003707473242
0.9999997742538008
1.0000001712167397
0.9999999653703578
1.0000001036231607
1.000000116250823
1.0000000852164694
1.0000001944674366
0.9999999020928625
0.9999999916794198
1.0000002624730278
0.9999998728129091
0.9999999221380664
0.9999998634802656
0.9999998281419779
0.9999997555233547
1.0000002174152922
1.0000000237057478
1.0000002596398563
0.9999999717896297
0.9999999338767365
1.000000104885446
0.999999860410755
0.9999997440167463
1.0000000225070844
1.0000000077213782
0.999999758049855
1.629703379887994e-06
1.0000000848580464
0.9999999290317899
0.9999998790063246
1.000000019816281
0.9999997653941819
0.9999998973647077
1.0000001759661632
1.000000019308045
1.0000002598664786
1.0000001223188806
1.0000000169646293
0.9999999351996299
0.9999997863972884
0.9999998810404302
1.0000000677188245
1.0000002600213298
5.833940860118573e-06
0.9999999994673019
0.9999999163175683
1.0000002231026182
1.0000001490673276
1.0000002139541113
0.9999999161879192
1.0000001056412098
0.9999998431314253
0.9999998800780643
1.0000000736747543
1.0000002153753957
1.0000000842888972
1.0000002144962599
1.0000000877599187
1.0000001724885121
0.9999997576839483
1.0000000834511158
1.0000000580742379
1.0000000226477097
1.0000000080926013
0.9999999784014985
0.9999998318209711
1.0000001239071346
1.0000000662653454
0.9999999418267342
1.0000002837074342
0.999999834284546
1.0000001674122174
0.9999999436660935
1.0000001563630985
0.9999999335299992
1.0000000458387173
0.9999998077597402
1.000000124798126
1.0000001117047268
0.9999996968191108
0.9999997470399984
0.9999998401378256
0.9999999623678032
1.0000000121929036
0.9999998619114575
0.9999998298861642
1.0000002395363266
0.9999999508687171
1.0000002608447105
0.9999997917612702
1.00000045754958
1.0000003533080923
1.0000001507570917
1.0000001211944902
0.9999999248890786
0.9999997199185057
1.0000002365358982
0.9999998858653406
0.25000259626820814
1.000000012698571
5.326258107009388e-05
0.9999998419560963
1.0000002535952817
0.9999998425957606
1.0000002130451804
1.0000001736716464
1.0000003192688316
1.00000003882564
1.0000000787301244
0.9999999999735827
1.0000000259653834
1.000000077008086
1.000000048436324
0.9999999461933441
0.9999999839364829
0.9999999021469239
0.9999997999504855
1.0000001312433529
0.9999999360638855
1.0000001228343687
0.9999998737146669
0.01511369523621411
1.0000002148608487
0.9999999896937242
1.0000000079361575
0.9999999705833802
1.0000003061615477
1.0000000686446573
0.9999998606863256
0.9999997990653079
0.999999948810248
0.9999999218308384
0.9999999513702099
0.9999998388090944
0.25005879217087207
0.9999999171389954
1.0000001274268038
0.9999999447780331
0.9999999982385426
1.0000000135088305
1.0000002011662814
0.9999998789421131
1.0000001016466822
0.9999998694106189
1.000000092542559
0.9999996978418693
1.0000002580143599
1.000000341775464
1.0000000555071755
0.9999998957480183
0.9999997992086779
1.0000000188372509
0.9999999112568287
1.0000001308590123
1.0000000179484911
0.999999867757453
0.999999956618129
0.9999999743324205
1.0000000734754653
0.9999999951819705
1.000000133154244
0.9999998779871715
0.9999999386154794
0.9999997996256005
0.9999998784172904
0.9999998371162686
1.0000003037112957
0.9999999025573488
0.999999839004615
0.9999998444759821
1.0000000033665772
0.9999996995647388
0.9999999605747265
1.0000000737050505
0.9999999049377262
0.9999998817133213
1.000000012780165
0.9999997814613646
0.9999998741840863
1.0000002517335338
1.0000000380218155
1.0000000454106828
0.9999998221231489
1.0000001301622399
0.9999999814091202
1.0000000224737178
1.0000001453769687
0.9999999335667014
0.999999948628167
0.9999999712478504
1.0000000232334416
0.9999999010768592
1.000000021597842
0.9999999463898062
0.999999926325511
1.0000000205282178
1.000000144809078
0.9999999218272808
1.0000000398851951
1.0000001126427818
1.0000000427864015
0.9999998541282249
1.0000000796610544
1.000000215215148
0.9999999508342424
0.9999999401412907
1.0000001120038582
1.0000000302586864
1.0000000127904345
0.9999996794111926
1.0000001119943391
0.99999980535773
1.0000002046769587
1.0000002263499819
1.0000001478978124
0.9999998992687987
0.9999999269120188
1.000000008778867
1.000000338796405
1.000000146486324
0.9999999128210143
1.0000002303159112
1.0000002736026867
0.9999999041964857
1.000000088278796
0.9999997592210911
0.9999998247994762
0.999999875731265
0.9999998941089797
1.0000001392399
0.9999999143041681
0.9999998763969726
0.999999962797644
1.0000000600556849
1.0000001360531774
0.9999997695505001
0.9999999909971748
3.0080673664260684e-05
1.000000274748402
0.9999999569565405
0.9999999818049973
0.9999997551693803
1.0000001065369928
0.9999998226583257
1.0000000433114962
1.0000000495415582
0.9999997891824088
1.0000001471673974
0.9999998517499117
1.0000000491767078
0.9999997984334853
1.0000003181242043
0.9999999434935144
1.000000065587632
0.9999998359681427
0.9999998534788666
1.000000091924115
1.0000000611764288
0.9999998071596621
0.9999999364037572
0.9999998999519911
1.0000000123696138
0.9999998391261695
0.9999995630045213
0.999999954651079
1.0000000604274155
0.9999999114889011
0.9999999551736153
1.0000001207820155
0.9999998727212303
1.000000261157352
1.0000001063443322
1.0000001609534206
1.0000000094269832
0.2501446702033578
1.0000001772003893
1.0000001494605055
1.000000111411027
0.2500000584668015
0.9999999117595557
1.0000001246423873
0.9999998125757447
1.0000000419777217
0.999999935376089
0.9999998346380292
0.9999999107499467
0.9999998978691945
0.9999999721783703
1.000000043839858
0.9999999424318459
1.0000000616784637
0.9999999489292308
0.9999999863835931
1.000000192177871
1.000000063939545
0.9999997670210738
1.0000000675343415
0.9999999916707605
0.9999998885475998
1.0000001563576508
0.9999998280014769
0.9999999539140557
0.9999998334555238
1.0000000299384924
0.99999994089726
1.0000003032967348
1.000000055854127
1.00000020842615
0.9999999210207853
0.9999998843567945
1.0000000339778634
1.0000002602753124
3.3446132636645614e-06
1.0000002669051327
1.0000003129901587
0.9999997698982844
0.9999999306651169
0.9999999774391156
0.9999999492482095
0.9999999095534298
1.000000084991476
0.9999999256208167
1.0000001338843618
0.9999998327423633
1.0000000781744534
1.0000000378050262
1.0000001100816442
1.000000115816081
1.0000001542952648
0.9999999656151995
1.0000000971055238
1.0000001382105541
1.0000000315203759
1.0000000853500208
0.999999678594706
1.0000002568066755
1.000000124480249
1.000000171794434
1.000000021000254
0.9999997993907715
0.9999996932366728
1.0000000403480858
1.0000000186482612
0.9999998820956671
0.9999998736695681
0.9999999227052031
1.0000000415155186
0.9999998959825382
1.0000000331429983
1.0000001788490804
1.0000000385319239
0.9999998866369094
0.999999901631496
0.9999998781156273
0.9999999981242729
1.0000000016042998
1.0000001056240764
1.9742579833623893e-05
0.9999997929638514
1.0000002000444141
1.0000002657415026
1.0000003432710194
1.0000001416031907
1.000000124886773
0.999999894447395
0.9999999003170494
0.999999928446575
1.0000000090437027
1.0000000147123176
1.0000000072264692
1.0000000160138018
1.0000001011431743
0.9999998387429881
1.0000000931889335
0.9999998382565946
0.9999999340653862
1.0000001055914247
0.9999998494903607
0.9999998146743777
1.0000002370277785
0.9999999505447483
0.9999999585131292
0.9999998575024969
1.0000000389820891
1.0000000310926798
1.0000002506768875
1.0000000907060305
0.9999997277770615
0.9999998279160655
0.9999997356720965
1.0000001471762445
0.2500167348169387
1.0000001266374352
0.9999998356024159
0.9999998745118438
1.0000000878529456
0.9999997977920012
1.000000179163914
1.000000032924744
0.9999998452164804
0.999999983582491
1.0000001490285457
0.9999999206139727
1.000000024544326
0.9999999165900544
1.0000000568091294
0.9999999500346994
0.9999999578833512
1.0000001961667626
1.0000001728732433
0.999999820235152
0.9999998571539892
0.9999996437369865
1.0000000255945227
1.000000132022464
0.9999999915261961
1.0000002449140997
0.9999999612050746
1.000000017236275
0.2500154350176116
0.023888288148465837
1.0000000130438504
0.9999997859138413
0.9999999672915265
0.9999999895485627
1.0000001027373555
1.0000000169819785
1.0000001981060023
1.0000003531102584
0.9999999864547411
1.0000001838821029
1.0000001812022379
0.999999910310515
1.0000000165876073
1.000000074072235
1.0000002052820494
0.9999999718758608
1.0000000372714424
1.0000001669592151
0.99999984539178
0.9999999059177764
1.000000217911601
0.9999998493945247
1.0000000768978599
1.0000001204041955
0.11248630007610534
1.0000000497598418
0.9999999290934757
1.0000001161765273
1.00000000215422
1.0000001453597576
1.0000001590634602
0.9999999724891155
1.000000212613316
0.9999998121536703
0.9999997361602638
1.0000000242553135
1.000000170813154
0.9999999097611509
1.000000223743482
0.9999997732870332
0.9999997881849333
1.000000032082238
1.0000001894217725
1.0000001064817232
0.9999999475821861
1.0000000360265167
1.0000000066622143
0.9999999314651925
0.9999997380538487
1.0000002519625768
1.0000002090475217
0.9999999631223891
0.9999998312293599
1.0000000778623164
1.0000001814944641
0.9999999490305316
0.9999998395185778
0.25003965836759795
0.9999998560874525
1.0000000565110634
0.9999999698539013
1.0000002043568068
1.0000000307053345
0.9999999202642018
0.9999998821966555
0.9999998579884167
0.9999998618316238
1.000000116776811
0.9999999457601138
1.000000431709711
1.0000000359624905
1.000000090222003
1.0000000176111379
6.131238463222148e-05
1.0000000225097925
1.0000000588357731
2.242743203153933e-05
0.9999998357353909
0.9999997951173868
1.0000000173120949
1.0000002750610781
1.000000127837199
1.0000000030930036
1.000000022604332
1.0000001901399218
0.9999997676212096
1.0000000496574983
0.9999996688461988
0.007455090872850144
1.000000304249757
1.0000002862612023
1.0000000108619296
1.0000002669639314
1.0000003312454933
0.9999997209595967
0.9999997814650436
1.0000001009439063
1.0000000144247099
1.0000000649949154
0.999999832164863
1.0000000304714958
0.2384600310141613
0.9999997773377809
0.9999999961682875
4.619912116213686e-05
1.0000001738237816
0.9999998419068428
1.000000237752559
0.9999999927201748
0.9999999690570653
1.00000013791591
1.0000000530145832
0.9999998165874704
1.0000002422660108
0.9999999272692295
1.0000000904661468
1.0000000014866077
1.0000001377530536
1.0000000095083843
0.9999998873098744
1.0000002117472282
0.9999997457820842
1.0000000873088977
1.000000044100061
0.9999999030747796
1.0000000856026423
0.9999999123096944
1.3159779245721486e-05
0.9999998391035876
0.9999997840978264
1.0000002884225454
0.9999999340957315
1.000000119541279
1.0000001369915072
0.9999999425416971
0.9999999543305199
0.9999998449998981
0.9999999941217199
0.9999996886434237
0.9999997980188202
0.9999998737494216
1.0000000203782244
0.11225832849401716
9.177161678580602e-06
1.0000001067002595
1.0000001649597172
0.9999997016999116
0.9999999871086644
1.0000000094358406
1.0000001808932464
0.9999997686926461
0.9999998738366718
1.0000001797240117
1.0000002742638003
1.0000002439269744
1.0000001803701652
0.9999999020245902
1.0000001656388908
0.999999998864586
1.0000001873086641
1.0000003241457698
0.9999997598481281
0.9999997920426472
1.0000000542850012
0.9999999215917024
0.9999999982273806
1.0000003337561634
1.0000000205044803
0.9999997141446135
0.9999999996155671
1.0000001393777125
0.9999999079857219
1.0000001641728922
1.0000000446926385
0.9999998734126645
1.0000000356445862
0.9999999582247074
0.058888103581853216
0.9999999589852755
1.000000041163649
0.9999998301460556
0.1557889196792904
0.9999999584297468
1.0000002103337886
0.9999998476317122
1.0000002308848601
0.9999999273151097
0.9999998360997537
1.000000003626524
0.9999997277537668
1.0000000303772951
1.0000001694447613
0.9999998775758521
0.9999998685174142
0.9999999720901813
0.9999999483566193
1.0000000918732854
1.0000001273005843
1.000000065450663
0.9999999816990816
0.9999998636857501
0.9999998797648412
1.000000116513492
1.000000132329279
1.0000000249544188
0.9999998649047773
0.9999998658807666
1.0000001279845612
1.0000002989110464
0.9999999850188851
2.725268055465142e-06
1.0000000953533164
0.9999998375749576
0.9999997171704011
0.9999998855122088
1.0000001574476416
1.0000001807868693
0.999999977881097
0.2500339941145447
1.000000097457139
0.9999998674452977
0.9999996703762161
0.9999998652683587
0.9999999482726005
0.9999998209245873
0.9999999940141242
0.9999999199699958
0.9999998790861439
1.0000000836823046
1.0000002619185004
1.0000001117732649
1.0000000735581467
0.9999999084832841
1.0000001868460229
0.9999998967714996
0.9999999169733105
0.999999761012692
0.25002242710195266
1.0000001888898962
0.9999999400628805
0.9999999601467149
0.9999997689360072
1.0000001074773197
0.9999999331546665
1.0000002945307354
1.000000022523689
0.9999997452249381
0.9999999713065018
1.0000000780687548
1.0000001560534784
0.9999998513691646
0.9999998665148091
1.0000001084098342
0.9999999202564933
1.0000000704771437
0.06383912730524155
1.000000285502658
1.0000001457211845
0.9999998502790635
1.0000000621617184
1.0000003244638769
0.9999999549931301
0.9999996294448895
0.9999999996680593
0.008750087844219467
0.9999997208360399
1.0000000496294652
1.0000003153666164
0.9999996192417326
0.99999970820652
0.9999999110461171
1.0000001256849504
1.0000001328898849
0.9999998643730655
0.99999974934473
1.0000000383155387
1.000000029504031
0.9999998755748994
0.9999998803833092
1.0000000919024443
2.8176264200306122e-05
0.9999998757576122
1.000000236704161
1.0000001640114955
0.9999999791243591
0.9999998027123063
1.0000000931568964
0.9999997792934721
0.9999999910067134
0.9999998593321234
0.9999998441694123
1.0000000058475256
1.0000001610759022
0.9999998892165118
0.9999997956260196
0.1565761633089816
0.9999998721976465
0.9999999016319923
0.9999999978220901
1.8228326889292316e-05
0.9999999854219568
1.0000000857605431
1.0000000979459325
1.000000208880006
0.9999999197638629
0.9999998510529822
0.9999998417549989
1.0000000634728983
0.9999998013956809
0.9999999789955908
1.000000004458077
1.0000000894720362
0.9999998078044493
0.9999998913901372
1.0000001061985542
0.9999999867360863
1.0000001075351233
0.2500575840469641
1.0000001158305196
1.0000000018744655
1.0000001633607787
1.0000000759163292
0.9999999221263485
1.000000077232709
0.9999999346527124
1.0000000408070249
1.0000001723593785
0.99999986884817
0.9999999375083278
0.9999999272264992
1.0000004059474028
0.9999997806923524
1.0000000802928468
6.36551969324921e-05
0.9999999220224718
1.000000227851236
1.0000000864354464
0.9999999672218223
0.9999998228906298
0.9999999915575772
0.9999997763455065
1.0000001460364438
1.0000001436339898
1.000000166432472
1.000000009549507
1.0000000429161835
1.0000000238510423
0.9999998260629486
0.9999998599056732
0.9999997357033509
1.0000000935194868
1.0000000060152088
1.000000129157857
0.9999998905516992
0.9999999371364031
0.9999998460648046
0.00017515141099120552
0.9999998798698588
1.000000041780651
0.999999898938465
0.9999999353187948
1.000000030655669
0.9999998331732115
1.0000002829787742
0.9999997832790628
1.0000001981822533
1.0000000959631001
0.9999999953444076
1.0000000000495248
0.9999997989562951
1.000000192710936
1.0000000279724766
0.9999999667412085
1.0000002114988118
5.630259158153967e-05
0.9999997064790727
0.9999997378935489
0.9999997963888007
0.9999998776591759
1.0000002203489082
0.999999866347544
0.999999961452028
1.0000000440391221
0.11230969739322841
1.0000001083401864
1.0000002144267413
0.9999999827503078
1.000000108976731
0.00018439844272524975
1.0000001582335702
1.0000000152494213
0.11710177504403572
1.0000000503812438
1.0000000474889756
1.0000000741555866
0.9999999681349299
0.9999998387331376
1.000000087712307
1.0000000307978063
1.0000003833502535
1.0000000699063087
0.9999997672530387
0.9999999045903811
0.9999999189470529
1.000000191966868
1.0000000286577013
0.9999999046256414
1.0000001638844256
1.0000001997865084
1.0000000254935186
1.0000002035877793
1.0000000299892278
1.0000001059019923
0.9999999841882278
0.9999997378526141
1.0000000133569822
0.9999999515425645
1.0000000538581812
1.0000000692728988
0.9999997965948851
1.00000005097434
1.000000044626041
0.9999998621611209
0.9999999462906699
0.9999999177267193
1.0000000565048621
1.0000001467717405
0.9999998369558267
0.9999997154328903
0.999999779146479
1.0000000015105774
0.9999999643806227
1.0000001747833651
0.9999999241425167
1.0000002703953945
0.9999997580554929
1.0000001749258827
1.0000000135406113
0.9999998427083883
1.0000001217539582
1.0000000352608815
0.9999998936841833
1.0000000192088487
1.000000117695718
1.0000000271826448
0.9999999851714005
0.9999999493109901
0.9999999623850985
1.000000001502551
1.000000040020054
1.0000000268742386
1.0000001928308722
0.9999998378195526
0.9999999536659147
1.0000000351045595
0.9999996451805043
0.9999999420265295
1.0000000342506163
0.999999847689109
0.9999998183389163
1.0000001206812286
2.241469249416683e-06
1.0000000173799286
1.0000002384858329
0.9999998167179731
1.0000000466683474
1.0000000404239517
0.9999998596504405
0.999999980107842
0.9999996717181147
1.0000000382465077
1.0000002149149227
0.9999999620549845
1.0000000763799817
1.0000003584133983
0.9999999749789691
0.9999999167728784
0.9999996505750403
0.9999999073056268
1.0000001766532847
1.0000000479794753
0.9999998996308092
0.9999999542630199
1.0000000698953242
1.0000000776478706
0.9999998695733157
0.9999999530650691
1.0000002340850833
0.9999997817506662
0.9999999424090181
1.0000000017712867
7.24637488146302e-05
1.000000067821839
0.9999998508126684
0.9999999443905182
1.0000000121870372
0.9999998867501075
0.9999997730047341
0.9999998587604343
1.0000000366119823
1.000000208913373
0.999999667144042
0.9999998755937151
0.9999997299951906
1.0000000472709394
0.9999997939649374
0.9999998984799711
1.0000000719379947
0.250002656503354
1.0000001055763048
0.9999998448856273
1.00000002021922
0.9999999071643598
1.0000001951892192
1.0000003841243439
1.0000000414768198
1.0000000584505933
0.9999999831694931
1.000000135383914
0.9999999944862903
0.9999999838986354
0.9999997228911025
1.0000001591555352
0.9999999438167012
1.0000003099646144
0.9999998499651407
1.000000018396868
0.9999998208545575
0.9999999513149044
0.9999999571295501
0.9999999536161984
0.9999999517801114
1.0000000540953893
0.9999999755120471
1.0000000935840876
0.9999999198628196
1.0000003882925377
0.999999991199132
1.0000000166481735
1.0000000955662829
1.000000085641712
1.0000000014222783
0.999999949228404
1.0000000382646723
0.9999999172290722
1.0000001015390483
0.9999999998459959
0.9999998197395351
1.0000002217421515
0.9999996933242463
0.9999998812815742
0.9999999526376709
1.0000000888131961
0.9999999872489411
1.0000000839180783
0.9999996401965998
0.9999999704076059
1.000000170639958
0.9999999161580084
1.000000348018593
1.0000001561411727
0.9999997848206998
0.023924525736559715
1.0000000920728964
1.0000002215281032
1.0000000771526103
0.9999999714362822
1.0000000605924244
1.0000002709497553
0.1120418531191013
1.0000001106075866
1.0000002819086877
1.1833232799431109e-07
1.000000148225894
0.9999999323447268
1.0000001218440489
0.9999999511276915
0.9999998386601731
0.9999998089586457
1.000000092441637
0.9999997029989479
0.25001311881499566
0.9999999935652941
0.9999998456432415
0.9999999795470985
1.0000001625909927
0.24994257133019904
1.0000000778379279
0.9999998569135016
1.000000120701459
0.9999999632418187
1.0000001932880145
3.8060535004505035e-06
0.9999998415197969
0.9999999839980301
0.9999999654210155
1.0000001073603626
6.883180074400382e-06
0.9999999058655744
1.000000185194298
1.0000000750838907
0.9999998820747603
1.0000003042092107
0.25000570541148887
0.9999998555230284
1.0000000845615444
1.0000002293853678
0.9999999497881691
1.000000026250904
1.0000000002721467
0.9999996525676143
1.0000001420071885
0.9999999711230803
1.0000000045283564
0.9999999085951224
1.000000256657756
1.000000239134255
1.0000003366272034
0.9999999087229844
0.9999999650746075
0.9999996887692901
0.9999999568534377
0.9999998389694535
0.9999997614181213
1.0000001751272787
1.0000002668632781
0.9999996514581653
1.0000000747810005
1.0000002609488596
0.9999999481126127
1.0000000164629554
0.999999987963911
1.0000000984224584
0.9999998966275041
1.0000000236361262
0.9999999428149472
0.9999998793348629
0.9999998311412606
0.9999998993990674
0.9999999883822532
1.000000139781367
0.9999999867845757
0.031136392505506195
1.0000000057127365
1.000000156315357
1.0000001032881922
0.9999997610119457
1.0000000180417916
1.000000105771451
1.0000001374975878
1.0000001366200137
0.9999998425055221
0.9999998352132305
0.999999806062864
0.999999748549431
1.0000002897112221
1.0000002302359001
1.0000000844319854
1.0000000932706357
0.9999999922549083
0.9999996423492252
0.2500265151063967
1.000000087419376
0.9999999797550517
1.0000000207168949
0.0007145769788841817
1.0000002435575694
0.9999999441562099
0.9999998588390321
0.9999998440263499
0.999999963479003
1.0000002064128966
0.9999996367009464
1.0000002464969793
0.9999999188480534
1.0000000039204604
0.9999998352183442
1.0000001419893196
1.0000003297402258
1.000000050583967
0.9999999960305708
0.9999999495205023
0.9999998839451347
0.9999999406196733
0.9999998080503015
1.0000003490771252
0.9999998625548868
0.9999998537319603
0.9999998710268131
1.0000002434745052
0.2501216001675645
0.9999999235256861
1.0000000608560806
1.0000000935414364
0.9999999717407706
1.0000000523155286
1.0000003200592456
1.0000000639230742
0.9999995812289159
1.000000171296821
0.999999769836306
1.0000001534565521
1.0000001667187248
1.000000087027207
1.0000000501712873
0.9999999262795591
1.0000001463619803
1.0000002702207236
1.0000001143150568
1.0000000330089842
1.0000000794298278
1.0000001912128254
1.0000001571503625
1.0000000245085945
1.0000003017287538
1.0000000598306045
1.0000001552249682
1.000000004576223
1.0000000749715796
1.0000001415145314
1.0000000493274095
0.999999912530715
0.999999884019591
0.999999828712903
1.0000001499705384
1.000000149079099
1.0000000112792224
0.9999999206960684
0.9999997365578166
0.9999999324143964
1.0000001013131707
1.000000160580781
0.9999999002768103
1.0000000836513063
1.0000000398389273
1.0000000206050936
1.000000157581677
1.0000001575490103
0.9999999986480554
0.9999998304342829
0.9999999908130515
1.0000000559026256
0.9999997873083846
1.0000002994285644
0.9999999875625636
0.9999998865985679
0.9999999582032186
0.9999998822962802
1.0000000113399805
0.9999997606933427
0.250050722876781
1.0000001433438965
0.9999997935412563
0.9999998935614995
1.0000000698971756
0.9999999604940566
0.9999998500829775
1.0000001136386591
1.00000022295775
0.9999999443715243
0.9999999346767345
1.0000000175619945
1.0000000035334295
0.9999999593428548
1.0000000405718814
0.9999998118843276
1.000000293361967
1.000000149869961
1.0000000801982736
1.000000008546329
0.9999999266278108
1.0000000277645567
1.0000000116192642
1.000000007709164
1.0000001099352933
0.9999998421892737
0.9999997868587585
1.0000000035997614
1.0000002745683398
1.0000001422955715
0.9999999334798113
0.999999838732368
1.0000000328684477
1.0000002581986946
1.0000002615943762
1.000000132900288
0.9999999568469313
0.999999825950542
0.9999999674795339
1.0000000362563093
1.0000001718673943
0.9999999134829963
1.0000000382705454
1.0000000818988939
1.0000000724110292
0.9999998706952802
0.9999999237300138
0.9999999428109366
1.0000001256918796
0.9999999659451949
1.0000000641317757
0.9999998340888827
0.999999914066868
0.9999999720791528
0.9999996066400114
1.0000001472542759
1.0000001187862257
1.0000001029194072
0.9999998758820615
1.00000004608015
1.000000020361521
0.9999999451997165
1.0000000989406972
1.0000001814156512
1.0000001200812774
0.9999999534564298
1.0000001926485065
0.9999997811995815
1.0000000233967674
0.9999997802144477
1.000000015205086
0.10843300119314093
0.999999994771855
1.0000001256579827
1.000000270214925
0.9999998423407574
1.0000001183666463
1.0000002836233104
0.9999998157742502
0.2500002060436563
0.9999998477185836
0.9999998383931034
1.000000344829215
0.9999997612319049
0.9999999749045535
0.9999999825028373
1.0000001414733084
1.0000000699453837
1.0000000842018144
0.9999999831639191
0.9999997171558554
0.9999998554969992
1.0000001094848796
0.9999999597284535
0.9999998334934281
0.9999998603526599
0.9999998965478467
1.0000001530744909
1.0000000019357769
1.0000001029139778
1.0000000590603593
0.9999999396839705
1.000000097753148
1.0000002992592518
1.0000000253368253
0.999999830669878
1.000000047002033
0.9999998597447972
1.000000179217956
0.9999998128167785
1.000000187534524
1.000000048373727
0.9999999048655797
1.0000001117681383
0.9999996759458523
0.9999999460379977
1.0000001820778983
1.0000001178520046
1.0000001172013409
1.0000000458162122
0.9999999211576196
0.9999999137732992
0.9999999373307896
1.000000010589515
0.999999786415157
0.9999998129535034
1.0000002804327932
1.0000002878641532
1.0000000845781356
1.000000055742554
1.000000118551827
1.0000000566083251
0.9999998172063594
1.0000000169939547
1.0000001656147013
0.999999871139987
0.9999998279930026
0.9999999417845951
0.9999999738118686
1.0000000954386823
1.0000002121255391
1.000000211428008
0.9999998760633381
0.9999997380450448
0.999999750803573
1.000000345884098
0.9999999494533551
1.0000001542663985
0.9999997719870185
0.9999997610567056
1.0000001650894192
0.999999764013448
0.9999999728415445
4.4648771308665744e-05
1.0000002028844226
0.9999998801702126
1.0000000453643456
0.9999999592881748
0.9999999224982448
0.9999999790817863
0.9999998730231585
1.0000002397327161
1.0000000711240582
1.000000250599198
0.9999998477203382
0.99999978714331
1.0000001022187903
0.999999988840051
1.0000000369178221
1.0000002291267902
0.9999997931615683
1.0000001658530857
1.0000001821998261
0.9999999512575838
1.0000000660833785
1.0000000130805295
0.9999998177045876
1.000000038432153
0.9999998523587738
0.9999999285973414
0.9999999640081151
0.9999999335702683
1.0000000917152578
1.0000001194837442
0.9999997332444233
0.9999998239239429
5.037538030045366e-05
1.0000000002445582
1.0000000980391441
0.9999999705632021
1.0000001177536109
0.9999998929646268
1.0000001051908436
1.000000174566908
1.0000001447843494
0.9999998017148285
1.0000001381395547
0.9999999202814027
0.999999921323002
0.9999998755224148
0.999999972448024
1.0000000157267408
0.9999999542984513
0.9999998365521572
0.9999996761106353
0.9999999367172944
1.0000001225082127
1.0000000653137928
0.9999997324389406
0.999999836877131
1.0000000710452874
0.9999998576775291
1.0000001513201853
1.0000000740531507
0.9999999426316609
0.9999997623086933
1.00000018008319
1.0000000318415763
0.9999999740787942
1.0000001020711276
0.9999997601452937
0.9999999675631817
0.9999999456369552
0.9999998715578596
1.0000000950689745
1.0000002028785446
1.0000000617175608
1.000000064136484
0.9999998661089917
0.9999997863790367
1.0000000839893368
0.9999998768918557
1.0000001044463787
0.9999999024978589
1.000000308268094
0.9999997916486707
1.0000001849541549
1.0000002153749845
0.9999995880395902
0.9999999703693752
1.852454872107659e-05
1.0000002266138135
0.99999996531328
1.0000001048718667
0.9999998398240695
0.9999999920831775
0.2500531703053573
1.0000000504066386
0.99999983480196
0.9999996109997836
0.9999997894824466
1.000000146869398
0.9999997774835948
0.9999997991360047
1.0000000002963576
1.0000001159218466
0.9999999189746523
1.000000135403219
1.0000000971116842
1.000000153900453
0.999999951329405
0.9999999877564423
1.0000002665469823
0.9999999414405492
0.9999999795012849
1.000000075781304
1.0000000437544894
1.0000000724744607
0.9999998482069989
0.999999981008375
1.0000002022920498
0.9999997830207923
0.9999998571776783
1.0000003191545785
0.9999999419294265
1.0000001990512184
0.9999997672669771
0.9999997075878598
0.999999897030664
0.25001111566476963
0.08227526507185236
0.9999999511959253
0.9999997967506938
1.000000181061851
1.0000000737564805
1.0000001645508085
1.000000158219743
0.9999997298348511
1.0000000494551438
1.0000000834423077
0.9999999041936559
1.000000152142896
0.9999999190474375
1.0000002052231236
1.000000236416591
1.000000055953223
1.000000129269668
0.999999941827479
0.9999997925227021
0.9999998488706979
0.9999998115688342
0.9999997924135234
0.9999999520084614
1.0000001839790995
3.7531477170490014e-05
0.9999998954856549
1.0000001181329212
1.0000000296081188
1.0000001389223319
0.9999997954535207
1.000000063316531
1.0000002028658712
0.9999998610345612
0.9999999034777564
1.0000002254487292
0.999999997071473
0.9999997767765121
1.0000000506088218
1.0000000843967536
1.000000275107509
0.9999999265004118
0.9999998458537531
0.9999998867400458
0.999999931458221
1.0000001331579074
1.0000001002688432
0.9999999352866623
1.000000110430642
1.0000001985597988
0.9999998203294812
1.0000001335685393
0.999999781924355
0.9999999798946383
1.0000000966345401
0.9999998795614108
0.9999999097643151
1.0000000695693483
0.9999999134539562
1.0000002628498832
0.999999976388532
1.000000001526618
0.999999790074788
0.9999996888515794
1.0000000234359712
1.0000001232749878
0.9999996437984338
0.03059420135525739
0.9999999485843267
1.0000001327490655
0.9999998380611886
1.000000061576956
1.000000108087167
0.9999998545522115
1.0000001554490356
1.0000000029929748
0.15788687326247097
1.0000000366286868
1.000000137747261
0.9999997047810858
1.0000000137634997
1.0000001472103586
0.9999999370250207
0.9999999490024976
1.0000001686946827
1.0000000383867893
1.0000001623891372
0.9999998169943581
1.0000000032590153
0.9999998903243584
0.9999999031331585
1.0000000283596895
0.0088564643000815
0.9999999770116482
1.0000000187764027
0.9999999221059066
1.0000001291102165
0.9999998978979289
0.9999997922937668
1.000000052911284
0.9999999161803321
1.0000000163321112
0.9999999787715496
0.9999997608472434
1.0000002530252292
1.0000002531740448
1.0000000647135134
0.9999999557142745
0.9999997511224764
0.9999999365261975
1.0000001206948745
0.9999998900072896
1.0000000259951551
1.0000000099710693
0.999999837850665
0.9999999113853599
1.0000001175961284
1.000000218961464
1.0000003080413096
0.9999999006214058
0.9999998812417887
1.0000001228148536
0.9999998754704921
0.9999998901092279
0.999999950577197
0.999999917216786
1.0000001478294427
1.0000000409046073
0.9999999139524868
0.9999998940193487
0.25000178061622913
1.0000000440076335
1.0000003090280378
1.0000000479766056
1.0000000605817365
0.9999998375288989
1.0000000191203249
0.9999997931894893
0.9999998021015843
0.9999997471567275
0.9999997904609236
0.9999998563417503
6.417884874272264e-07
1.000000025398178
0.9999998772374326
1.0000002061928472
1.0000002752350226
1.0000000917461251
0.9999998991678106
1.0000001734471033
1.000000190382497
1.0000000668611484
1.0000001522064572
0.9999999376677516
0.9999999483720006
0.9999999459197187
1.0000002379931563
1.0000001637209768
0.9999997628419818
0.9999998910089481
0.9999998011373769
0.9999999000698276
0.9999997323182602
0.9999998453868912
1.0000003560328
1.0000000015211246
0.9999997700353848
1.0000000954582235
0.11504726078386243
1.0000000259991462
0.9999999241638352
0.9999996254937575
1.000000107351241
1.000000164537743
1.0000000186626208
1.0000000946515701
1.0000001045860847
1.0000000212816869
0.11534254725926571
0.9999996865245365
1.0000000829415345
0.9999999056260971
1.0000000117084857
1.0000002266092785
0.9999998135949042
0.0025170996577056795
0.9999999920756313
0.999999878260586
1.0000002345966768
0.9999998059987677
1.0000000005874132
0.9999998964387431
0.9999999314415068
0.9999999729399649
1.0000000714734263
1.000000129871031
0.9999999226447512
0.9999997073351526
0.9999998720489939
0.9999998549356842
0.999999835625604
0.999999907522429
1.0000002679043491
0.9999999894658718
0.9999999918589717
1.000000078723567
1.0000000492598595
1.0000002243476571
1.0000000418641721
0.999999945716601
0.9999996910116326
1.0000002162582706
0.2500038538801202
0.9999999978797152
0.9999999127325384
1.0000000523415078
0.999999958485275
1.0000001808862755
1.0000002079342905
0.9999999688770698
0.0017780140073314723
0.9999997615378042
0.9999999121417092
0.9999997379456985
1.0000002154189374
1.0000004042217463
0.9999999747458473
1.0000000628089296
0.9999998872152064
0.9999998457049117
1.0000003091528136
0.9999997766975111
7.281531277958876e-05
1.0000001659104363
1.0000002414217
0.9999999631672777
0.9999996957205903
0.9999999973304956
0.9999996979165832
1.0000001259080658
1.0000003494572798
1.0000000733302645
1.0000000553693595
0.999999920307652
1.0000002679680204
1.0000001847061628
0.9999999512724306
1.0000000411350127
0.9999999738985934
0.999999707238927
0.9999999665565612
0.9999997443388923
0.9999999089262034
1.000000132455749
0.9999998136531583
1.0000000373216236
0.9999998633981577
1.0000000373418767
1.000000265707653
0.9999998468484327
1.000000266216401
1.0000000980584287
0.9999998454324972
0.9999999285479565
0.9999998787391929
1.0000001332384096
0.9999997922311118
1.0000000706689898
1.0000000110242615
1.0000001159429572
1.0000000697346014
1.0000000625291405
0.9999999529583646
0.9999998970735597
1.0000000345025113
1.0000001256420252
0.9999999149868628
1.5821551190983148e-05
0.9999999793931565
1.0000000558260744
0.25000231603581285
1.0000001602837798
1.0000000658408716
0.9999998878616965
0.9999998944654959
0.9999998656427632
0.9999998695495849
0.9999999816754427
0.9999999125568318
0.9999998807195509
0.9999997437468688
1.000000227511157
0.9999999680219596
1.0000001709542181
1.000000085775902
0.9999999276323475
0.9999998914251019
1.0000001633649633
1.0000001221896204
1.000000175509461
0.9999999960729473
0.9999998997207623
0.9999996932086779
0.9999999708211089
1.0000002131564913
0.9999999523419177
0.9999998837839852
0.9999997223623247
0.9999998994655893
1.0000002983794145
1.0000000207863646
0.999999864508662
1.0000000883867648
0.9999999680207732
0.9999998760632262
1.000000071120303
0.9999996521699253
1.0000002057150654
1.0000002169354285
0.9999998620016289
0.9999998216282375
0.00014405453803994624
0.9999999209658252
1.0000000640939286
0.9999995615163492
0.9999999693667043
1.0000001162486638
1.000000065377731
0.9999999896267988
1.0000001336213007
0.9999998437158172
0.9999999936952728
1.0000002709988773
2.5620556903670354e-05
1.0000002588961692
0.9999999196592285
0.9999999690942019
1.000000088274373
1.0000000278656198
0.9999999760351478
1.0000001202651485
1.0000000840113952
1.0000001665124538
0.9999998723957378
0.9999998638746586
0.9999996716309879
0.9999999102539643
1.0000001010271296
0.9999999107849917
1.000000011758841
1.0000000479508768
0.9999999862613267
0.9999999815373984
0.9999997041981573
1.0000000222119823
0.9999999800955403
1.0000000210868614
0.9999999897616676
0.9999999769663664
1.0000000869422447
0.9999998840023709
1.000000095158967
1.0000000090913876
1.0000000005040892
1.0000001454064051
1.0000000592638876
0.9999999372309497
1.000000040512285
1.00000029451536
1.0000002007011182
1.0000000366196695
1.0000001756342989
1.0000003327990277
1.0000000555921253
1.00000019861865
0.9999997062581498
0.9999999540362908
0.9999999084831436
0.9999999079417524
0.99999992573589
1.0000000325029348
0.9999997381911829
0.999999955248357
1.0000000890561014
1.0000001329411008
1.0000000064187429
0.9999998078135371
1.0000003015925176
1.0000000750006888
0.9999998244108222
0.9999999691170982
0.9999998192481276
1.0000000141837977
0.9999997461785949
0.9999999888716062
0.9999998980326493
0.11251691814869275
0.9999998733374984
0.9999996939767114
0.9999999302060746
1.0000001748647
0.9999999612664402
1.0000000996074643
1.0000000498041064
0.9999998947594922
0.9999997837768829
0.0004884404164863684
0.9999999294565546
0.9999999237192797
0.25007699388167387
0.9999998129946998
0.9999999113046059
0.008934906087254956
0.9999998100781703
0.9999999325088471
0.9999998489620817
0.9999998885978456
2.832734320736112e-05
1.0000002672768353
1.000000015054892
0.9999999358289727
0.9999998147290009
1.000000052968623
0.9999997270210821
0.9999999248345214
1.0000001698098462
1.0000000357034937
1.0000002069386116
1.0000002213572026
0.9999997780116637
0.9999998780715283
1.0000001861666112
0.9999999430966878
1.0000002714564535
0.9999999895130429
1.0000000916612335
0.001967955671159608
0.2500286783309421
0.9999998952317107
0.9999997137262527
0.9999999207732873
1.0000002464891784
1.000000043421514
0.9999997735810141
1.0000001787650983
0.9999999767279092
0.9999999784448473
1.0000000076602662
0.9999998671773522
0.9999998892424888
1.000000077538208
0.9999998489075747
1.0000001069518192
0.9999999200770551
1.000000184628329
1.0000000740751105
1.0000000339450208
0.9999999692872905
0.9999998898623143
0.9999999733697338
0.9999996314747643
0.9999999669553263
1.0000002520336917
0.9999999502920147
0.2500239243806728
1.0000002020356207
0.9999995894373448
0.9999999958043158
1.0000001442311237
1.0000000908410913
0.9999998597692095
0.999999711291669
0.9999999206585215
0.999999862847512
0.9999997707407873
1.0000001464769905
1.0000002305653024
1.0000001689896658
1.0000001611623495
0.9999997528106803
1.0000001598359118
0.007741221233012102
0.9999999600435729
0.9999999246621366
0.9999998124706685
0.9999998294413623
1.0000000907864226
0.9999999908778041
1.0000000801896276
0.9999998757676111
0.9999999087669812
0.9999999851207435
0.9999999749432261
1.0000000685620891
1.0000001373797442
0.10749004556265061
0.9999998941011868
0.9999998313274012
1.0000001117455026
1.0000002672112234
1.0000002002909432
1.0000001222486057
1.000000316541936
0.9999998984130837
0.9999995797313637
0.9999996871318433
0.9999998524686627
0.9999997573177458
0.9999998515591597
0.9999997115396481
1.0000000500172133
0.9999999672295286
0.9999999452804172
0.9999999874800956
1.0000000913843807
0.9999999668628894
0.9999998764650619
0.999999945683223
0.9999999090645394
1.0000000717754998
1.0000000721721065
1.0000001605123068
0.25009165612497214
0.9999997114790883
0.9999999084173731
0.999999968428197
0.24980567149459662
0.9999998838590911
1.000000218233117
0.9999999315213918
0.9999998880711705
1.000000035203205
1.0000002111322988
0.9999998701499575
1.0000002276526954
1.0000000374681837
1.0000001883405663
0.9999998485787427
1.0000000749236464
0.9999999269198199
0.9999999863773525
0.9999997013860419
0.9999998575533555
1.0000001115921866
0.9999998639974417
1.0000000913954985
1.0000000087841245
0.9999998592291343
0.9999999288622273
0.9999998908777775
1.0000002336151737
1.0000001963761214
0.9999999547541679
1.0000001596735306
0.9999998659284324
0.9999999192077108
0.999999740053255
1.0000000171473529
1.0000001229724316
1.0000002395349201
1.0000000131447782
1.0000001718946094
1.0000001202788962
0.9999999084179724
0.9999999607358411
1.000000036736545
1.0000001238316585
0.9999999066394345
0.9999999500942882
1.0000001386273039
0.9999999924360039
0.9999997488391323
0.999999968992989
0.2501950264353014
0.9999999446725326
0.9999999437874781
1.0000002251073774
0.9999999301715373
1.0000000153275774
1.0000001510929364
1.000000161993674
1.0000000687406871
1.0000002855517591
7.437027544655981e-06
1.0000002165531143
0.9999999694109778
2.1515239194086324e-05
1.0000001327518069
1.0000000815609467
1.0000001031072068
0.9999999965691209
0.9999999594336186
0.9999999567431332
0.9999998581725581
0.9999997776935475
1.000000170579692
0.9999999817319934
0.9999998762560935
0.9999999269929309
1.0000001330080153
0.9999999952888539
0.9999998161466408
0.9999998329938039
0.9999998372285082
0.9999999468264467
1.0000002532614247
1.0000000244070895
1.0000000928408448
0.999999969525009
1.0000001697022345
1.0000000927904336
1.0000001116552526
1.0000000393761508
1.0000001031073893
0.9999998690302317
0.9999995615337381
0.2028793272323421
1.0000000617414484
1.0000001040938624
1.0000000666119224
1.0000002520105502
0.9999998321446467
1.0000002679073317
1.0000001349630712
0.9999998645048255
1.000000249334748
0.9999998703767519
1.000000237041465
1.0000002124250666
0.999999950723306
1.0000002452899146
0.9999999200840104
0.9999999533035465
0.9999996413677543
0.9999999463677389
1.000000017113892
0.9999999743351321
1.000000153050761
0.9999999452039153
1.000000240229302
1.0000000475062574
0.999999828346726
0.9999997716798691
0.2500000150593591
0.0019631200342610546
0.9999999471344057
3.813301523848218e-05
0.9999999932056949
1.0000001968503183
1.000000080179846
0.9999997288268496
1.000000177413477
1.0000000908443047
0.9999998298068941
0.9999999300546888
1.0000000414926329
1.0000000218748923
1.0000001270319698
0.9999998979636763
0.9999999420965984
1.0000002364051321
1.0000001946153139
1.0000002446723835
0.9999998673009682
1.0000001210313445
0.9999997335852626
0.9999998261717375
0.9999999620165375
0.9999999149004615
0.9999999661188633
0.2500299465429658
1.0000001426043077
0.9999999747209055
0.9999998604312577
1.0000000018842394
1.000000041639423
0.9999998537446735
0.9999999024614553
1.0000000172539805
0.9999999729253346
1.0000000319203004
1.000000121412181
0.9999999381537154
0.9999997178145322
0.999999960905639
1.00000024342542
0.9999999975520595
0.9999999262634796
0.9999999357239583
0.9999998896322083
0.9999999875906878
0.9999999766133835
1.0000002080480492
0.9999999354770309
0.9999999403941118
0.999999814859586
1.000000019965408
1.000000173298354
0.9999999750333556
1.0000001274336179
0.9999999139539076
1.0000000348390279
0.9999999835188177
0.9999998920789441
1.0000000079703124
0.9999999901940968
1.0000000915279463
0.99999973921737
1.0000000821136248
0.999999926325335
1.0000000650515741
0.9999998997510634
0.9999997769541173
1.0000002299924633
1.0000001499685933
1.0000000031614085
0.9999998902473558
1.0000002552647438
1.0000000217605562
1.0000002370437013
0.9999999235026916
0.9999999253334094
0.10991100929594028
1.0000002962599577
1.000000009133887
1.0000000590736287
0.9999999675272317
1.0000000875627693
1.0000002118210018
0.9999999196876689
1.0000003525768055
1.0000001641628908
7.133046113807903e-05
1.000000256215721
0.9999996609236529
1.0000000037969379
0.9999999604502932
0.999999915414552
0.9999997747006153
1.0000003665812034
0.9999997974748338
1.000000164681303
0.9999998843564468
0.9999997531838253
0.9999999834374306
0.9999999272221414
0.9999997792603372
0.25013735953281024
1.0000000271884757
1.0000000913789104
1.000000060831804
1.00000018612556
0.9999999657861113
1.0000001795028495
0.999999909976822
0.9999998570109361
1.000000192921541
1.0000002136601374
0.2500072552187069
0.9999999980140306
0.9999998120768481
0.9999998818065673
0.9999997044199055
0.9999996910168257
0.9999997702298661
1.0000000647174756
0.9999999014367813
1.0000000506991131
0.9999997615449896
1.0000000507689057
0.9999997397967357
1.0000001765148097
1.0000001684397675
0.9999998333809498
1.0000000484702898
0.9999998466717203
1.0000000170745063
1.0000001230747262
1.0000002674026967
0.999999765541703
1.0000000133844074
1.0000000043533217
1.0000000125205828
0.9999997038658469
1.00000011270703
1.0000001404150187
1.0000001087177999
1.0000000177245818
0.10794890780783294
1.000000021349211
0.9999999997789719
1.0000002643126067
1.0000000672732041
0.999999698644275
0.9999998804041055
0.9999998461268581
0.9999999615035152
1.0000001346074745
0.999999991784555
0.9999999053041222
0.9999997756386537
0.9999999479610844
0.999999927467635
0.9999999489949769
0.9999999961903936
0.9999999929673977
1.0000002897616571
1.0000001077552032
1.0000000971787129
0.9999998557830659
0.9999999009190306
0.999999888548742
1.000000159479378
0.9999997018545612
0.9999998982099273
0.9999997413682474
1.0000002069400038
1.0000000414012669
1.0000001708622144
0.9999999256709753
1.0000002093452232
0.9999999721519583
0.9999999746945768
0.9999999495560623
1.000000075930084
0.9999999370407672
0.9999997987548542
1.0000001687255087
0.9999999795540467
0.9999999763013666
0.9999999902980561
0.9999999296320604
1.0000001738868178
0.9999999508567728
0.9999999141352157
0.999999689593641
0.9999997751754186
0.9999998289347758
1.000000109400457
1.0000000537198532
0.9999999540181658
1.0000001623489543
1.0000000845514516
0.9999998671244521
0.9999997922691449
0.9999998466665944
1.0000001159716112
0.9999999374801766
0.15149415300140048
0.9999998678759424
0.9999998183761158
0.9999999849916398
0.2500183893657318
0.2500046069007533
0.9999996087741602
1.000000144876235
0.9999999745218592
0.9999998866907128
1.0000000311533543
0.9999997058455471
0.1548978323987471
0.9999999152000347
1.0000001372541731
0.9999998653543795
1.3409208815510432e-05
0.0024421422613030027
0.9999999447644784
1.0000001344045222
0.9999998294716822
1.000000012091451
0.2501313799292925
1.0000000990797442
0.9999998033755143
0.9999997402106695
0.9999997365004525
1.0000000465959897
1.0000000026700961
0.9999997632889877
0.9999999055184481
1.0000001700326824
1.0000001168734418
1.000000057804609
0.9999998269299052
1.0000000284633261
0.25006567755099396
1.0000001773322829
0.9999999911732509
0.9999997854476785
0.9999998992914144
0.9999998503384597
0.9999999131686778
1.000000081212607
0.9999996828947755
0.9999998770624328
0.9999997689137121
1.0000001256026234
1.0000001751790875
1.0000002904381586
0.9999998085065601
0.9999998417514453
0.9999999471600793
1.0000000223935477
1.0000000832333704
0.9999999596928564
1.0000000214084042
0.9999999592494977
1.00000002885463
0.9999998694665
1.0000002444440852
0.9999997113831114
1.000000299717559
1.0000000398336604
0.9999998048376451
1.0000002335814202
1.0000000830156965
1.0000000692250357
0.9999999501695658
0.9999998583321282
1.0000001155935168
1.0000001418319153
0.9999999377149421
0.9999997940838307
0.9999999299464596
0.999999997496293
1.000000035838282
0.9999998945579597
0.9999998316711556
0.9999999322307667
1.000000047824601
0.9999999940484883
1.000000102109667
1.0000000250335088
0.9999998986288378
0.9999998374431509
1.0000001393933666
1.0000003122895387
1.0000003335371777
0.9999996181671202
1.0000001092458952
0.9999998358771686
0.999999972348143
0.9999996998272523
1.000000023319927
1.0000000077017441
1.0000001534799832
1.0000001658714364
0.9999997603206375
0.999999733728778
1.0000000872623283
1.0000001264652272
2.0453396021736795e-06
0.9999997202569475
0.9999998679458507
0.999999974272857
1.0000001003379968
0.9999997690431142
1.0000001050729561
0.9999998875963829
1.0000000087214302
0.9999997685069443
1.0000001276749928
1.00000022440118
0.9999997729422114
1.000000130768109
1.0000000963269202
1.0000001724633478
0.999999887199358
0.9999997775839496
1.000000016689878
0.9999998408048346
1.0000000633231523
0.9999998721597702
1.0000001663754825
0.9999997572043543
1.0000000244912643
0.9999998443081041
1.0000000863168301
0.9999998496154302
0.9999999117622733
0.9999999679861207
1.0000000193997023
1.000000082613627
1.000000252280603
1.0000001713755007
1.000000409677748
0.9999999288651132
1.0000001530005842
0.9999998942480283
1.0000002888901967
1.0000001639744664
1.00000017058991
1.0000000777158167
1.0000001921164574
0.9999996569220976
0.9999999742049285
0.999999824032153
0.9999999955494316
1.0000001992453298
0.9999999843264221
0.9999998621872236
0.999999876325417
1.0000000168168932
1.0000000577897339
1.0000000883202074
0.9999999493885166
0.9999997328478877
1.0000002559487151
1.0000002166933506
0.9999997675918806
0.9999999383445005
0.031120653510462778
0.9999997070492493
0.9999998449087257
0.9999998312357272
1.0000000084048093
0.99999996189061
1.0000002201554612
1.0000000762659027
0.9999999587027331
1.0000000037079961
0.9999996750828666
0.9999997917446128
0.9999997161802981
1.0000002380869968
0.9999998683308674
1.0000000425693072
0.9999996557357068
1.0000000880074895
0.9999999989526565
0.9999997703225424
1.0000000097134523
0.9999998760036953
0.9999997800194146
1.0000000017858883
0.9999996793845162
1.000000044597324
0.9999999352370511
1.000000102105664
1.0000002036610736
1.00000005508907
0.9999999335674681
1.0000004253158412
0.9999998520400103
0.9999998753638158
1.0000000998001377
1.0000000381979905
0.9999996974412142
0.9999997705367093
0.9999999885124882
0.9999998823272075
1.0000000136774378
0.9999999753828489
0.9999998702962569
0.9999999612172349
0.9999997984044944
1.0000004062912269
0.9999999736904164
1.0000003487770013
1.0000001251958897
1.0000000622394785
1.000000079086124
1.0000000169517933
0.250073509253788
1.0000000299245777
0.9999999686208338
1.0000001704675647
0.9999996822131939
0.9999999347912689
1.0000001295332026
1.0000000981547508
1.0000000476818423
1.0000000946517367
1.0000000641468312
0.9999999733271261
1.000000110525907
0.999999885103126
0.9999999650975607
0.0023271469203737793
0.9999998747193247
1.0000002045511642
1.0000001205795166
1.0000001345409433
0.9999997856370916
0.9999998539173969
1.0000001432838193
0.9999998670015449
1.0000000839771959
0.9999998830753801
0.9999999334232703
1.0000001110856385
0.9999997358689044
1.0000001975329758
0.9999998631705245
1.0000002679014497
0.9999999897161524
1.000000046665952
0.11304333485454142
1.0000000687747155
1.0000003529885273
1.0000002772856835
1.0000001102569982
0.9999999835491945
1.000000222982155
1.0000000415108707
0.9999999788721984
1.0000002173313913
1.0000000272874676
0.9999999238630756
0.999999892200836
0.9999997696116398
0.9999999420523733
0.9999996718601529
0.9999998414893555
1.0000001245630592
0.9999999441938819
1.0000001064287776
0.9999999273904425
0.9999997976524988
0.999999854810805
1.0000000093377412
1.0000001144395971
0.999999905308488
0.9999997422453439
1.0000000707376793
1.000000138165041
0.9999999931443508
0.9999998922195086
0.9999998626040271
0.113750561477008
0.999999800414648
1.0000001126838804
0.9999998422210139
0.9999999329551164
0.9999998521338874
1.0000001035015935
1.000000318555407
0.9999999860063469
1.0000000951272177
1.0000001322615208
0.9999999466054033
0.9999999273095357
0.9999999279133669
0.9999997520397508
0.999999973613555
1.000000048167245
0.9999999421962138
1.0000002733706483
1.0000001711542004
0.9999998681612671
0.9999997666901651
0.9999996975039138
0.99999996359667
0.9999999328889062
0.9999997399470928
1.0000000065730172
1.0000001000512861
0.9999999480326074
0.9999999545019073
0.9999998716582122
1.0000002153117782
0.999999697362284
0.9999999415151384
0.9999998623626135
1.0000000143380667
0.9999997601246695
0.999999842618521
1.0000001541110792
0.999999964566712
1.0000003301987543
1.0000001869995365
1.0000003145741763
1.000000070847825
1.0000003360228094
1.0000001547846507
0.9999999618450216
1.0000000279725756
0.999999822153732
1.0000002422033285
1.000000112294852
0.9999999709713085
1.0000002462272488
1.000000128908512
1.0000001342415152
1.0000001849223
0.2495053099610236
1.0000002407211361
1.0000000602314318
0.9999999790457724
1.0000000411028762
0.9999999150494945
0.9999999398128261
1.0000000159559082
1.0000000518161374
1.0000001062468924
0.9999999851005166
1.000000124188755
1.0000001186763718
1.0000001003340937
0.9999999998948907
1.0000001355660728
0.9999999732919316
1.0000000931594752
0.9999998463807392
1.0000000056918235
0.9999997967551669
1.000000132275475
0.9999999592720283
1.000000145682272
1.0000001215444911
1.00000017685794
0.9999997827920519
1.000000177629973
0.9999999151861372
0.9999999310540936
1.0000000254947785
0.2500167656521742
0.9999997689141789
0.9999999177613804
1.0000001321870036
0.9999999386372469
0.2500565649563669
1.0000001999365875
0.9999998086566639
0.9999999347768629
1.000000297581027
0.9999999594391482
0.9999999052984558
0.9999999073836462
0.9999999028246632
0.9999998717395612
0.9999998912416922
0.9999999668184236
0.9999997961220166
0.9999997284565063
1.0000000231468962
0.9999998676241418
0.9999999700171911
1.0000000501347455
1.0000000024970288
0.9999997609288097
0.9999997327361804
0.9999998980816683
1.0000000578847095
1.0000001019340763
0.9999996393557414
0.11166925355677468
0.9999999745872344
1.0000002794638423
1.0000000884112235
0.9999998791236905
1.0000001131702625
0.00013585962614793724
0.9999997215875743
0.9999999636377316
0.9999997137119613
1.0000001087398378
0.9999997062022934
0.9999997961019329
1.0000000187540437
0.9999999605163898
1.0000004883334097
1.0000000281207762
0.999999946639561
1.0000001697003014
0.9999999420259105
1.000000045836114
0.9999998802093093
0.007160294283476647
0.9999999476957964
0.9999998477315026
0.9999998225124517
1.0000002165659134
0.9999998094215956
1.0000000128390942
1.0000003031946512
1.000000031050887
1.0000000933494286
1.0000000079094669
1.0000000449890458
1.0000003204151335
1.0000000007591754
1.000000091405928
1.000000026679804
1.000000021046509
1.0000001030712253
1.000000201746984
1.0000002540814912
1.0000001172149442
1.0000000213839482
0.9999998584264281
1.0000002517566704
0.999999898074346
1.0000002849252476
1.0000001629585449
0.9999997794971919
0.999999944628626
1.0000000169545795
0.9999998940991527
1.4042680349988974e-05
0.9999998797502428
0.999999898973761
0.999999873943636
1.00000011183245
1.0000000142276129
1.000000161914802
4.70863107787515e-05
0.9999997023714576
0.999999757356551
0.9999998407068252
0.9999999414886753
0.9999999451354421
1.0000000125852049
0.999999931565113
1.0000000207965734
1.000000017956916
0.9999999581548977
1.0000003472885277
1.000000130849062
0.9999999465681477
0.9999999384587236
0.9999999273435347
1.0000002426476073
1.0000000593148246
0.9999998400703134
0.9999999678498528
1.000000006095846
0.9999997930812514
4.462638528848459e-05
1.0000001084631622
1.0000002017415306
1.0000000830705966
1.0000002286237224
0.2500432513107894
0.9999999005202573
0.9999998585773545
0.9999997317182909
1.0000002383126105
1.000000153756256
0.9999997422567832
0.9999999412745679
1.0000000971904768
1.000000175051938
0.999999804814838
0.9999998601652003
1.0000002199480291
1.0000001791812094
1.0000001850657478
0.9999999402348543
1.000000182829504
1.0000000436479541
1.0000000017706676
1.0000000861137175
0.9999998864145331
0.9999995630385348
1.0000002776684196
1.0000001075049034
1.0000000669312759
1.0000002093583882
0.9999999259322634
1.0000000749709517
0.9999998758062821
1.0000000950628452
0.25003736160183215
0.9999998447621643
1.0000001210556233
0.9999999881754338
1.0000004640964433
0.9999998531306097
0.9999997429153819
0.9999999487373326
1.0000000118927685
1.0000000116042376
0.9999999829518355
0.9999999676718727
0.9999999799046654
1.000000030551447
1.0000000338153436
0.9999997225100948
1.000000167679719
0.999999972816644
1.0000002032568467
1.000000012301165
0.9999997660933871
0.9999999666983503
1.0000000142921008
1.0000002558188745
0.9999998319063377
1.0000000488004772
0.9999999171322068
0.9999999200891236
1.0000002479402312
0.9999999749407259
0.9999999362046467
1.0000000142581027
0.9999996747359521
1.0000001495958888
1.0000002458103157
1.0000000722819085
1.000000251444958
0.9999999602853893
0.9999997759166525
1.0000000926972277
0.9999999977404082
1.0000001517496635
0.9999998767404499
1.0000001800855747
0.00017555298003291616
0.9999998928632781
1.0000001582168627
1.000000006922218
1.0000001271419814
0.9999998037107286
0.9999999777417902
1.0000000017858275
0.9999998708969617
0.9999998103719255
0.9999999100549981
0.9999999200913752
1.0000002534628325
0.9999997623585698
0.9999999204440293
1.000000046531282
1.0000000604794992
0.9999999156936914
1.0000000351608473
0.999999758769993
0.9999996766047605
1.0000001467926065
0.9999997286225335
0.9999998968556139
0.9999999131233511
1.0000000820238348
1.0000000737424335
1.000000061401984
1.0000002510975625
0.9999999818851016
0.9999998564461572
1.0000000262913942
1.0000000362174977
0.9999997759107145
0.9999997180940455
0.9999998726179612
0.9999999404831943
0.9999999770151212
0.9999998961994208
0.9999998786378251
0.9999998574562288
0.9999996876026997
1.000000328008513
0.9999999760289496
1.0000001516549175
6.497117706313149e-06
0.9999997918886914
1.0000002296007182
0.9999999366194069
1.0000002234318552
1.0000000316134277
0.9999998108173777
1.00000020729233
0.9999998920006767
0.9999997947415259
1.0000001562299576
0.9999996063767426
1.0000000024058178
1.000000192890615
0.9999999787411294
1.000000188625617
0.9999998105369409
0.9999999579049694
0.999999727733749
0.9999999420582484
0.9999999967257305
1.000000296960576
0.9999999502649051
0.9999997376369282
1.000000115488074
0.9999997340395684
1.0000001586569418
0.9999999535736889
1.000000129847624
0.9999998392976153
1.000000209506495
0.9999999374874796
0.9999998619979834
0.9999998543334079
1.000000114111099
1.0000003812748135
0.029041802263737752
0.9999999964985076
1.0000000885351368
1.0000002100734706
0.9999999027234502
0.9999998846269473
0.9999999285765196
0.9999999580988777
1.0000000872702992
1.0000002667566776
0.9999999514206342
1.0000000446966921
0.9999999231789828
0.9999997896889585
1.0000000529160824
0.9999996612229334
0.9999998790468055
1.0000001385648614
0.9999998674659816
0.030569579019531765
1.0000000296985048
1.000000014302068
0.0016121218532973945
0.9999997791407027
0.9999999068995611
0.9999998175222079
0.9999997388371762
0.999999760244436
0.9999999510477754
0.9999999417572694
1.0000000657676906
0.9999999372156055
0.9999997449405282
1.000000055773942
0.9999999852089791
1.0000000493118566
0.9999998759660104
0.9999998934391869
1.0000003433901947
1.0000000291118563
1.0608968183961159e-05
1.0000001038397066
0.9999997319824143
0.9999996005636757
1.0000001133869985
0.9999997896815644
0.2500167724567608
1.000000153761598
0.9999997773576461
0.9999999625354629
1.0000002448359433
1.0000002337683438
1.0000000302964474
1.0000000413054928
1.0000002289197514
1.0000002960974366
5.81783605021454e-07
0.9999998717027044
0.999999826912587
1.0000001840504606
1.0000001455310237
0.9999998885252215
1.0000001112546948
0.9999998375357738
0.999999991105847
0.9999999647165482
1.0000000209271676
1.0000002166879847
1.000000172387961
0.9999997870539916
1.0000000805140112
1.0000002709644613
0.9999998460587115
1.000000057991536
1.000000065903045
1.0000003928930643
1.0000001505010716
0.9999999216281945
0.9999998990424784
1.0000001362634532
1.0000001176453424
1.0000000814985353
0.9999999358360078
1.000000020859738
1.0000000791830617
1.0000000336065804
0.9999999095454912
0.9999997732538681
1.0000000571279402
0.9999999800020399
0.9999997801204054
1.000000012414536
1.0000000938821647
1.0000002504483694
1.0000002308009242
0.25000025206264825
1.0000002050850518
0.9999996631348247
0.999999797390507
0.9999999244526564
0.9999999171697177
1.0000001648595729
1.000000033816731
1.0000001673758905
1.0000000076398914
0.999999765329898
1.0000000529952302
1.0000002046616123
0.9999998018726846
0.9999996748362394
2.700579179701772e-06
0.9999998885243373
1.0000000728598315
1.0000003257651062
0.9999998379460536
0.9999997526012263
1.306339911031977e-05
1.0000002751563744
0.9999999946990474
1.0000001007035946
1.000000193026505
0.9999997467729467
1.000000433876929
0.999999714784147
0.9999998836299242
1.0000002733312368
0.999999996803667
0.9999997497736773
0.9999999200299634
1.000000025629755
0.9999998004993251
0.9999997786358128
0.9999998509301788
1.0000001728190093
1.000000072695673
0.9999997482773698
0.9999999372109546
0.9999997706132608
0.00010111491399651097
1.000000316969673
1.0000000935802809
0.9999999576877991
1.0000000439410175
1.0000000786704353
0.999999938500468
1.0000003371846917
1.0000000539700513
0.9999997916520431
1.0000000931697897
1.000000185084026
1.0000001880749299
0.9999996431924923
1.0000001003421783
1.0000001356872608
1.0000000624124348
1.0000001325874321
0.9999999091790212
1.0000001963499783
0.9999999601909118
0.9999999537226488
1.0000000777418563
1.0000003714357033
0.9999998865982148
1.000000146620489
0.9999999731710159
1.000000142584495
1.0000002785629836
1.000000136128585
0.9999999276397442
1.000000168800626
1.0000000100235082
1.0000000767121355
0.9999997622299656
1.024989558718958e-05
0.9999998262277185
1.0000001474660403
0.9999999275678457
0.9999998906452067
1.0000000697307538
1.0000002105529266
1.0000004487070446
0.9999997458641673
1.0000000889395932
1.0000000156183795
0.2500132159690697
0.9999999239181409
0.9999999645677621
0.9999999563869717
1.0000000798639543
1.0000002177220495
0.9999999611255906
0.9999999152021157
0.9999999586410375
1.0000001629353248
1.0000001491072095
0.9999999794324662
1.0000001894458177
0.9999998651622352
1.0000001780788899
1.0000003152493724
0.9999999697419577
0.10771589191724681
1.000000049646496
1.0000000089313672
0.9999999725001829
1.000000173991745
1.0000001750360519
0.9999999757151913
0.9999997671542158
0.9999999250343264
1.0000001569584027
1.0000001140241028
1.0000001215215744
1.0000000811980907
0.9999999511149834
0.9999998483958317
0.9999999548302779
0.9999999506174418
0.25004132106950133
0.9999998147733492
1.0000000516644334
0.9999998732070647
0.99999982573135
1.0000001590568321
1.0000001180256404
0.9999999144610572
0.9999998663624261
0.9999998608880152
0.999999963036483
1.0000000313833375
1.0000001625858035
0.9999998647392562
1.0000002154916903
0.9999999347612929
1.0000000860581606
1.0000000095374895
0.9999999953564309
0.9999999087236907
0.9999999875965306
0.9999999083094949
1.00000019091639
1.000000140632498
1.0000001332443738
1.000000022957446
1.000000095723442
1.0000002389033442
1.0000002391527136
0.9999999395925498
1.0000002599019524
0.9999999816414805
0.9999998725993028
0.999999983630033
0.9999998539170871
1.0000000968072136
1.0000001383740842
0.9999998908737212
0.008688006202793244
1.0000000359065633
1.0000000783792282
1.0000003871754812
1.0000000472284831
0.08784116636815323
1.0000001745926146
0.9999997938558538
0.9999998799782743
1.0000000372370468
1.0000001727535497
1.0000002717538636
0.9999998497923207
1.0000003081624553
0.9999998617333393
1.0000000902124866
1.0000000664374935
1.0000001151383884
1.0000001057052208
0.9999999218490934
0.9999999573065659
0.9999998591052436
1.0000001036965012
1.0000001073252298
1.0000002865499855
1.0000002826992689
0.9999999126335081
0.9999996986017111
0.99999984200086
1.000000245775245
0.9999999769578162
1.0000001819079831
1.0000000969496072
1.0000000984129411
1.0000000156855768
1.000000083065852
0.9999999752453875
1.0000001197100246
1.0000000402471136
0.9999998143862312
0.9999997720787409
1.000000198259749
0.9999998696364794
1.000000067312499
0.9999999720364106
1.0000001094017297
0.030269612569166257
1.0000000053153784
1.0000000028629485
0.9999997155125258
0.9999999303144128
1.0000000411278651
1.0000002574025733
0.999999891688768
0.999999927258411
1.000000210855775
1.0000002361269857
1.000000396062984
1.0000002284652043
1.0000000239936397
1.000000096057113
1.000000233293272
1.000000075973794
0.05904409449445931
0.999999769061819
0.9999999266133228
1.0000000239504196
0.9999999289868436
1.00000012869254
0.999999849908029
1.0000001778259864
0.9999997228009793
0.9999999223610454
0.9999999597546805
1.0000000287533475
1.0000000438068692
1.0000000792365042
0.9999999538637189
0.9999999880936417
0.9999998679199481
1.0000000948360066
1.0000000505543227
1.0000002929479013
1.0000001377213168
0.9999998765666263
1.0000001494585946
0.99999977705227
0.9999998782400753
0.999999948978497
0.9999999099561243
0.9999998456473818
1.0000002578767295
0.9999999615041565
0.9999998782876159
0.9999999285848319
1.000000296287763
0.9999997741929424
0.02338122420899163
0.9999999333088903
1.0000000116679049
0.060005788780375324
0.9999999477377177
1.0000000147160808
1.0000001232325622
0.999999784612372
0.9999995569855669
0.9999998874129378
0.25020551681238734
1.0000000052482374
1.000000295906793
1.0000000846405426
0.9999998218469529
0.9999999440398727
0.9999999434020773
0.9999999456684184
1.0000001306160688
0.9999999472901788
1.0000000130060664
0.9999998932252394
1.000000075902562
0.999999668513123
1.0000003001097768
0.9999998558024116
0.999999917237049
0.9999996764191537
1.0000002379031456
0.2500049351085438
1.0000002734541216
0.9999999674710287
0.999999670798132
1.0000000623933651
0.9999998531480453
0.9999998473644813
0.9999999786936896
0.9999996924209588
1.000000026565538
0.999999785639511
1.0000000226711692
1.0000001314948965
1.0000001025640164
0.9999998923053615
1.0000000471886261
1.0000002160556332
0.002315889373430114
0.9999999955092531
0.9999999035837189
0.9999997015412464
0.9999997812493691
1.0000000261301276
1.0000000660133612
1.0000001275361567
1.0000003269752846
0.9999999677395153
1.0000000623106842
0.9999999771990581
1.000000015639305
0.9999997431292181
0.9999998858687228
1.0000002953891003
1.0000000480507414
1.000000269024097
1.0000000811633598
0.9999996575984493
1.0000001292288736
1.0000000213600508
0.9999999707026541
1.000000283690455
1.000000223605348
1.0000001055239276
0.9999999079644665
1.0000000515733294
0.9999999963023982
1.0000002388794038
1.0000000759062018
0.2500829659936518
0.9999998472324473
0.9999998220242242
0.9999999368918983
0.9999999537120058
0.015513456095098462
0.9999997430542632
0.9999999294112648
0.9999999677641132
1.0000001091026072
0.9999998512282751
0.9999999635716629
1.000000043525334
0.9999999261722419
0.9999999409978195
0.9999999963599802
0.9999996803294258
0.999999879550865
1.000000098721723
1.0000001137299008
1.0000000529564252
0.9999998650712888
1.0000000064809456
0.9999995625306713
0.9999998030750955
1.0000000330978727
0.9999999970489069
1.0000001911946097
1.0000000565654532
0.9999999630744288
1.000000006046617
0.9999999714261965
1.0000001525339512
0.9999997973186631
1.0000001402303487
0.9999998738358831
1.0000000175975052
1.0000000445887758
1.0000000158009072
0.9999999801787528
0.9999997548964362
0.9999997493253642
0.9999999201348106
1.0000001206432412
0.9999999596394995
1.0000000356818017
0.9999997599709478
0.9999998862902483
1.0000001071075213
1.0000000353844485
0.9999999430352241
1.0000002364728575
1.0000000929292168
1.0000003672156246
0.9999998889943398
0.9999998555011388
0.9999999008192282
0.9999999524410724
0.9999999465757272
1.0000002364197298
0.9999999763872763
0.9999997623743776
1.0000000346090883
0.9999999782147134
1.0000001212752443
1.0000001044221953
0.9999999526797113
0.9999999324957982
1.0000003256891208
0.9999998554781807
0.9999999915514324
1.0000001822989593
0.9999996832827573
1.000000163773418
1.0000000244944476
1.0000000199591401
1.0000001518109758
0.999999938985018
0.9999999826332041
0.9999999210152579
0.9999998241131267
1.0000000281802304
0.2500000474479617
1.0000000910414955
0.9999997415161965
0.9999998185746604
1.000000034839598
1.0000000510130158
0.9999999137316699
1.0000000719084885
1.0000002240437824
1.0000003353847131
1.0000001756271588
1.0000000224139904
0.9999999562194848
1.0000000268686977
0.9999999203293084
0.9999997447084267
1.0000003179338357
1.0000000346553366
0.9999996129752745
1.0000001121301212
1.000000323252841
0.9999997403590442
1.000000002299342
1.0000000564049971
0.9999999587871478
1.0000000354448175
1.0000000601604127
1.0000001534663385
1.0000000784640652
1.0000002554662346
0.9999999497657719
1.000000323008788
0.9999998589028022
0.9999999799968947
0.9999999713667584
0.9999998940217593
0.9999999250180563
1.0000001590510554
0.999999887286629
0.9999996750976259
0.999999874640288
0.9999997757409474
0.9999997814336492
1.000000171566508
1.0000002388478553
0.9999998734592677
0.9999998829459694
1.0000003917459976
0.9999998606030072
1.0000002297628783
1.0000001069575977
1.000000233066187
1.00000009603031
1.0000002842848355
0.9999998570362527
0.9999999265182828
1.0000000520528622
1.0000001453697624
0.9999999649924084
1.0000000733802823
1.000000152168269
1.00000001004515
0.9999999969348472
1.0000001075562397
0.9999997398161111
1.0000002630591407
0.9999999923920491
1.0000002619729218
1.0000001090116097
1.0000001429421206
1.000000177836637
1.000000028300488
1.0000001044033473
1.0000001483722711
0.031137463575224532
0.9999998241137138
0.25007116403141244
1.0000001341008642
1.0000000809050495
0.9999996713166842
1.000000240837532
0.9999998731749278
0.9999997385170871
1.0000001084448782
0.9999999843881041
1.0000002319644807
1.00000000036108
1.000000232937799
1.000000133537252
0.9999998645789426
1.000000138890162
0.9999999362270185
0.9999998006269031
0.9999999602805936
0.9999998886905095
1.0000002431464028
1.0000000202816341
1.0000002658310745
1.000000106168821
1.000000032721369
0.9999999857011457
1.0000002045363365
0.9999999127864899
1.000000077301191
1.0000001265453857
1.0000003363053624
1.0000001692996885
1.0000000538625173
0.9999999851922865
1.0000002625243076
0.9999999501627557
1.0000001632886941
0.9999999520574915
1.0000001382209418
0.9999996709584771
1.0000002919054403
1.000000073435928
0.999999960285245
0.9999997700856395
1.0000000341418118
0.9999998705367499
1.0000000001062617
0.9999997091618624
1.0000001179507851
0.9999999281299918
1.000000190657831
1.0000001260041773
2.347362055722037e-05
1.0000002038339095
0.9999999871951233
1.0000001298799768
1.0000000197672927
0.9999999169273908
0.999999741185808
1.0000001596798518
1.0000001832829288
1.0000003409927822
0.9999997243788893
0.9999998976684132
1.0000001120534594
0.2501120400438335
1.0000000082419067
1.0000000742851527
1.0000001356406438
1.0000000801673739
1.000000233008804
0.9999998154982298
1.0000000655791685
0.9999999477272581
0.9999998844176525
0.9999998134522994
1.0000000984809627
0.9999996874747699
1.0000001631195592
0.999999898471912
1.0000002496801659
1.0000000397405375
0.9999999129219214
1.0000000323403946
0.9999998470912078
0.999999804679502
1.0000001422282156
1.0000002203920866
0.9999998012577375
0.9999999097557821
0.9999998640404366
0.9999996980742106
1.000000206079728
0.08711636776056325
1.0000001454873706
2.914713853004572e-05
1.0000000906991449
1.0000001005229542
1.0000000630383998
1.0000000547391108
1.0000002224965505
0.999999766178837
0.9999999634236795
1.000000105574496
1.0000001416554916
1.0000000447541608
0.999999817131967
0.999999991931289
0.9999999864315408
1.000000175072936
0.9999998774996557
1.0000000170639698
0.9999999893075628
1.0000002002577546
1.0000000952619899
0.999999937423839
1.0000001891016521
1.0000000319351388
0.999999933739621
0.9999998736187752
0.9999999852808201
0.9999997908696467
1.0000001599399029
1.000000210208185
0.9999999294251348
0.9999998947728664
0.9999997636562614
1.0000001630537656
1.0000000668552829
0.2500120364842031
0.9999999681331693
1.0000000319214843
0.9999999724788691
1.0000001328145842
0.9999998705482764
1.0000000831969258
1.0000001822737123
0.237852464476388
1.0000000862287095
0.9999998304900798
0.999999759773843
0.9999999941888762
0.999999923097369
0.999999935538261
1.0000001196394175
1.0000001745328526
1.000000037441367
0.9999999730119911
0.9999998466391015
1.0000002177033511
1.0000002542558486
0.999999865611558
0.999999951341291
1.000000059463793
0.9999999568881195
1.0000000409426604
0.9999996566625559
0.9999999983085182
0.9999998935374161
1.000000203535819
0.9999998416927502
0.9999999358238921
1.0000001542946533
1.0000001605960176
1.0000000915480707
0.9999999327828779
0.9999999356219368
8.833650686010869e-06
0.9999999038710529
0.9999997807708547
1.0000001863847634
1.0000000404579912
1.00000011732667
0.999999724879451
0.9999996032524388
1.0000002823573868
0.9999999735667844
1.0000001214478969
1.0000001194328245
1.000000250057838
1.0000003511519189
1.0000000127394988
1.0000000330786365
1.0000001460272436
1.0000001875943196
0.9999999096564667
0.9999999717866037
0.9999997196740692
1.0000001046180977
0.9999999322752531
0.9999998593686074
0.9999998753744975
1.0000000326004768
1.0000000349549139
0.9999997428750246
0.9999998877252156
0.999999849592004
1.0000000995698899
1.0000001182410827
0.9999998046186498
0.999999836582206
1.0000001060718964
1.0000000554932134
1.0000001851054352
1.000000173187701
0.999999867545734
1.0000000726035028
1.0000001362449356
0.9999995872276048
1.0000000846587858
0.99999984470256
1.0000000574796686
0.9999999909514128
0.9999999700573443
1.0000001587916048
1.0000000144676013
0.10936998012632004
0.999999914987582
0.9999999641404961
0.9999997490928452
0.999999923371581
0.9999998661557976
1.0000000961966444
1.0000001374207257
0.9999998243046588
0.9999999287213429
1.000000021943294
1.0000000554629402
1.0000000505398619
1.0000002224904097
1.0000000350978968
0.9999997673796566
0.9999997774986148
0.9999999056456499
0.9999999501531265
0.23756323642662505
1.0000000439905476
1.000000168343579
1.0000001767574263
0.9999999726609448
0.9999997628481639
1.0000000003902336
1.0000000808940779
1.0000001788761392
0.9999999741516172
1.0000000264306224
1.0000002404505601
0.9999999929356678
1.0000000948642631
0.999999912013504
0.999999868124897
1.000000053986254
0.9999999375438718
0.9999998797342874
1.0000000788701702
1.000000238190884
0.9999997992758501
0.9999997912649743
0.999999904171519
1.0000001398998917
1.0000000027084566
1.0000002578907219
0.9999999532983749
1.0000000253907741
0.9999997078033396
0.05885125066206702
0.999999966893852
1.0000000508150813
1.0000000606691004
0.2501866052847012
1.0000000384444623
0.9999999446563618
1.0000003321008064
1.0000003294733726
0.9999997814207244
0.9999997727380268
1.0000001126568856
1.2623373189836864e-05
0.9999998979737915
0.9999999577002878
0.999999861399686
0.9999999109592845
1.000000115499749
1.0000000885972613
0.9999997898540579
1.000000191567162
0.999999885107445
1.0000000441223826
0.9999998174389079
0.11114923978513587
6.980991150807634e-06
0.9999999778809939
0.9999999695712825
1.0000001694342244
0.9999998526243777
1.000000115900874
0.9999997547960185
1.0000000948527803
1.143447226547235e-06
0.9999998268141161
0.9999997740601142
0.9999998467976264
0.9999999085156864
0.9999997649751344
0.9999998728886665
0.9999999745594003
1.0000002919907107
0.999999898154785
1.000000039100183
0.9999998014392356
0.9999997114651688
1.000000102391172
1.000000222583676
1.0000002164703792
1.0000000571621603
1.0000001214316552
1.0000001133845213
1.0000001857143068
0.9999998106940479
1.0000002430964858
0.9999999253647093
1.0000001200512036
1.0000000170147691
0.016195268281270193
1.0000002118265507
0.9999999564686461
0.9999997945207236
1.0000002613161219
0.999999989725328
1.0000001643967877
1.0000000954533332
0.9999998068038352
1.0000000022497306
0.9999998222450576
0.9999999833233787
0.9999998710388779
0.9999999826022555
0.9999997350041847
1.000000178207467
1.0000001112664116
0.9999998882602306
0.9999999590253901
0.9999998253466188
0.999999929795493
1.0000000073969195
1.0000001937149539
0.9999999590088775
1.0000001742023676
0.9999997785513137
1.00000037463795
0.9999999990960313
0.9999996405271318
0.9999997263268777
0.999999711663066
0.999999960598314
0.9999999330710712
1.0000000632824941
0.9999998832263998
0.9999996586804021
1.0000001665213667
1.000000101727112
0.25001664295167675
0.9999997867057517
0.9999999219544755
1.0000000462823606
0.9999999847070399
0.9999999634382107
0.9999997551051963
0.9999999576340002
0.9999999693055244
1.0000000388090289
1.0000001989736467
0.999999628908623
1.0000000397337527
1.0000002740454643
1.0000000355167578
0.9999997184989711
1.000000117717902
0.9999998237746734
0.9999999032596135
1.0000001276447033
0.9999998090538462
1.0000000013926962
1.0000001255779787
1.0000001884131513
0.999999805802733
0.999999939687237
0.9999997372013885
1.0000000697572171
1.0000001905296256
2.2819937001814364e-05
0.9999998261866327
1.0000001936848504
0.9999997020068883
1.0000000452724658
0.99999997495699
0.9999997268579379
4.5753366795223786e-05
1.0000000681383334
1.000000066781449
0.9999999758713723
1.0000000141764005
1.000000184658294
1.000000089894009
0.9999997360799616
1.0000000726506268
0.9999997278419642
0.9999999882488564
0.9999998543793378
0.9999998606972504
1.0000002383303817
1.000000133034579
0.9999997827189211
0.9999998500917667
1.0000003186039086
1.0000001792189277
1.0000001778065064
0.9999995991846895
1.0000002067546774
1.0000000028764986
1.0000000686460109
1.000000192130802
0.9999997072403913
0.9999999673323077
0.03183637585960653
1.0000000293155769
0.9999998779022115
0.9999998899983499
0.9999997668840368
1.0000000758518488
1.000000275238149
0.9999997756405185
1.0000000900089991
1.0000000930097115
0.9999996804742934
1.0000000571093857
0.9999998997218268
1.000000153619206
0.9999999313329365
1.000000124669037
1.0000000713846804
0.9999999522042501
1.0000002509254606
0.9999996868366842
0.9999998313151446
0.9999997899498018
1.0000000550293302
1.0000001050053324
0.9999997693346501
0.9999998720609898
1.0000002599805171
0.9999999312430415
0.9999998587019793
1.000000077971481
0.9999999110490982
1.0000001625804247
1.0000001420862066
1.000000216940238
1.00000023191214
1.000000112593682
1.0000000908395916
1.0000001512088121
1.0000000095760324
0.9999998373201282
0.9999997814977688
1.0000000880406212
1.0000000604294876
1.0000000058314646
0.25000222678907447
0.9999999481504507
0.9999999336909886
1.0000001032260792
1.0000000979185322
0.9999999844232969
1.0000000386580479
0.9999997844469518
0.9999999468498648
1.0000002240021897
1.000000240266911
1.0000000245204317
0.9999998867954315
1.0000001489633312
0.9999999199937928
0.9999999157563519
0.9999998845015401
1.0000000068354211
0.9999998952640058
0.9999998750388609
1.000000174894566
0.9999998524030712
0.9999999913835014
1.0000001441693878
1.0000002049345211
1.000000133069439
1.0000000899061272
0.9999999691944594
0.9999998835014131
1.0000000536392506
1.0000000246493495
1.0000001295536707
1.0000002832332973
0.9999998935041006
1.0000003052098247
1.0000000921324488
0.9999999281041059
0.9999997934517544
0.9999998357407541
1.0000001031636918
0.9999997787852677
1.0000000669795128
1.0000002169054378
1.0000000350884781
1.0000000495578931
1.0000003348578068
1.0000000944139433
1.0000001848109883
0.999999901924115
1.000000023063251
1.0000002849522367
0.9999999441717015
1.0000000021411628
0.9999998774093786
0.999999931324221
0.9999998556265742
0.999999990757354
1.0000001947612394
1.0000000233294017
0.9999999054654225
1.0000000163153482
5.4810794088887764e-05
0.9999997855848486
0.9999996645886463
1.0000001118234447
1.0000000470975432
0.9999999680504066
0.9999999497958127
0.9999999412778005
1.0000001706272383
1.0000002420412017
1.0000000362724133
1.0000003528519228
1.0000000877211421
1.0000001435161414
0.9999999514488628
0.9999999219426348
0.9999999148950869
1.000000074909774
1.0000001232630626
1.0000000486821754
1.0000001179019673
0.999999840782619
0.9999999352019536
0.11126549522423936
1.000000007674108
1.0000001670290526
1.0000000103765165
0.9999999827079243
0.9999997677141789
1.0000000093751824
0.9999999584783805
1.000000067978892
1.0000001156451235
0.9999999283337155
0.9999998940359066
0.9999998852325007
1.0000002024843164
0.9999999442786344
0.9999998979865498
0.9999999831937104
0.9999999272628992
0.9999997148827905
1.000000170265056
1.0000002261239898
6.100641040164329e-06
0.9999999253197286
0.9999999542545025
1.0000000586724842
1.000000092834541
0.9999998782098584
0.99999989767385
1.0000001535687997
1.0000001276191126
0.999999803259524
0.9999999866034017
0.9999996543731441
0.9999999818877326
0.113597530152301
0.9999997129450644
1.0000000472304043
0.9999997128766442
0.9999998367627392
0.9999998676238805
1.0000001719817908
1.0000000628352383
1.000000343181333
1.0000001716445912
1.000000270316165
0.999999971263436
1.0000001855782192
0.9999998375741804
1.0000000642598994
