0.9997220450558635
0.9997258281036333
0.9997291617832773
2.1283571188063867e-05
0.99972923873933
0.9997221833650585
0.9997296577363184
0.999727308568913
0.9997264440927723
5.2624466300134223e-05
0.24993268365515448
0.9997309765857869
0.9997292138155881
0.999728540826541
0.9997251026888508
0.9997298705108109
2.46088707405167e-05
0.999727066210052
0.9997260339407675
2.853224804496452e-05
0.9997310554260839
0.9997265219040756
0.9997281923543524
0.9997315923343498
0.9997270095730706
0.999726821199512
0.999726471243708
8.961083880718761e-06
0.9997243164300511
0.9997321397442144
0.9997294147792842
0.999729153538162
0.9997309264869226
0.9997208451964689
0.9997239550666761
0.9997284617264184
0.9997300239511758
0.9997342695345124
0.9997321157726995
0.9997343500184889
1.873891014437307e-05
0.9997266812598903
0.9997289396404038
0.9997257894204682
0.9997288121147156
0.9997263041903746
0.9997251495450683
0.9997259785972349
0.9997290795796347
0.9997296860705218
0.9997273861716756
0.9997292936690361
0.9997268790956381
0.9997183480489269
0.9997313887372385
0.9997289147178887
0.9997231634513067
0.9997342515546856
0.9997298475706552
1.0145619503390747e-05
0.9997260810916309
0.9997278228906105
0.999728111725794
0.9997271683768668
0.999727645807285
0.9997287040284434
0.9997335289759136
0.9997265176598583
4.855534777510578e-05
0.9997238125855924
0.9997291585369853
0.9997271201485634
0.9997292013686496
0.9997251855183777
0.9997269612382291
0.9997301858802656
0.999728671933017
0.9997314920435012
0.9997264415231099
0.9997279666066959
0.9997284700379145
0.9997336194432469
0.9997268718977844
3.6509749821639e-05
0.9997270067394873
0.9997258181144433
0.9997217666284384
0.999730674280984
0.9997236473073887
0.00010691725406475904
0.9997294378527736
6.263806234439163e-05
0.9997275858820573
8.871498650355842e-06
0.9997270300846035
0.06254381790556605
0.9997330716590349
0.9997268691149103
0.9997299336545535
0.9997304702948822
0.9997274114065579
0.9997289485077634
0.9997223448705744
0.9997345484827566
1.5673504772316987e-05
0.9997326888816394
0.9997252703891729
0.9997264279138842
0.9997274556375587
0.9997256426610931
0.9997238837373175
0.9997287476602598
4.060102790821277e-05
0.0
0.9997245995933189
0.9997300168115949
0.9997280840925742
2.848720316799367e-06
0.9997240284460753
0.9997265637696726
0.999725357765678
0.9997330872719068
0.9997282585810008
0.9997265621109456
0.9997290098268047
0.9997287388402514
0.00012589806027574088
0.9997271914187181
0.9997318207486439
0.999730468877029
3.502285172395157e-05
0.9997298702931562
0.9997254505453654
9.672429829209384e-05
3.2875091959146466e-12
0.9997286948684428
0.9997339444828485
0.9997299079078821
0.9997295747149308
0.9997301337026525
0.9997265099299254
0.9997251083051146
0.9997250730507549
0.9997291629747352
0.9997287189728109
0.9997312408572044
1.2866439549265031e-05
0.9997285880377139
0.9997292592590146
0.9997303729600628
5.330970283563577e-05
0.999727040817772
0.0024950259065636155
0.9997302819978814
0.999732562764067
0.9997249088630429
0.9997262569985097
0.9997271156704348
0.9997224666315231
0.00015731462737654913
0.9997309346509835
0.9997276377516008
0.00040560464624785
0.9997295667907017
2.7081778875661223e-05
0.9997313855622785
0.999729185419505
0.9997262275543494
0.9997269247475773
0.9997241060063756
9.553207161997027e-05
0.9997347613405747
0.9997262255980279
0.9997253613326585
0.9997250884187047
0.9997280207123578
0.00442161106000772
0.9997299525230613
0.9997289170106151
0.9997263291504511
0.9997349860575301
0.9997255144749463
0.9997223352132106
0.9997272965280966
0.999727408132069
0.9997252167051002
0.9997240084873144
0.9997251614163224
0.9997325660222222
0.9997267510853024
0.999727624601274
0.9997292781986936
0.9997271947166293
0.9997308558209657
0.9997288533330997
0.9997243805089351
0.999729739950351
0.9997305878369551
0.9997319236200716
0.999731047488446
0.9997327594291279
0.0
0.9997304882714368
0.9997309292025532
5.8245020427950044e-05
0.0
9.787247196424455e-13
0.9997277444656893
0.9997228761445758
0.9997285029724305
8.15882232388544e-05
0.9997269818328194
5.44117518371004e-05
0.999728062570606
0.9997284452444711
0.99972611655991
0.999724161334016
0.9997266957455359
0.9997271873529568
0.99972927571141
0.9997303733821638
3.609463237088922e-05
0.99972417259995
0.0
0.9997277170630193
0.9997270333218451
0.9997229625999197
0.9997240399748492
0.9997315752518873
0.9997267148553799
3.9675721144723624e-05
0.9997330817616737
0.0
0.9997290858602602
3.7408527594877236e-05
0.9997284244540471
0.9997219390086589
0.9997282097795821
0.9997232952006463
2.7771472119434478e-05
0.9997251351350408
0.9997324455276414
0.9997258206445605
0.9997269033469666
0.9997317069603925
0.9997281271888953
0.9997310143180574
0.9997233435158122
0.9997277767950028
0.9997289685372381
0.9997248128842884
0.9997238158534713
0.999729519180966
0.9997254672139536
0.9997302836418525
0.999727836897897
0.9997277210422061
0.9997292557181274
0.9997273633319579
5.5540856529595265e-06
0.9997299801447554
0.9997241715032
0.9997303811502952
0.9997300982986064
0.99972861650799
0.9997276276824422
5.021862926007227e-06
0.9997274040042223
0.9997223341393137
0.9997260929282971
0.9997295636745253
0.9997314124163762
2.7491403116339552e-05
0.9997274938960293
0.9997285293667495
0.9997326597152961
0.9997252168344205
0.9997314237569926
0.9997280368741572
1.4741661532721682e-05
0.9997266334951758
0.9997280325035983
5.1403602955036664e-05
0.9997236378297567
0.9997273390521183
0.9997258516015952
0.9997294112423694
4.3188459604001705e-12
0.9997262552601227
0.9997293999257177
0.9997269157047995
0.9997304209681551
0.9997230735695682
0.9997303974900668
0.9997284130422296
0.9997300993608947
0.9997294555986804
9.823556540917355e-05
0.9997299479621017
0.9997286586409759
0.9997298198031278
0.9997276794697719
0.9997304272974183
0.9997309027223016
0.9997324862418357
0.9997275834871874
0.9997311356061599
0.9997293393978804
0.9997270805600812
0.999729327236667
0.9997242588149186
0.9997305881455186
0.9997298873238768
0.9997262189506213
0.0
0.9997270661387977
0.9997293261887268
1.3117560752230516e-05
0.9997245613914032
0.9997251628850071
1.6508714232121656e-05
7.9125348778817e-06
0.9997294910987902
0.9997271553726406
0.9997294686730379
0.9997293886734906
0.9997252015356994
0.00013429683004783085
0.9997269045034596
0.9997272823675684
0.9997286228041159
0.00018797353514870253
0.9997292431999828
0.9997238807572061
0.9997304188796902
0.9997295130759295
0.9997265242558845
0.9997346728369537
0.9997274986789686
0.9997215500809301
0.9997304825229335
3.240034274856727e-06
0.9997245449242482
0.999722902680948
0.9997313112407096
0.9997281171378899
0.9997243072193835
0.999730754385689
0.9997286189141077
0.9997232897760314
0.9997302295483396
0.999732774447573
0.99972745009639
0.9997305068947967
0.9997321507410472
0.999723404038213
0.9997281513373245
0.9997287666160402
0.9997308334210351
0.9997249364676433
0.9997291716886874
0.9997284125089936
0.9997358208885384
0.9997302924301904
0.9997230495352211
7.377480956290947e-05
0.99973040407653
0.9997287022543496
0.9997312205892738
0.9997233809187779
0.9997298674300111
1.1475990915099615e-05
0.9997364021875206
1.880028361665863e-05
3.934003065375017e-06
0.9997294421975682
0.9997302836503148
0.999725392137076
0.9997245739006733
0.9997321798091812
0.999729572651137
0.0
0.9997241868088919
0.9997298267466103
0.9997288301957442
0.9997281397487587
0.999728317402171
0.9997282464327378
6.5480840079258165e-06
0.9997279818218745
0.9997290114326991
0.9997346873769402
0.9997299368929744
0.9997324753431626
0.9997250107211393
1.5716124192375855e-06
0.9997276071848632
0.9997299592641976
0.9997289905813533
0.9997296537699537
0.9997259191597929
9.868929901972158e-05
0.9997322528553217
0.9997273202835246
0.9997306633998351
0.9997330307734014
0.9997273239413144
0.9997270486108109
0.9997299449228989
0.9997321279607151
0.9997326478972074
0.999726992917416
0.9997263889906362
0.9997264307223083
0.9997256245442684
0.9997281690079428
0.9997325970142593
0.9997270575852136
0.9997267788637486
0.0
8.682490496937399e-08
0.9997272606553302
0.9997341328786756
0.9997278225559846
0.9997279985478997
0.9997296698625959
0.999729564080282
0.9997289818269312
0.9997274970791328
0.9997273315464714
0.9997251076995524
0.9997291950247649
