0.9997234847202967
0.9997275263401557
0.9997264896443948
0.9997270782981218
0.9997324719879424
0.9997295863178643
0.9997217137103064
0.9997251047671661
0.999732228354254
0.9997272791532675
0.9997299423395762
0.9997297155071544
0.9997283097594165
0.9997267917755784
7.02612164773879e-05
0.9997322845439277
0.9997309119366683
0.9997270013175563
0.9997311725155629
0.9997281455126061
5.68738855387739e-06
0.9997267731698
0.9997257611807142
0.9997252667632267
0.9997246537190285
0.9997237274749694
0.9997287541184212
0.9997317956056364
0.999728982666362
0.9997312820767569
0.9997269054138389
0.999727137746533
0.9997296113046186
0.9997289480545591
0.9997227510250433
0.9997301917150591
0.9997316670431032
0.999728978583574
0.9997255694075431
0.9997287454757666
0.999724716467371
0.9997280992924079
0.9997270744657101
0.9997219790473248
0.999728824404308
0.99972925502225
0.9997293144372152
0.999724979952154
0.9997244109071144
0.9997258874193373
0.9997323874678756
0.9997215890533311
0.9997254771496482
0.9997269222190566
0.9997291142756123
0.9997249210694127
0.9997277556604968
0.9997303339441893
9.070583377600147e-06
0.9997285989826086
0.9997271041016417
0.99972633663022
0.9997376654304144
0.9997258389968133
0.9997280555233278
0.999729769419882
0.9997301306922121
0.9997364403793529
0.0
0.9997257182312412
0.9997308893231556
0.9997295163481381
0.9997252033482374
0.9997273598010081
1.2717167675853783e-05
0.9997231633667591
0.9997269940339278
0.9997269421820522
0.999724843407577
0.9997265394477798
0.9997285161419239
0.9997307554060235
0.9997236695322714
0.9997295583438685
2.7054930879755127e-05
0.9997238295212605
0.9997298357788645
0.9997231103527462
0.9997278255370268
0.9997201571760378
0.9997315259412606
5.650651984113974e-06
0.9997232842179599
0.999726425137451
0.9997286525517484
0.9997243127956371
0.9997227957168907
0.9997273385090366
0.999730174608386
0.9997262177488537
0.9997271715080528
0.9997321061157359
7.602896091392844e-05
0.9997278501942527
0.9997261195323024
0.9997250641594364
0.9997271220672747
0.9997223277911417
0.9997295490397632
0.9997282405435066
0.9997245923511535
0.9997292452280886
0.9997273070003465
0.9997345853267933
2.0311701869116265e-05
0.999729063103599
0.9997244217468486
0.9997251257055796
0.9997300651849617
0.9997308049058915
0.9997269993998066
0.999730372093901
3.0424469583800317e-05
0.9997209554861102
5.638395761808921e-06
0.9997272703631295
0.9997275712391794
0.9997263066842247
0.9997278000865395
0.9997304590900495
0.9997235282445196
0.9997302986436076
0.9997267903543978
0.9997285378853845
0.9997301650534809
0.9997225219230337
0.9997315984991992
0.9997285520368323
0.9997287197659851
0.9997289488007937
0.9997280366767565
0.9997297559036831
0.9997361144536359
0.9997275704517911
1.1618142104702056e-11
0.9997326150561321
0.9997280127172729
0.9997247627307447
0.9997284345234939
0.999729572972314
0.9997295764909832
7.74587535390621e-06
0.999725024655344
0.9997290022583555
0.999732183974898
0.9997264740144625
0.9997271701749394
0.9997287867202489
0.9997308191683264
0.9997268272550577
0.9997320708557457
0.9997271890895835
0.9997324264309463
0.005802966756206147
0.9997279957261919
0.9997281053247536
0.999727554778362
0.9997273288177172
0.9997261430395714
0.999724687942872
0.9997289959166892
8.558830822949092e-06
0.9997264481581262
0.9997298582500221
0.9997273732697879
0.9997319187018205
5.306004230936865e-05
0.9997258848865712
0.999723900665314
0.9997321657806872
0.9997237255115743
0.9997284504745206
0.9997249968840094
0.9997264574819755
0.00035630631572884707
1.3537061547681957e-05
0.9997266029059393
0.00023493590230292695
0.9997286512401751
0.9997300050967645
0.9997265764687585
0.9997329691861264
0.9997273650505764
0.9997279662446211
0.99973071741126
0.9997342682755953
0.9997296743242329
0.9997211127343183
1.8382105910971452e-06
0.999728081824655
0.9997307686063329
0.9997321371985729
0.9997327970597851
0.999726031872599
0.9997271061887831
0.9997321698073662
0.0
1.6744434044089893e-05
0.9997253216216351
0.9997242456364297
0.0
0.9997232559154462
0.9997218992553627
0.9997253679184519
0.9997252403420478
0.9997237977542669
1.7029444538724376e-05
0.9997321883085961
3.8885616810769035e-06
0.9997342366030625
0.11331151659800272
0.0
0.9997239106342257
3.04331400936608e-05
0.9997263127342068
5.759656299719601e-06
1.14238235406084e-05
0.9997282604238165
0.9997259641164548
0.00010084607344137649
0.9997284167469856
0.9997255224435562
0.9997269893917748
0.9997271162581667
0.9997254631578417
0.9997267951734338
0.9997241069388152
0.9997258979423741
0.9997268817628577
0.9997243477627082
0.999732439770752
0.9997304485850799
0.9997302304213318
0.9997281801534845
0.9997256474377905
0.9997266181859669
1.4297675350390229e-05
0.9997228043983098
0.9997282493825879
0.9997270167333919
1.929403796056778e-05
1.2295171370743959e-05
0.9997233785226883
1.0787824777983197e-05
0.9997276105141173
0.9997265794586282
2.9430752504937368e-05
0.9997246434621128
0.999730923467484
0.9997339094380245
0.9997223825396381
0.999725772296048
0.999722300866768
0.9997337202142181
0.9997246171648906
0.9997294405719029
0.9997297768236565
8.953520096229699e-07
5.98522020566803e-10
0.9997287976161954
0.9997217020170353
0.9997241251077312
2.464188844693875e-05
1.2929068891084474e-11
0.9997280574224705
0.9997301512057937
0.999727805811806
0.9997216443923909
0.9997274936460243
0.9997289821169161
0.9997284864886502
0.9997310887411518
0.9997319526906251
0.9997237578437329
2.0705279219181138e-05
0.9997311274937798
0.9997279354382055
0.999726396830602
1.1543622342111033e-05
0.9997224916348746
0.999725578473708
0.999728549759888
0.9997282593441976
0.999727274091753
0.9997256140832421
0.9997334908369283
0.9997288369816293
0.999729719227245
0.9997245187968737
0.9997252094924162
0.9997329219414366
0.9997265752047753
0.9997325720042468
0.9997299368623872
0.9997264417961657
0.9997284035262989
0.9997304710461137
0.9997281036446073
1.0344871341985898e-06
0.9997228705316593
0.9997286692598245
0.9997251079685773
1.1813715732238353e-11
0.9997284519274021
0.00011493397128097541
0.9997237258900301
0.9997278332570957
0.9997244233698274
0.999736298005542
0.9997269356990409
0.9997201914202217
0.99972919644395
0.9997266970332455
4.011724912838797e-05
0.9997318321528702
0.999728926566644
0.9997283676478435
0.9997331631311949
0.9997269943895675
0.9997330091116624
0.9997262234933932
0.9997298815629561
0.9997280798577776
8.546361829213509e-06
0.9997278627211442
0.9997277361939516
0.9997315030681513
2.8063724458799315e-06
0.9997256153161976
0.9997318162661241
0.9997312476896302
0.9997319781412243
0.9997268184795702
0.9997260018905065
0.999728949711162
0.9997242306188842
9.056410581923087e-05
0.9997288484580512
0.999729131389166
0.9997289590134494
0.9997299831811354
0.9997274188268466
0.9997217146268653
0.9997305536723234
0.9997281208814051
0.9997243157039262
0.9997277433297379
0.9997260823272168
0.9997269400604218
4.5327824996151026e-05
0.9997241493007829
0.9997232788987335
0.9997274375209607
0.9997320475370708
0.9997261575609292
0.00013768743354341587
0.9997233876872585
0.9997290789125914
0.9997224178785132
0.9997258153249675
0.9997320468014443
0.9997284673846046
0.9997329341158014
0.9997335078971988
0.9997291767099574
4.955955190359124e-05
1.8194329919150947e-05
0.9997254966444002
0.9997267225888353
0.9997237785395201
0.0
0.999727330540748
0.9997260249475199
0.9997251338593945
0.9997244750041131
0.9997298425589383
0.9997317224523409
0.9997268171830465
0.999730142740806
7.062124539825297e-12
0.9997278079764933
0.9997346979976204
0.9997288551001946
0.9997326569233872
0.9997268278227575
0.999726690923183
0.9997228655846959
0.9997313912329432
0.9997270542457447
0.9997317652968857
0.0
0.9997218989870319
0.9997255314786677
0.9997285367101415
0.08763339504101106
0.99972563087843
0.9997306727756327
0.9997282361002263
0.9997342868473962
0.9997273378315261
0.9997272860076046
0.9997325394307854
0.9997256660708279
0.9997283745495796
0.9997289798520372
0.999729280709781
0.9997280437822325
0.9997279541518058
0.9997261654487231
0.9997296975215929
0.9997283427355991
0.9997296462703333
0.99972771008826
