6.000208438214497e-06
0.9997316502618792
0.015592159346749726
0.9997276123514555
0.9997358146418198
0.9997298047242694
0.9997317196615078
9.491921942734112e-12
3.327504115597322e-05
0.9997302282564465
0.99972662587593
7.517704385768966e-06
0.9997298239516637
0.9997311249285409
0.9997271762590898
1.300786599157031e-05
0.999721947100161
6.678392320399553e-07
0.999727038639595
0.24993371197125425
2.141616750218033e-06
0.9997299937981245
0.9997304588638595
0.9997300961012954
0.9997282296416208
0.9997310571083478
0.007032434747905122
0.9997319863299202
0.999727468501757
1.3791813164173453e-05
0.9997222623989241
0.9997336110591524
0.9997263153248258
0.9997270258483656
8.58092946790834e-05
0.9997362020710602
0.00012193998982400167
0.9997295408978419
0.999731472183666
0.9997241812886949
0.9997286008020979
0.9997278145027283
0.9997274700841351
0.0
2.4941446158139632e-05
0.016063134020528103
1.046293092194674e-05
0.9997235083770614
1.0002594886405263e-05
5.833586197951467e-05
0.9997282685796517
2.9640881623045592e-05
0.9997304800529158
0.9997271204089937
7.406152577064103e-06
0.9997301691860533
0.9997277409263505
0.9997284333681424
3.869306084932717e-05
0.03168057574497312
3.914346509013108e-07
0.999726469285093
0.002330249559326096
0.9997269602555287
0.9997289906177521
0.9997289902936998
4.174755334782018e-07
2.6317782117534476e-05
0.15796567418235635
0.9997278702866513
0.9997275333550588
0.9997314891658025
2.3382112932963447e-05
0.9997268584007318
2.401970109175324e-05
4.1358584818258156e-07
