0.999997211404044
0.999997115491472
0.9999974295953062
0.9999972412542291
0.9999972662454354
0.9999971758855386
4.162172830640227e-05
0.999997256214679
0.9999971165589943
0.9999972599549252
1.1843515677650653e-05
0.9999972278923268
0.0001387709375168764
0.9999973627646145
0.9999972404495572
3.447489340766309e-05
0.9999972168322641
1.6560640774927309e-06
1.1384601477651002e-05
3.1456371964884786e-06
0.9999973117748252
3.001243588224221e-06
0.9999972613429461
0.0056108739072461
0.9999973270066486
0.9999971137032567
0.9999971490432377
0.9999971245964756
0.9999971918461917
1.1272560921562274e-07
7.2120898409431495e-06
0.9999973469546752
0.9999972635026917
0.9999973131786426
0.9999972604150159
0.9999970563034962
0.9999973738111902
0.9999972806925189
0.9999972060729609
0.999997341904572
0.9999972216895177
4.503767565942551e-06
4.786610950892163e-06
0.10637092052164264
0.0021590783996550647
0.9999972124242962
0.9999972423164293
5.5868817788173295e-05
0.999997230375922
0.9999972213225914
3.702064798686755e-06
0.9999973566052244
0.008043437106896095
0.9999973447527106
0.9999973312459467
0.9999973365745807
0.9999974248720032
0.9999972305713561
0.9999971660209216
1.8617830768250815e-05
0.9999972413196495
0.9999972892417673
0.9999971834565992
0.9999973478860075
0.999997201284659
0.9999972334119976
0.9999974015463915
0.9999972978595271
0.9999973433753502
0.9999973757720099
0.9999973480668949
7.614280882743623e-06
0.9999973178217962
0.999997294708495
0.9999972056420051
0.9999972308309423
5.488288573341316e-06
2.4219513950978503e-06
1.4517571587046196e-05
0.9999972042166912
8.50470277196402e-06
0.9999973131959239
0.9999972764616868
2.616843994759825e-06
0.9999972905548379
0.9999971761368829
0.9999972031756725
0.9999971607700451
0.000485413160820461
0.9999972017023023
3.0691661281200705e-05
0.005687476564384566
0.004840564348885831
0.9999973002611606
0.9999972047760595
0.9999973457186249
1.7097039849471403e-07
0.9999971928639693
0.999997372337242
0.010093283442004428
1.0504089525987304e-05
0.9999971931088943
0.9999973241101756
0.9999973043570204
0.9999972790081009
2.1800782920044155e-05
0.9999972877870118
0.9999973183351188
0.9999974888767372
0.9999971686131135
0.9999973453732746
0.9999972933978376
0.999997366133769
0.9999974549036408
0.9999971281660165
0.9999971872233266
0.9999973344142041
0.9999972824273708
0.9999973906765467
0.9999973606560857
0.9999972653661161
0.999997322638611
0.9999972032987329
0.99999719174903
0.9999972653430849
2.435994218125704e-05
3.3971349831509413e-06
0.999997202673472
3.589808046045254e-05
0.9999971658920929
6.23825267240302e-06
0.9999972280613738
0.9999973674615312
0.9999973348049015
0.9999971611634714
0.9999971926788486
0.9999973294163798
0.9999972840017243
0.9999970984197653
0.9999971835949988
0.9999973012377285
2.592403160524875e-05
1.7847264790250927e-05
0.9999972694269077
0.9999971453040039
0.9999973683297197
0.9999972109158991
0.9999973344051878
0.9999973261472747
0.9999973228906616
1.7538697905830028e-05
6.938002425572337e-05
0.9999971999990687
2.654752559245756e-06
0.9999972569097433
0.999997269665844
0.9999972277758127
1.4133717835791771e-05
0.002486914225934944
1.0284601588481731e-06
0.9999972937010511
2.252809517128429e-05
0.9999974024121978
3.3914934274222477e-06
5.778334267492039e-06
0.9999971498777214
0.001956456612131312
0.9999971034021312
0.9999973874735334
0.9999972573631049
0.9999973288756256
0.999997332116869
0.00021811353923720524
0.9999973400517961
0.9999972378698954
0.00039646112253010615
0.9999972919241151
0.9999972572688945
0.9999971628388926
4.385594304049597e-05
0.9999972967546878
0.9999973261081703
0.9999972836997268
0.9999973418493674
1.2645740588214742e-06
0.99999724999795
0.9999973026370808
0.008146248382828944
0.9999973612575158
5.708799233240322e-06
1.2521808016202742e-05
0.99999737856083
6.908948808314061e-05
0.9999973805603911
1.0534153742222032e-05
0.9999972980192364
0.999997293343642
0.9999971875240807
0.9999972389749054
0.9999971310249488
0.9999972566493901
1.3166398712853607e-05
0.9999972322313284
3.366604737470434e-05
0.9999973285984858
2.7305765193033206e-06
0.9999971740040149
0.9999973462978861
0.9999972659141051
0.999997143635311
0.00863552952438728
0.9999973726831142
4.8682904624354876e-06
1.0507807243559559e-05
0.9999972242412829
0.9999972174619097
0.9999972608291595
0.9999971246754945
0.9999973964682138
1.410377204009417e-06
2.1070139379512455e-05
2.520672589564088e-05
3.540893978334964e-05
3.072125001130598e-05
0.9999973106467712
2.8035329011012457e-05
3.2125989828829246e-06
0.9999974686327723
5.520015669138308e-06
6.697011432362975e-06
0.9999973601968495
0.9999973921459839
0.999997404687179
0.9999973705045806
1.0233058928395033e-05
1.199527448227459e-05
0.999997122526224
0.9999974804678865
2.6242777664008727e-05
0.9999972648988923
0.9999973274178142
0.9999971513359053
0.999997305587148
1.2534356707487e-05
0.9999972365177753
6.0174554329262556e-05
0.9999971590287337
0.9999971938435019
7.87324693718592e-06
0.05699106947247821
0.9999971674775238
0.9999973463225996
0.9999972372288177
1.1896623390715197e-05
0.99999712470023
0.9999973752417427
0.9999971935869899
0.9999973792087199
0.9999974075561815
0.9999972818956003
3.5373709427150665e-06
0.9999973422930281
1.51028087423778e-05
2.7289442843168923e-05
0.0016157509628599875
0.9999972056692895
0.00016247120257438462
6.953520665972254e-06
0.9999972895127313
0.999997233825032
0.0001346219765583677
0.9999972136662383
0.9999973671680437
0.9999974645132956
9.971931709734344e-06
0.9999972447567478
0.9999973799770359
0.9999971992657407
0.9999972225101282
0.9999971756912578
0.23893838225177033
0.9999972305087861
9.711565654583943e-05
0.9999973018880924
0.9999972301292803
0.9999971789212273
0.9999973230491738
1.9026273124303563e-05
4.5155444728975455e-06
0.9999973472415891
0.9999974013956545
1.4754695447252252e-05
0.9999973962538875
0.9999972156358552
0.9999972303499908
0.9999972534242495
0.9999972543549548
0.9999973429251299
0.9999971869788434
1.7476015658640674e-05
0.9999973563863321
9.87105877804469e-06
0.9999971187325212
0.999997405676303
0.9999972033977268
0.999997276872526
3.0060890642193265e-06
2.1404865732994838e-05
1.9496275318067838e-05
0.9999973671502477
0.999997285235305
0.9999973397141901
0.9999971987483367
2.186481549982469e-05
0.008273535980825218
0.9999972998220497
1.0568773018740022e-05
0.03153651566125111
0.9999972046291816
0.9999972459737435
0.999997289903129
0.999997279430855
1.6775490038984754e-05
0.9999973103494975
0.9999972212493259
0.0001351747976330432
1.2694382876384562e-05
0.250013970693204
0.9999972587442486
0.9999971880845809
0.9999971178579944
0.999997177552111
2.7107451173120107e-06
6.10313874604727e-06
0.9999973516906283
0.9999973346778795
0.9999971650314505
0.9999971397371741
1.638807538954244e-06
1.0790205628379748e-05
0.999997237033948
0.9999971599597969
3.4234143617775093e-06
0.999997210277472
0.999997240736844
0.9999971668435917
0.0022688192299328593
0.9999971338351785
2.6867154882406157e-06
0.9999973068243005
0.9999972535710885
0.05779286462601931
0.9999971427425005
0.9999972489795748
2.55953296478342e-05
1.1985571537199247e-05
0.09149180433146269
0.9999972991579431
0.9999972256332232
0.9999975148428716
0.9999971737518517
0.9999972834401214
8.93316531676445e-06
0.9999972581764911
0.9999972929266778
0.0
0.9999971731550199
1.7245655990912393e-05
0.9999972157186336
0.9999972571528822
1.421866087250162e-05
0.9999972941975821
3.156692143609942e-05
1.1830555157207113e-05
0.9999973309917581
0.03453408680618956
5.996375240551139e-05
0.9999972917390128
0.20372248762770956
0.9999972415310083
0.9999972773824168
0.9999972586737211
0.9999972288386223
0.9999972295541987
0.9999972105126218
0.9999974302003017
0.999997401397632
0.9999973172147384
0.9999972599084862
0.9999972399923142
0.9999971683252475
0.9999971739528861
0.9999973019258421
3.2946515890388733e-06
0.9999972574002862
0.00012204128801237983
2.1333439440660217e-06
0.9999973944444526
6.965196419194209e-06
0.9999971823232747
0.99999734867095
7.104871490706753e-05
0.9999972836850407
0.9999974173822354
8.292187780035858e-06
0.9999971663328814
0.9999973002503758
0.9999972425991596
0.9999971866876947
0.9999972967571763
0.9999971765771333
1.323537280652768e-06
0.9999971360622859
4.180044482405465e-06
0.9999973038690199
1.0385566791575869e-05
0.9999972416245068
0.9999973265401295
2.7377779280636624e-06
