0.9997253956436635
0.9997262020978486
0.9997296962353593
0.9997241668799005
0.9997285180439963
7.977312934580897e-12
0.9997304326540287
0.9997314556526159
0.9997248572997776
0.9997269211459081
0.99972609403695
0.9997259942966611
0.9997254708717379
0.9997260429543828
0.9997254512426867
0.9997267845016683
0.999728546654679
0.9997301148955829
0.999726195486951
2.4230621896226748e-06
0.9997310148737744
0.9997251868292002
0.9997282915314235
0.9997318143422323
0.9997254107059379
0.9997310459705461
0.9997317025577418
0.9997282409654417
0.9997277606922865
0.9997314386851494
0.9997294328634474
6.248652307466592e-05
0.9997315188667316
0.9997279466095013
0.9997245048184364
0.9997324028996197
0.9997298406832449
0.9997215591148914
0.9997269987831546
0.9997252236955688
2.169535995392136e-06
0.9997283659481548
1.6563560279060827e-12
0.9997226094859424
0.9997308725605327
0.9997298776634586
0.9997292936327238
0.999734167586299
0.9997277960025392
0.999728083813127
0.9997271131029092
0.9997253293901496
0.9997289844142397
0.9997306454080063
0.9997353669070155
0.999726089993829
0.999730956139883
0.9997286842299505
0.9997281813022365
0.9997272294129458
0.9997286467309338
0.9997279137801993
0.999729485034777
0.9997282110204948
0.9997252151473941
0.9997267084416933
0.9997255593567995
0.9997277922639742
1.3740459065043864e-05
0.9997311681749634
0.9997283988626383
0.9997329091075702
0.9997263959388701
4.222316779027503e-06
0.9997293006771875
0.9997260712234763
0.9997265868309512
0.9997302914457179
0.9997304298842496
0.9997263272585114
0.9997247812594079
0.9997301423021954
0.9997329740503911
2.8326889013296087e-12
0.9997272039393507
0.9997333751644187
0.9997296808676234
0.9997278410708801
3.886983187844033e-05
0.999728102722359
0.9997307980847193
1.3669127341950248e-05
0.9997238083552227
0.9997269764296949
0.9997240398003526
0.9997286087720632
9.812580036906799e-05
0.9997263569756977
0.9997240957019763
8.573360135736648e-05
0.9997292321421154
0.9997286901236033
0.9997337337619049
0.9997285551560392
3.8879682872451475e-05
0.9997279946837991
0.9997282805268808
0.9997284475047254
0.9997265232834412
0.9997276650981165
0.002575329884405614
0.9997269911777781
0.9997326290988228
0.9997295127234432
0.9997236584443456
0.9997303158374539
1.804230821532774e-05
0.9997293676135941
8.594908285909383e-05
0.9997265332481025
0.9997277844915449
0.9997242445215669
0.999722233285959
0.9997283925554553
0.9997272517473049
0.9997274193876003
0.9997284854406737
0.9997280162017843
0.9997285616378209
0.9997277572536077
0.9997318384283748
2.081149642991851e-05
0.9997296438811846
0.9997246500925316
0.999725693082871
0.9997273072129395
0.9997284664023117
0.9997293933150302
0.9997285743655133
7.743930824745848e-05
0.9997235626665797
0.9997296941936572
0.9997293895645384
0.9997295812850048
0.0
0.002010301832731255
0.9997274250162094
0.9997207426853766
0.9997332022877979
0.9997268338653935
0.9997270553542688
0.9997307491453177
0.9997232375745015
0.9997271671546181
0.9997357592395849
0.0
0.9997291202135848
0.9997253480064974
9.488607647588716e-06
0.9997293925304749
0.9997272409106114
0.9997281592234821
0.9997297357277241
0.9997269663365265
0.9997313664783745
6.521074035098838e-06
0.9997236647322504
0.9997296634274202
0.999729295762278
0.2500566779625241
0.9997245175490801
0.9997305931616352
0.9997273153836783
0.9997278695990515
0.9997310130247665
0.9997284021306622
1.3140634208809807e-06
0.99972594526341
0.9997299820477643
0.999734954789061
0.9997283985788086
0.9997215436916759
2.087592008578409e-06
0.9997194414076058
0.9997266902422057
0.9997319932416988
0.9997332239900295
0.9997273162695135
0.025657957542086846
0.9997282419534319
0.9997256956404686
0.999731499489094
0.9997264175916674
0.9997336415838649
0.9997252860969866
0.9997262686108184
0.0
0.9997240514949545
0.0001771526387712058
0.9997249829554574
0.9997322873255152
0.9997298833718323
4.573147126793834e-13
2.0469948017756602e-05
0.9997290172733085
0.9997300086831057
0.9997295350251642
0.9997305637715097
0.9997279144835407
5.818987887687937e-06
0.9997306224621367
0.9997321763593092
0.9997259354893531
0.999726200420869
0.9997327102775089
0.9997246053108637
6.867522592605475e-05
0.9997234344171235
0.9997263018809835
0.9997314279951114
0.999727601462693
0.9997285788646737
0.9997302912815647
0.9997285241027486
0.9997259559490127
0.9997268962040058
0.9997269939229165
0.9997313866087518
0.9997284382100723
1.7569642934394784e-05
2.2680525284729694e-05
0.9997306656423567
0.9997264823789522
1.4755730959214383e-07
0.9997277919418047
0.9997243022054628
0.9997216573468396
0.9997272100439588
0.9997254271686435
0.9997300482543413
0.9997258820307983
0.9997270972301573
0.9997306726738522
0.9997284862243799
0.9997289429698324
0.0
3.818430745602156e-05
0.9997265268976706
0.9997289680777263
5.883573786767632e-06
0.9997287536251629
0.999728003957306
0.9997302670098975
0.9997300744951608
0.9997259965830153
0.00038979559977060494
0.9997271925150716
8.350674500917001e-06
0.9997266150806664
0.9997285368356398
0.9997314144808139
2.238116230403617e-06
0.9997323017736378
0.999727797206263
0.9997337306414094
0.9997323751767996
0.9997243381535175
0.9997357341112454
0.9997244887473363
0.9997305093992935
3.481379614441723e-05
0.9997321361449436
0.9997238600129027
0.9997274067360231
0.0001567233945727241
0.999733278224083
0.9997237503530361
0.9997267683050994
0.9997268412107247
0.9997242783444095
0.9997266839621188
5.581669147680907e-05
0.9997255384538373
0.9997283491695129
0.04867702764897294
0.999725244372301
0.9997278542395178
0.9997275634080242
0.9997284419683878
0.9997297960326541
7.368480789854596e-05
0.9997279812684192
0.999726415725255
0.9997287786544138
2.3028289066653196e-05
0.9997312423344833
5.3261573065617546e-05
0.999729635163763
0.999732614207065
0.9997243444298781
0.9997285848111598
0.9997284671629166
0.9997256599055697
2.7881474157335556e-05
0.0
0.9997277037040196
0.9997276232199548
0.999728117962665
0.9997288099002114
4.679702957417543e-05
0.9997337078652023
0.99972441911595
0.999734523118894
0.9997309334253114
0.9997286672875852
0.9997293189814455
0.9997282056967742
0.9997247413779808
7.984800211568198e-06
0.9997321720359799
0.9997244221205384
0.9997288399694183
0.9997276345930617
0.999726779240014
0.9997277606892025
0.999725861672665
0.9997264043054019
4.420669709744055e-05
0.99972790838853
0.9997304309869648
0.9997272590331697
0.999724837135821
0.9997291117550633
0.9997296643949503
0.00011783670286784521
0.9997291151521462
0.9997259978758081
0.9997384597408268
0.9997259725171663
0.9997284086247002
1.580448056816747e-06
0.9997317128546604
8.382892543287722e-05
0.9997253252620812
0.9997310036971581
0.9997280190594745
0.9997303087460198
0.9997308759363503
0.9997256000045387
0.9997303868908861
0.9997227202874067
0.9997277170586628
0.9997287846058903
0.999722647239559
0.9997297226071183
5.6242446040247205e-05
5.415918357179887e-05
0.0
0.9997231241472632
0.9997245369093516
0.9997283121968686
0.9997271185040638
9.350988021027476e-07
0.9997218685352833
0.9997302981207687
0.0
0.9997288257243381
5.405039336187027e-06
0.9997289796054477
2.3393714088377284e-05
0.9997251555998288
0.9997288677215942
5.6951766250855515e-05
0.9997304313668538
0.9997259960080344
0.9997266206447896
0.00019973884122025635
0.999726297403824
0.9997280817270932
0.0005058687128173397
0.9997291971550877
0.9997254882423309
0.9997299336290318
0.9997318721846886
0.999732579945818
0.9997233655351381
0.9997267306588191
9.386343278034028e-05
5.563692670299673e-05
0.9997276202152025
0.0
0.9997231077723598
0.9997255378867557
2.3949664423099225e-05
0.9997327907725095
0.999728436326731
0.9997311153572204
0.9997286129242793
0.9997333484208346
0.9997311827221724
0.9997284105226292
0.9997270160530141
0.9997329001942252
0.9997300439003923
0.9997255511963373
0.9997250340923153
0.9997267031982351
0.9997283461164514
0.9997267712680333
0.9997230810722748
7.488277888542623e-05
5.007927559201268e-05
0.9997246967565024
0.9997275264849241
0.9997279421797881
0.9997293466705464
0.999725147698303
0.9997314610786663
1.7197111942943198e-05
0.9997277958968628
0.9997256018012556
0.9997277482298909
0.999720827032451
0.0008298868896761225
0.9997259161441443
0.9997259592181293
0.9997256499613597
0.9997286638250137
0.9997292572018263
