1.3246386304026805e-05
0.9999973059730788
0.004408373758429564
1.6717980835707396e-06
0.007825422028592117
0.9999971457884076
8.34103205483907e-06
8.697657135341676e-06
0.9999973680582322
0.9999971875089588
5.452352534966976e-05
0.06365741481243965
0.9999971654096754
0.9999974121351061
0.9999973141627883
0.003554128932788293
0.9999972592602934
0.9999972460268863
0.9999971507619723
0.9999972952737622
0.9999974037584405
3.7202332282705345e-06
0.999997211781207
4.8857147375320325e-05
0.9999972195262853
2.7462314527214107e-05
0.9999971796283063
7.24273470262647e-06
0.9999972045569597
0.9999971948398981
0.9999973337048043
0.9999974320359805
0.9999970652900849
0.016027763179534634
0.030680074625424766
6.010265907634015e-05
0.999997262211678
0.9999971350823909
0.9999974090812218
0.9999972505702601
0.002259660693734829
8.796561925027226e-05
0.9999972193679029
0.9999973373632125
2.697352204728049e-05
8.395455236535493e-05
0.9999973544799308
0.9999973200889818
0.9999971367109156
0.9999972552292863
3.149881359050799e-05
0.2039238296754848
0.9999971597322304
6.567315446628739e-06
0.9999973216439104
2.6824280245120915e-06
0.9999972822959684
0.9999972868148874
0.9999970914838624
0.9999973846161826
0.00010208352004524343
0.9999973252306942
0.9999972166317829
0.9999973436863591
0.9999973579772325
7.549470500947297e-05
5.182075823527498e-05
0.999997236689054
0.9999973650785574
0.9999970359712392
0.9999972103324706
0.9999973031386213
2.3476524901367353e-05
0.9999974482121016
0.9999971619743268
0.9999972810450196
2.4113083816140235e-07
3.522681345824683e-05
0.9999971473581823
0.9999972401771798
0.9999972108330684
0.9999973121136728
2.4732958126112313e-05
0.9999971231823954
1.085355685462262e-05
3.7040984806203303e-06
0.9999973366389122
0.03031154047015491
0.9999973866969916
3.508300174077565e-05
0.9999972985954079
4.249285084059178e-05
0.9999971991513351
3.950739790532112e-07
0.9999972711824392
0.999997286856825
0.9999972452754895
2.3273307754060804e-07
0.999997323339023
0.9999971668906336
0.9999974077012663
0.9999972622091626
0.999997384079066
0.9999973430210357
2.0453200893921564e-06
0.9999972015122135
2.7083985252737034e-07
0.9999973456106954
5.4808973881341384e-06
5.008721823195573e-06
0.9999972787791583
0.9999973254948465
0.9999973160744452
0.9999971823043527
0.9999973129783108
0.9999972221854799
0.9999973483520256
1.4026363845756329e-05
0.9999973194207699
0.9999971777084788
2.9234608809275595e-05
0.9999972251619542
0.9999974577334758
3.733575382766863e-06
0.9999972150680897
3.3929515937719e-06
0.9999973134525408
0.9999973022003784
0.00015394718505704806
7.686141366255794e-06
0.9999973368057534
0.9999971967565494
0.9999973675946752
6.30249351189494e-05
0.9999971853743844
0.999997380733714
0.999997324332696
0.9999973211622467
0.9999971816642861
0.9999971815453539
0.9999972371727512
9.961757057431684e-06
0.11222651640494298
0.9999972234838669
0.9999971774572767
0.9999972846338224
0.9999971806606135
0.9999974223496324
0.9999974318582606
1.6259667205102007e-05
0.9999972869815594
4.154791671920421e-05
6.538833186052756e-06
0.999997387170165
0.9999972675243473
2.0168733089167368e-05
0.9999973011865894
6.772348020469506e-06
0.9999971994676414
4.183487907356787e-06
1.622267262554914e-05
1.504477999017036e-05
2.7291253351182407e-05
3.401355483327233e-05
0.9999972704729495
0.9999971541090116
1.5970439216789544e-05
0.9999971904538975
0.9999973258375648
1.101720014401177e-05
0.999997412863538
6.415915973256681e-07
0.9999973228367655
2.4534951255060144e-05
7.10021419324963e-05
0.9999972515875564
2.1186107243273114e-05
0.0002835945995543628
0.9999971464695603
7.93628757307629e-06
0.9999971298084258
0.9999970578843165
0.9999972805397898
0.9999973314552276
0.9999973788656656
0.9999972304181536
1.1117157804657132e-05
4.4786671100106e-06
0.999997305335896
0.9999973223303155
0.999997383855046
0.9999973371321281
0.9999972725600087
0.9999972946653913
0.9999971320581317
2.8709345518513066e-06
4.590641430965547e-05
6.7547302713022985e-06
0.999997257464024
0.9999973733745242
0.9999973165946938
2.7546166086257462e-05
3.1492056987511284e-05
7.380453595819637e-06
0.999997385400464
6.476704364691009e-06
0.9999971821875383
0.9999973982421558
4.724576933578406e-05
0.9999972303025222
3.650841288391715e-05
0.9999972740190374
0.9999973146314836
0.9999973656509445
0.9999973635187818
0.9999972759286233
0.9999971610775225
0.9999971648788364
0.9999974049960487
2.002808824235346e-06
0.9999972941327931
7.562824026915253e-05
0.9999973219110385
0.006707126207884025
0.9999973216270834
0.99999726984108
2.661812296676612e-05
0.9999973662628945
0.9999974112207152
0.999997210932044
0.9999972834303881
4.63486471754658e-08
0.9999973776003364
0.25003499788466965
0.034247930447694024
0.9999970554271413
0.9999971857443883
0.9999972239053123
0.006886537848067455
0.9999972729949671
1.338302952277613e-06
2.901236511613488e-06
0.999997183728863
0.9999973202677548
0.9999973897527143
0.9999972803345583
0.9999972558076423
0.9999972151429191
9.069151085545928e-05
0.9999971491538543
7.679481964487323e-06
0.9999973614413996
0.20712876818391693
0.9999971588890619
0.9999973451909611
0.9999972191049384
2.8148717794331665e-05
0.9999973214944075
0.9999973153685368
1.0944473160065679e-05
0.9999974915217066
4.07055959586599e-05
0.9999974472287068
0.9999971739528493
0.007513728269361561
0.9999971861594831
0.9999971120741427
0.9999973183644034
0.9999973512773708
3.4453199019578735e-06
0.9999973205077218
0.9999972741762545
0.9999972135297155
0.9999972725591132
0.999997142928197
1.8745820771056847e-05
0.003379060974635519
2.1372892040221047e-06
0.9999973098772923
0.9999972514981607
6.8878239344440555e-06
8.348748319228252e-06
0.9999973634042538
0.9999972545710912
2.1060243976914072e-05
0.9999972070941855
3.645886645942674e-06
0.9999972795308022
0.9999972793671253
0.9999972075442404
0.9999973556315649
1.0336311682858812e-07
0.999997098570008
2.5636624792981552e-05
0.9999972256073427
0.9999972710341791
3.648207157370382e-06
0.9999971374877664
0.999997296652098
0.9999972677750846
0.9999972016368028
0.9999970928218742
0.9999974096511784
0.9999972264542887
0.2083243384395675
0.9999972513236334
0.9999972574211448
0.9999972975295359
0.9999972767691595
0.9999971741390308
1.1532085238584277e-05
0.9999972559217238
3.883583271215774e-06
0.9999974246255497
0.9999972772990752
0.9999972094291217
0.007122458573459369
2.1415093986667133e-05
0.00014565248379201247
0.9999973615517348
0.9999973269759234
0.9999973306561422
0.9999972503065454
4.2106133890346435e-05
6.540899848104402e-07
0.999997221651755
1.1623289987859802e-05
0.9999971176532756
0.03195842485654938
2.915010485377299e-05
0.9999972503389017
0.015462269726781538
0.9999973056108847
1.3313169066308882e-08
4.167841942116558e-05
0.9999972915859667
0.9999973992306396
0.9999972972489194
0.9999974320579749
0.9999971687058492
0.9999973679622629
0.9999971511886071
0.999997126164602
0.9999973457440139
0.004784521056323067
0.9999973085757521
0.9999971475567337
0.9999974017447808
0.9999973602543534
0.9999972926745598
0.999997199971649
0.9999972365259372
1.4016680924858242e-05
0.9999971997323804
0.9999972129920668
0.9999970955593167
2.9835282294082823e-07
0.9999971851264666
0.9999973262391708
0.999997299290075
0.9999973884585593
0.9999971452084024
1.6470240349833816e-05
0.10889018888147009
0.9999971452495479
0.9999972524391235
0.9999972854125407
0.9999971865476467
9.034677460729028e-05
7.664671907450507e-05
0.9999974201816101
0.999997136027124
0.00016571201658428103
3.811101657644758e-05
0.00015199681852478276
0.0034566520470936633
0.04928269910510608
0.9999972312989953
0.9999971906540261
0.9999973438525084
1.016186855607755e-06
0.9999972529506759
0.9999971817507812
6.45813255530237e-06
2.1910511545982394e-05
0.0013709927999590898
0.9999972393534678
1.566405705212016e-05
2.765140070042916e-06
0.9999973056143147
0.9999972489172294
0.9999972370292631
0.9999972187334877
0.9999973111164991
1.3137089241970408e-05
8.99652175658646e-06
0.9999970427621961
0.9999973028259194
0.999997290049968
0.9999971900197218
0.9999972762873538
0.9999972267421396
7.08552174762317e-05
0.9999971691593702
0.9999973506481077
1.9863133443332094e-05
2.8782335717329177e-05
0.9999973286466984
0.9999972468388076
0.9999972060988035
0.9999973592854426
6.147660918467951e-05
6.973145334199989e-05
2.8015594075110962e-05
0.9999973205032372
0.9999973252448104
0.9999972638402441
0.9999972769134218
0.9999972854716744
0.2403802892594184
0.9999973177193563
0.9999973595806423
0.9999971768326034
0.9999973587668626
0.9999971554064456
0.999997327500293
0.9999973078232044
0.9999972356032796
