3.934819392345039e-06
0.9997292826721993
0.9997254547084882
0.0
0.9997301148655032
0.048688663110062605
0.9997250818555469
1.3935804123391534e-05
0.9997297989592253
0.9997268356221314
1.8496171127643235e-05
0.9997296060149609
4.61416262325451e-06
1.3622086299859634e-05
0.9997272068419676
0.9997271682375154
0.9997275507402038
0.999729170840969
0.9997242269785932
0.9997280833417485
0.9997274319582529
0.000146692660516647
0.9997295144988283
0.0
7.117458926949071e-06
2.291872241834219e-06
6.660963340138904e-06
1.332724289886784e-05
6.979487435527136e-07
7.603366557243193e-06
4.1579679168185505e-06
0.2500504556597411
0.9997232512417205
0.9997277650769164
0.9997282511548709
1.8329455189534896e-05
0.9997308046395696
0.9997290398175486
0.9997279935629036
2.135379959476777e-06
0.999726708967323
0.9997268587107649
0.999729632295792
0.9997267606292466
0.9997272847365347
0.9997322508952163
4.6867561276279574e-05
0.9997332808267141
0.9997254296142738
0.0018645832197670303
0.9997256941270539
0.10578977594251307
0.999725797157728
0.9997269565210598
5.084664716726333e-05
1.8842180604012557e-12
0.9997279245742338
0.9997297280945405
0.9997292570717045
2.6950108797518233e-06
0.9997292165903792
0.10833820650541101
5.825715128387881e-05
0.9997261437234611
9.512691644543878e-05
0.9997306850235483
0.9997279802719613
0.9997292593369814
0.9997226374392333
0.9997264739564042
0.9997303586008133
0.999729526820473
2.8873477180324042e-05
0.9997235339933864
3.3741235475271675e-05
5.5249948038749574e-05
1.643176004094912e-05
2.8667115436492523e-05
6.127995443847595e-07
0.9997282260950667
0.9997264783506622
0.9997275202423208
0.99972492680382
1.684894211571278e-07
0.9997285018726497
0.9997308570817991
0.9997270723379903
0.9997261222615471
0.9997270157999031
0.9997322848194359
0.009045313855707173
0.9997315983530362
1.026056518609162e-05
0.0021651443849255853
0.9997300554115125
1.0346159968349316e-06
0.9997271637016961
0.9997267825689177
1.7075811913245714e-06
1.6058846524841776e-05
0.0032330388635723795
4.244859901840879e-06
0.013658110660328491
0.9997232194592266
0.9997290538190172
0.999730043482513
0.9997263242448298
9.314541395033618e-06
0.9997248538788931
0.999730902233603
1.7155319390625232e-05
2.77142389155378e-05
0.9997288150620834
0.9997246196397023
5.698907389005842e-06
0.9997280704324216
0.9997268784091411
2.23953241758354e-05
0.9997291640851214
0.2500396413339548
0.9997263056373384
2.6700677140404087e-05
0.9997270935677913
0.0
0.9997245863601176
0.9997268192755683
1.6236701128278206e-06
0.9997259170051794
3.56371856831549e-05
0.9997270091438801
1.8159522366266043e-05
6.54428586804661e-06
0.9997317096986379
0.9997301804560094
0.9997259722165516
8.170874018731663e-06
5.399334387287521e-06
0.9997274654836271
1.0797917333540219e-06
0.9997293069046657
0.9997180794670263
1.7855546293603054e-05
0.9997277522155141
0.9997243642976703
0.9997328702965607
0.00014848327859545815
1.3611881716820928e-05
0.9997246748012615
9.081900892307753e-06
0.9997253650223653
7.576894420617731e-14
0.0001579387246300733
5.555089532177679e-06
8.547283826632864e-06
0.9997297643860781
0.9997302147529149
0.9997272308915371
0.9997305073046365
2.0141865717549465e-05
0.999726776148263
0.9997293214855474
2.91068004512161e-06
0.9997285068826727
0.9997333251494477
0.9997300305012186
3.48271997601411e-05
0.9997330410592721
0.006276587977921616
8.436268068713445e-05
6.348315638913189e-07
0.9997315231397622
0.9997299320476011
2.564063182721324e-05
3.09502165313383e-05
0.9997296282627159
0.9997274134397136
3.572084943464587e-06
3.762423630305262e-05
0.9997304482496071
4.0117325993489116e-05
0.9997274439801894
0.9997300505106083
0.9997258241657848
0.9997294421289379
0.9997269119412499
0.9997301709041757
0.9997293905447292
2.3695778520837125e-06
0.9997317750547104
2.5567597377211166e-06
0.9997286734307688
0.9997305757158335
0.9997223679167746
0.9997326310969703
1.1302415965558975e-05
0.99972666656701
0.9997269413634761
0.9997312940136802
0.00838035889696924
9.862765869994419e-08
0.9997255290110417
0.9997283719946117
2.320559889735552e-05
1.4500402165448342e-05
0.9997274064053123
0.9997264709638566
0.9997348204807445
0.9997218899846028
0.9997268620205081
0.9997236862366704
0.9997310592074845
0.9997259554980871
0.00011543219839431437
1.5432688255241116e-05
0.9997249663631458
0.9997270682145728
2.5639148907362453e-05
0.999731275422659
2.8131279236915822e-05
0.9997305852798023
0.9997235217165856
0.9997251602710086
0.00012045731539738063
0.24991824941773447
0.9997236890231476
0.9997230879704186
1.6603792389047305e-05
0.9997291144695772
2.6436299371021836e-06
0.9997256427436386
0.9997294659148201
0.9997275953100181
0.999728501427257
1.215744520918302e-05
0.9997309950444432
0.9997248585321117
1.0705532025441116e-05
0.9997318219380656
6.757595594635571e-07
0.9997283040755306
0.9997266142213296
0.9997294811016536
0.002252588099956287
2.137088621555777e-05
4.12225230060687e-05
1.368821674708577e-05
0.9997221298497859
1.2401468573515198e-05
0.9997298316359853
5.378295677109822e-05
0.9997254979299417
0.9997235714033424
0.9997265692202449
0.9997262176318049
0.9997294693634248
0.9997305311872297
6.760945251251959e-06
0.9997358426552537
1.8806632825101287e-05
4.32005018258547e-05
0.9997303742527288
6.256178058344177e-06
4.5327367788864815e-05
1.5994036292472353e-05
5.705079393849547e-06
0.006135373450844212
0.9997288113632448
4.88757509255802e-06
3.390076425382635e-06
0.9997275651477395
0.9997289867883212
3.099839412004636e-07
2.1853228467497188e-05
0.9997299868765231
0.9997285179708169
0.9997279019761129
0.9997291837744824
0.9997261005333216
0.9997255760775599
0.999726197653523
1.2841179390200333e-05
0.9997265103590621
0.9997291899056205
0.999723737091274
2.638571511518981e-06
0.9997267504408505
0.9997275455738848
0.999729256884738
0.9997328892715016
0.9997351021796516
0.001781274699576387
4.17431882988826e-05
8.663789748261871e-07
6.41382927735118e-06
0.9997275577681126
0.0
0.9997302075486183
4.266221641290038e-07
0.9997310536935741
0.9997269634357819
0.9997314286852683
0.2499547352233436
0.9997301328861821
0.002045312964058825
0.999731537521121
0.9997283969066078
0.0025891763248153316
0.9997266682678382
0.15651455420666727
0.24996146712294098
1.5544147613803202e-05
2.2475207527554438e-05
8.86183945434913e-05
0.9997299732616388
5.221690960436781e-05
0.2500385479186603
0.9997303336715443
0.999731542179741
0.9997281007076663
0.999727277125183
0.9997279352073656
1.116278305269514e-05
0.9997283397264025
0.00190756550012678
0.9997324789001324
0.033751058935533075
0.9997284316253587
0.9997285088598231
0.9997250689990266
0.006230567871979733
0.00739704058411497
0.9997267006788735
1.3155866188246578e-13
0.9997225755285831
3.476838399808423e-06
8.922239166172295e-07
0.9997241760750281
0.9997281891913485
0.9997253860389983
0.00020913853525569
0.999728574094875
3.083972608850844e-05
0.9997284665966882
0.9997300375816088
0.9997296873411577
0.9997291842524981
6.229193586599604e-05
0.999729090777705
0.9997284227514514
0.9997271589962906
4.437107459024719e-05
1.174399805900586e-05
0.9997264220038723
0.999732261764394
2.0356267156683494e-05
0.9997293786048346
2.364462157696332e-05
0.9997293353107322
0.9997313901009979
0.9997250445406989
9.030921921776974e-05
0.9997324695824831
0.9997295833229823
1.7841366062117936e-06
0.9997261029654075
0.9997248136114814
0.9997303258405069
0.9997306340963072
2.6447206993703488e-05
2.174822805490729e-05
0.9997249715211616
1.1696255563619562e-06
0.003648048273822438
0.9997242022541974
0.9997211851051818
0.9997323043165841
0.9997332297031138
0.9997251549038182
0.9997273617788366
0.9997308449277519
0.9997260039656398
5.208701093215239e-06
0.9997284006555717
0.9997257446405204
5.381705204518518e-06
4.489224911697237e-06
0.0
0.9997259189910576
1.1388801302265577e-06
0.9997252611960874
0.9997255172831246
3.592968119748291e-05
0.05964389265105292
0.0
0.00019863990089748974
1.1041640330792425e-05
2.669432524870581e-05
1.0006949702406346e-06
0.9997293539659451
1.026385921125094e-05
1.1028122185944561e-05
0.9997293574534247
0.9997282229177152
0.9997306612545622
2.5447967809124195e-05
0.002194562621202526
0.9997299937900694
2.1535972401548273e-05
0.9997314769400891
0.9997288735410708
0.999730117498354
5.948657287829177e-06
2.5134726176246763e-05
1.0438611956217594e-05
4.209659672443069e-05
0.9997294340129744
0.015578471872804991
1.660162233475477e-05
0.9997293192160516
0.9997303851666585
2.8803344828628578e-06
0.23936207450115607
0.999729996437551
0.9997285633869323
0.999723473374179
0.9997287640588697
6.414537678910364e-07
0.0013688603920926623
0.9997284696852072
4.420134360304302e-05
0.9997262821395595
1.6052967219292006e-06
0.9997257983465855
2.9345614392834874e-05
0.9997234632254225
3.650274856016085e-05
5.873311445263022e-06
0.9997300482402027
1.1450556749330119e-05
0.9997245069390067
0.9997228185983521
0.9997307530725097
0.9997256212302709
0.9997287428000209
0.9997316329757557
0.9997276866684904
1.7485252131915029e-06
0.9997335891781048
0.02328630345226807
0.999729039973029
0.9997331526847372
0.03240961791655857
0.9997255452106099
1.252912475446131e-05
0.9997246920591969
0.9997252740634138
2.626778295745797e-12
9.216983821929686e-06
0.2375193506655628
0.999728226458735
2.613993783288506e-05
0.999732438863806
3.1453693530389176e-05
5.6187164928879415e-06
3.1152894488660487e-06
0.0002895782982887986
5.6540605532826325e-12
0.9997257237225936
0.9997265604808278
0.9997298962616719
0.9997267343747518
0.9997312508951767
0.9997357301461551
1.738827953163663e-05
0.9997299724914065
0.9997284840390825
0.999729788306327
0.0014171888854607232
0.9997269972920955
0.15776823787461128
3.5953597009069557e-06
0.001937352091316316
0.0
1.6812876909099446e-05
0.9997320745911372
0.9997241280194545
0.9997225139479534
0.9997306053901813
2.760054756200604e-05
1.1820891965712825e-05
7.539175626373929e-05
0.9997282206038094
3.734345797848017e-06
0.9997266649650675
0.9997271803042939
0.9997280854759275
0.9997339977643068
0.9997233220968805
0.9997297733183045
0.9997266873415808
0.9997276015823483
0.06037351129968163
1.2783607873912022e-06
0.9997315364365417
2.8986314926958564e-12
0.06476263524974189
4.5400101897218815e-06
0.9997252507935892
0.00019712982687785803
0.0017991405749539875
7.88354739793821e-06
0.08672222135295225
1.7173139825591375e-05
0.9997212802639179
0.0014519838886595238
0.9997296448919311
0.9997275233833308
0.9997290270005008
0.9997265894453579
0.9997278506683205
0.999726794606184
8.481413366456259e-06
0.999723324516099
0.0032651006512427125
1.962367998344386e-06
1.2347402804277001e-05
0.0018173392234446639
0.9997258129414076
0.9997354069299711
0.9997286375730302
0.9997305486794931
4.639379951620599e-06
0.9997338805731505
0.9997244236339621
1.9425709353667935e-05
1.7449731917883006e-05
2.2163072519301024e-05
0.9997239128125147
1.1154624382091293e-05
