0.9999972894694173
9.451265852781021e-05
0.9999972326557786
0.9999973060525564
5.084413949255992e-05
1.6580563836843355e-05
0.9999972927450069
0.9999974071972175
0.999997265982151
0.9999973292179758
0.9999972721930026
0.9999970905755974
0.999997220642426
0.00015251396003409346
0.9999971558668749
4.01167181120123e-05
0.9999972483167936
0.00011355471819801646
0.15821224633777553
0.9999971772276621
0.999997249307476
0.9999972305053817
0.9999972812465914
0.9999972606629534
0.9999971598149028
0.9999972531090123
3.292345298003057e-05
0.9999971412964583
0.9999973394853016
0.9999972321863256
0.9999972951028103
0.9999971616540139
3.215564920141558e-05
0.9999973157006087
0.0022230147487195388
0.9999973007638912
0.9999972071684544
0.999997318020242
0.999997130788659
9.569589931652845e-06
0.9999973554536288
0.9999972491219558
0.9999972763477424
0.9999972062492904
0.9999971927187663
0.9999973714488026
2.097789894492056e-05
0.9999974872207587
0.9999970888361238
0.9999972546054048
0.9999972431793367
0.9999970289005675
0.09034140465060786
1.5462899140129368e-05
0.9999973053647977
0.9999972708144411
0.0045281672268511755
1.1859614533659607e-05
0.9999971126806866
0.9999973593251055
1.741719991036618e-05
2.7185002517224984e-06
0.9999972454108896
0.9999972168641886
0.9999972911797453
0.9999972464058264
5.004049608717455e-05
1.3095739439049602e-05
0.9999972276622152
3.932206191286549e-05
0.9999971952614759
0.031173883158605455
0.999997222739143
0.9999972392611572
0.999997389277762
0.9999973491288481
0.9999974014742029
1.706125412276531e-06
0.9999973554870984
2.3930746997506646e-06
0.9999971541401954
0.9999972513591833
0.9999973036415194
2.4909708676162758e-05
0.9999974268609962
0.9999972250006337
0.9999973051168111
0.9999971944749575
0.9999973509297637
0.9999973244401565
0.03813882456773508
0.9999971812873544
0.9999973506230291
0.9999972430365158
0.9999971338763582
0.9999972297080102
0.999997359179466
0.9999972520796825
0.9999971399872095
3.26983081502e-07
0.9999972359118336
3.1139450271063013e-06
0.9999971678370858
0.9999971115993354
0.2501016821376635
0.9999973292143927
4.138057149327529e-06
0.9999972936129694
9.82145187170198e-06
0.9999970476414464
0.9999972138605044
0.0074855525332074785
0.9999972860753871
0.9999972851092588
9.136971482575736e-05
0.999997069058628
0.9999972335323273
0.9999974195350958
1.130175095594307e-05
2.4036327732417222e-05
0.9999972127688738
0.9999971952227369
0.9999972544280673
9.048372367007366e-05
9.580804646092891e-05
0.9999973312441464
0.9999972065038603
0.9999971968981184
0.9999973299112139
0.9999972937547847
0.9999972794910621
1.6822299901544553e-05
0.9999972744865507
0.00010510199356804516
0.06123796736667713
0.999997356753939
0.049607657325028205
0.0017469781816068345
0.9999972328382405
0.9999971884741292
0.9999972526437092
0.9999974375122223
2.3798316229359808e-05
0.9999972023140856
1.986865420796191e-05
0.9999973336285891
0.9999970912850957
0.9999974802575801
0.9999972394687517
0.9999972351077082
1.9875959535822677e-05
2.0793187509147605e-05
0.9999973036138423
2.3132294394428897e-05
0.9999972327452595
0.9999972715335845
0.999997154709438
2.4444383286767856e-05
0.9999972429971102
0.9999973448462621
0.9999971661174043
7.889757198363028e-06
0.9999973098250012
0.00566132182694717
0.9999971309987926
0.9999974317645578
3.223458932138827e-06
0.9999971447008578
0.9999972086583565
0.004149046711421329
0.9999973431683497
0.9999973102715812
8.946470454243027e-06
4.626858649410603e-07
0.9999972154003667
1.7265573572377858e-05
0.9999972876058486
0.9999971814824593
0.9999973027409144
5.7066413289588925e-05
0.9999972961781027
0.9999972725855749
0.999997236834863
9.028164437177966e-06
0.9999971722111034
0.999997300056512
1.4389236258499505e-05
0.9999972942540911
0.9999971779918492
0.9999974373297333
0.9999973334279928
0.999997268438374
0.9999972815501207
5.8790330539641356e-06
0.9999973256995621
0.9999972706470411
0.250063279236933
0.9999973302928918
0.9999972751925562
0.0017308297495291888
7.273119998460027e-06
0.9999973556617736
1.1330431644581914e-05
0.9999972268364538
1.2865800334771442e-05
4.791368498797602e-05
0.999997316458161
0.9999972110871399
3.906734668545548e-05
2.4579513990054972e-06
0.9999971547382633
0.9999972929266712
0.9999972986003219
0.9999972455576513
0.9999973065355143
0.00035968420810459024
0.9999973681887983
2.220476940588378e-05
0.999997144699883
0.9999973079656866
2.055254961348671e-05
0.9999972879557302
0.9999972970011533
2.0537281601252035e-05
0.9999973373552661
0.005230372566879275
0.9999971791192912
0.9999973385945384
6.790236970454142e-06
3.345767128224891e-06
0.9999972226528193
0.9999972874270001
0.999997187802274
0.9999972129331388
0.9999972445475688
0.9999972441304095
0.03165386002982832
0.9999972313557018
5.262644203694234e-05
0.0023046864151186853
4.0023956591735206e-05
0.9999972864147774
0.9999971884896883
0.9999972382831835
5.341660645570396e-05
1.7513396681865128e-06
2.9501238833420076e-06
0.999997272138111
0.9999972720449063
3.5808920088291336e-05
0.9999973048788964
0.9999973493629398
0.9999971820002898
7.111626302468251e-06
4.781359685546621e-05
0.9999973149355607
1.1889303676787505e-05
0.9999972631186841
0.9999973378174228
0.999997426709612
0.9999972111053266
0.9999970862177627
0.9999973455922104
0.9999972296083827
0.9999972496299636
0.9999972558224149
0.00022193727096376554
1.0699465787713975e-06
0.0001505183310390697
0.9999971718873415
0.9999972652309125
0.9999972591083214
0.25004123709357273
0.9999974132549313
0.9999970847878795
0.9999972601836357
0.9999970793850173
9.529721162334035e-07
0.9999972130234978
0.999997230094397
0.9999972187629591
0.9999971575754855
0.9999972428449853
0.9999972827019269
2.5012548975522874e-06
0.9999972627004459
0.9999973102906191
0.10905606911204466
0.9999972505673194
1.2922164687715775e-05
0.9999972550134583
3.574177968470821e-06
5.173893475966604e-06
0.9999973553687102
0.9999972906136065
1.9411844454475375e-15
0.9999972246088139
0.006898427639926486
0.9999972482289549
0.9999971029214336
0.9999973483120851
1.4701600000332294e-05
0.9999971135165333
0.9999971566515463
0.999997271975124
0.9999971542029573
0.9999973145187842
0.9999971728304402
2.0168263051818464e-07
0.9999971786659536
2.7631211497472315e-06
0.0017801402331138244
0.99999726061123
0.9999972858579678
0.9999972584606361
0.9999971689590537
0.9999971355031879
1.4428928539019226e-06
0.9999971599926945
2.9859997303112564e-05
0.999997309518438
0.9999972440949785
0.9999973168475095
0.20532690987422392
0.9999971473786653
0.9999973527072129
8.244451283688086e-06
9.841372866100691e-06
0.9999972704718162
0.03183091076454935
0.9999973280668364
0.9999972224626004
0.9999972557716106
0.0027107701036562537
0.9999972496006044
0.9999972354100259
0.9999972777185073
0.9999973438362705
0.9999972823046499
1.3931358516320028e-05
1.1333054497141676e-05
8.615491218267028e-07
0.999997401898445
0.9999972193280383
0.9999972064611723
0.9999972194057138
0.00844516594633371
1.86069720972682e-06
0.9999971253782949
7.271065865544552e-06
0.9999972769923132
0.9999973509947432
7.531976386683152e-07
0.9999973290963133
0.9999971579934241
0.9999972394198845
0.9999973327868298
0.9999972770019885
0.9999972261755141
0.9999974496821153
0.9999972017697596
1.8416830877160681e-06
0.9999973412868551
4.37493299632382e-05
2.9891660744619553e-05
1.5462164227869575e-06
0.9999971824921874
0.9999973467236072
0.9999973744051006
0.999997144080248
0.9999973344572061
0.9999974516489308
0.9999973136978859
4.711758681086736e-06
0.9999973340751465
0.9999971329329718
0.999997211704056
0.9999974174382634
5.026630047735356e-07
0.9999973103292474
0.999997252849453
0.999997387817822
0.9999971377262453
0.016427622563539624
0.9999973057195961
5.068058746245717e-06
1.63474384534073e-05
0.9999973555466631
0.9999972137693821
4.0353805343677317e-05
0.0014508111628110992
3.042245018504307e-06
0.9999971644695466
1.1366216918975378e-06
0.9999972970883743
2.9499980381722368e-05
7.657531132390131e-05
0.9999973934902918
0.9999973242299343
0.9999972020264908
0.008365260738680482
4.16496625419677e-05
0.9999973767861025
0.9999973616996467
3.435713675727235e-05
8.235845503860815e-06
1.7062788415683864e-05
0.9999972954474062
0.9999972388122136
0.10180378306727278
5.2701996131823435e-06
0.9999972386400025
0.9999972364378811
0.999997301803635
0.09092840197264462
0.9999973669811976
0.9999973866006043
0.9999973359619468
0.9999972829461052
0.9999972389213015
0.9999971605420271
0.9999972013233115
0.9999973629579771
0.9999972111686426
4.353665679351671e-06
2.2369633059376705e-05
1.7421957359611967e-05
4.377073736617023e-06
0.9999972917364819
0.9999971960825877
0.23893640781421396
0.9999972849324833
