0.9997299765619203
0.999725297868077
0.9997241256110936
0.999728296822241
2.956210824237356e-05
0.0
0.9997248322935607
0.9997278334533067
0.9997325951127022
0.9997299346844385
3.774069622947966e-05
0.9997267145711002
0.9997272582570681
0.9997295038430553
0.9997299393281127
0.9997267768296106
0.9997272984936182
2.7401338036042087e-06
0.9997292041078482
5.167142792676686e-05
0.9997294222273759
0.999725833023838
0.9997263866471692
0.9997256781804847
2.9766372910327078e-05
0.999724493780236
0.9997336009469815
0.9997302809961583
0.9997300369090777
0.9997235468474653
4.221167772586977e-06
0.9997271593275471
0.9997304222024648
0.999726065312637
0.9997290178379525
2.7567097761242548e-05
0.9997313155181974
0.9997222041098481
4.7039303419494365e-05
0.9997244909222953
0.9997273269838896
2.1002973350934897e-10
0.9997265355458331
2.2407741525816767e-05
0.9997269341359242
0.9997336471636349
0.9997296266554718
0.999719181236328
0.9997294434968562
5.090517709981469e-05
0.9997262310222844
0.9997312132617906
0.9997285675756815
0.9997297054051453
0.9997272088618863
0.999724824929502
0.9997302511885794
0.9997229598713533
0.9997241616727109
0.9997306577806363
0.9997274420623147
0.9997265627369134
0.9997286209272197
0.9997322592432788
0.00022422245410717433
0.9997300168736596
0.999729941176176
0.9997302268371924
1.725143325413944e-05
0.9997273536132267
0.0
0.9997296492826774
4.490338613329302e-05
0.9997282674324002
0.9997281351444244
0.9997315564344539
0.9997287429368211
2.707146746127159e-06
0.9997291583218227
1.4350427200874818e-05
1.5873581180684472e-05
0.9997306558324025
0.999726654394196
0.01564547570509945
0.9997229637723377
0.9997305941311297
0.9997259832758345
0.999728389816515
0.9997255499988061
0.9997276516665567
0.9997284391530525
0.9997316045046588
0.9997214010656794
0.9997271216051213
0.9997336332218886
0.999730804796428
0.9997301983536625
0.99972796763301
0.9997278733843742
0.9997324426621665
3.166401057808264e-05
0.999729446552847
0.9997270167809199
0.9997285424310548
0.9997313280819288
0.9997293946471613
0.9997296989804144
1.3477164426887331e-05
0.9997262615603192
0.999731827139719
0.9997227977133429
0.9997242050030005
0.9997240480110425
0.9997288488484048
0.9997263878801271
0.9997296427399643
4.742563429716903e-05
0.9997258112795571
0.9997276910484294
0.9997263001186827
9.363322646919977e-08
0.9997277515999172
0.999731821859852
0.9997301111331905
0.9997291387503384
0.9997307326968047
0.9997283011216314
0.9997258290609058
5.7660380792988416e-05
0.9997286006910714
0.9997311297641668
4.966287307534636e-06
0.9997264445077284
0.9997254414285991
5.204937175052106e-05
0.9997266652623414
0.9997246954844707
0.9997298980875047
0.9997275697080352
0.9997321392783981
0.9997319131749419
0.9997341569743808
0.9997283580613794
8.515252762059047e-06
0.9997269665228249
0.9997288647845237
0.9997241903923415
0.9997280092281371
0.9997271811238222
0.9997279514928996
0.9997301335394055
1.5852716774051828e-05
1.8662207829997486e-05
0.9997208814830617
0.9997323756405463
0.9997318395893725
0.9997277140695925
0.9997291931887173
0.0
1.9220094228363304e-05
0.9997260283997812
0.9997277632239292
0.9997290235522979
0.9997294684180175
0.9997299894106988
0.9997256526027137
0.9997313470119762
0.9997229127258467
0.9997278282657033
0.9997263220676569
0.999731602602452
0.9997308810768046
0.9997272944800525
0.9997261650672546
0.9997280688873136
0.9997317443764947
0.00012292807519225182
0.9997292482693411
0.999733150600888
0.9997253525915829
0.9997266101258135
5.6427925426949665e-05
0.9997223788112436
0.9997305336321518
0.9997298311355977
0.9997241697430521
0.999730691341829
0.043258871025870727
1.4624110438236236e-05
0.00010254762055023046
0.9997247847177111
0.9997278268534524
0.9997253132348517
7.773791223830384e-05
0.9997320854298245
0.9997298496749536
0.9997223575033495
0.9997248648840535
0.9997295603330307
0.008504379141315651
0.9997304364680719
0.00010791174715698437
0.9997277915145361
5.5544230362077763e-05
0.9997243608478813
0.9997263120637153
0.999730108875604
0.9997272259891933
0.9997307656351744
4.077485682743108e-05
0.9997287081675584
0.9997267726205442
6.366093650241485e-05
4.364458934143334e-05
0.9997258739124288
0.9997253728248523
0.9997256296653398
0.999728856959846
0.9997310149890168
0.9997281856599725
0.9997322448787908
0.9997289230830402
0.9997286423138232
0.0
0.9997297038845792
4.83683263106339e-06
0.9997358374911647
0.9997255478609754
0.9997296016437179
0.9997249965276908
0.9997288716174327
0.9997248318707573
0.999723250568279
0.9997300699533036
0.9997290985055516
0.9997252364335162
0.999727039096438
0.9997245881307152
0.9997301725733613
0.9997329026917284
1.0800289061787745e-05
0.9997279165855013
0.9997311437050754
0.9997315222933026
4.52440138101339e-05
0.999728678613895
0.9997246627004771
0.9997306184368079
0.0
0.9997366912087982
0.999728872043818
5.6222212998142044e-05
0.999724777445484
0.9997247323738823
0.9997300357496891
0.9997296369803631
0.9997302309347125
0.999731374422501
0.9997228189519988
0.0
0.0016637011609370478
0.9997238268991058
0.9997242019614087
0.9997332570155794
0.9997235272592208
1.160191003682271e-06
0.9997333014026892
0.0013777840288500432
0.9997295756703912
0.9997241460954532
0.9997287720505983
0.9997252093934477
0.9997299023327412
0.0001785761784975285
0.9997299480664261
0.9997305774411975
0.999728242314605
0.9997216218754443
0.9997264835015748
0.9997259358648275
0.999725299091495
0.9997258148583819
0.999728453079559
0.9997310086454116
0.9997296968891874
0.9997335260608446
0.9997273596226505
0.9997285063272784
2.0522432217437043e-05
0.9997249293588879
0.9997250172306509
1.1586037115481485e-05
4.34519282885811e-05
7.599772223770889e-05
0.999724462034455
1.2924644660413804e-07
0.9997276384584446
0.9997294524048237
0.0
0.9997250775044023
0.9997305310325745
3.583349987137464e-05
0.9997254850582808
0.9997273690418429
0.9997322003195245
0.9997256368217058
0.9997301305749184
0.9997281018273876
0.9997307369902988
0.9997280131627678
0.9997219611395705
0.999726955081983
0.9997295317118751
0.9997283154930886
0.9997326868809099
0.9997319947992023
0.9997265378953862
0.9997304129854033
1.6668177366118395e-06
0.9997247405919261
0.9997393246292082
0.0001259617498136324
0.999726800382193
0.999730100664791
0.9997301334248039
0.9997272803383419
0.9997322045130026
0.9997275036358705
0.9997248175428736
1.156230080960477e-05
0.007653750245552772
0.9997298120595038
0.0
0.9997306096170663
0.9997292295688048
0.9997257356633265
2.6952352957975366e-05
0.9997232368992226
0.9997306824869724
0.9997295550911237
7.854042745509393e-05
0.999727102658255
0.9997254655851778
0.9997265536471692
0.9997289816258371
0.9997187919802061
0.9997262483768863
0.9997270137843475
0.9997280717946376
0.999730964702583
2.7330346158756018e-05
0.9997229960212086
0.999729223539012
0.9997205620135282
0.9997321597509033
0.9997306733783391
0.9997290364009577
0.9997227522360385
0.9997297878696939
0.0015628294780793515
0.9997277125992561
0.9997283996395443
0.9997324041600194
0.9997298119016516
0.0
0.9997307487581214
0.9997274725931528
0.9997270332212321
0.9997292991533855
0.9997308307443422
0.9997272283849267
2.8133651391089842e-06
0.9997262182460646
0.9997314861408583
0.9997288380705263
0.9997335832050255
0.999724575939016
0.9997328562061453
5.7885877637330484e-05
0.00024003819306435395
0.9997319100324465
0.9997306329530101
0.9997228164708288
0.9997281113059232
0.9997294446277258
0.9997265541342376
0.9997263801097109
0.9997312705673002
0.9997269320648124
0.9997332723927489
0.9997258039774973
0.9997330403328879
0.9997301575526979
0.9997262575117032
0.9997300902600743
0.9997302326755114
0.99972539050293
1.2054330668658379e-05
0.9997286392545688
0.9997255755482796
0.9997292112367516
0.9997230819429443
0.9997318067351596
0.9997299217874668
0.9997277290512676
0.9997277229814142
0.9997261624284332
0.9997286484746779
0.9997272324032047
0.9997291863344794
0.9997300391130882
0.9997265651439888
0.9997252232377967
0.9997289014249625
0.9997293413194512
5.8964601606311534e-05
5.6931085514122484e-05
0.9997312165579301
0.9997238716317255
0.9997289569968283
7.446884135885192e-06
0.9997259209970166
0.9997355401857706
0.9997322525990386
0.9997295102437342
0.9997239087928174
0.9997221988292788
0.9997278742918624
