0.9999971813594324
0.999997337781782
0.9999972143685482
0.9999972166065317
0.9999971231673239
0.9999973874915123
0.9999972018248634
0.9999973105257034
0.999997451765344
0.9999972248015684
0.9999972148847566
0.9999972668454203
0.9999972487435286
0.9999972915504979
0.9999973760480314
0.9999973004035098
0.9999972084316606
0.9999972615037086
0.9999972837877592
0.9999973937147124
0.9999972201439663
0.9999971456133433
0.9999973162101042
0.9999973526360864
0.9999973151584838
9.93289982771291e-06
0.9999971947862405
0.9999971787310641
0.9999973427805133
0.9999972907119637
0.9999973188837762
0.9999972514971885
0.999997105759811
0.9999974051291114
0.9999972954204107
0.999997345531329
0.9999971070123697
0.9999973820685947
0.9999973883900979
0.99999740741683
2.4278165353982133e-06
0.9999973850788774
0.9999973868843492
0.999997219747883
0.9999972401890495
0.9999971287159461
0.9999973791975404
0.9999972483794336
0.9999973680626852
0.9999972181186241
0.999997234920856
0.9999972714970407
0.999997224036036
0.999997365521215
0.9999972834163906
0.9999972772506692
0.9999973914832223
0.9999972131603768
0.9999972317847463
0.9999973497218325
0.9999972921306112
0.00011526151780406467
0.9999973101087382
0.9999972897606169
0.999997309311545
0.9999973141354872
0.9999973193703257
0.9999972363813061
0.9999973665770259
0.9999971937058045
0.9999972612315131
0.9999972922480318
0.9999973201944009
0.999997367013329
0.9999973394447064
0.9999972082870399
0.9999972148029164
0.9999971228401258
7.753570796440443e-06
0.9999971288967402
0.9999972054801244
0.9999972352716284
0.9999973062126064
0.9999973305456087
0.9999973851164269
0.9999973626259081
0.9999973124537666
2.375498298315789e-05
0.9999972368387645
0.9999972220478387
0.9999972938626351
0.9999973304661348
0.9999973640621402
0.9999971664365224
0.9999973408831428
0.9999972354178206
0.999997225733967
0.9999974081988316
0.9999972560746282
0.999997203926526
0.9999972538675083
0.9999972819673562
0.9999973272699136
0.999997332675037
0.9999973769873124
0.9999973843937947
0.999997329575941
0.9999973022853801
0.9999971727085553
2.4154911738578772e-05
0.9999971525780375
0.9999973200081352
0.9999971909651291
0.9999974414313756
0.9999972966708546
0.9999972696103722
0.9999972326413712
0.9999971294736515
0.9999973628302908
0.9999972236622242
0.9999972884115628
0.9999973459600298
0.9999973306275206
0.9999973283028737
0.9999972703029772
0.9999973487610057
0.9999973633383867
0.9999973072493296
0.9999972627797208
0.9999972889228318
0.9999973243673309
0.9999973245224835
0.9999973293943312
0.9999972291382223
0.9999974410703386
0.9999972808814951
0.999997251039273
0.9999972011192124
0.9999971691269027
0.999997344780633
0.9999972075396678
0.9999971954895525
0.9999973291652052
0.999997191384275
6.877687592841583e-07
0.9999970613250619
4.040069915712486e-05
0.9999972340729432
0.9999972412999579
0.9999973050407338
0.9999973780874789
0.9999973099920509
0.99999730660219
0.999997246682232
0.9999973331677502
0.9999971796480196
0.999997279415933
0.9999973033721467
0.999997230240779
0.9999972996931471
0.9999973264353079
0.9999973496860003
0.9999972719027207
0.9999972330277518
0.9999973815266222
0.9999974541538429
0.9999973269364606
0.9999972415374052
0.9999972659897964
0.9999972277477955
0.9999972490973905
0.9999972477458653
0.9999972212312321
0.9999973196041549
0.999997229644827
0.9999972314656711
0.9999973526467276
0.9999972672376916
0.9999973593323974
0.999997147468168
0.9999972125104325
0.9999971541222207
0.9999973388296727
0.9999971873006238
0.9999973668024661
0.9999973250684455
0.9999974942018216
0.9999973349692312
0.9999972909305761
0.9999971734410308
0.019065420736445987
0.9999972064393582
0.9999972575573395
0.9999971160199786
0.9999970555523964
0.9999973284415771
0.9999971585415576
0.9999972268094615
0.9999972118502521
0.9999971154283708
0.9999973924525977
0.9999973353092463
0.9999972452027431
0.9999974716758551
0.9999973825168182
0.9999972428918497
0.9999971903296925
0.9999971587381997
0.9999971798166563
0.9999972088168544
0.9999973222528464
1.1044454120349604e-05
0.9999970961883166
0.9999973420563344
0.9999972539273464
0.9999974173543695
0.9999972213536972
0.9999972810223529
0.999997324893841
0.999997178220666
0.9999972350166398
0.9999971189097939
0.9999973595449836
0.9999972014205634
4.898820893109895e-06
0.9999972360654077
0.9999972193428416
0.9999972434842124
0.9999973512754747
0.9999972092685444
0.9999973022190912
0.999997344652778
0.9999974003412109
0.9999972110607297
0.9999974221701202
0.9999972491811618
0.9999972765242586
0.9999974295980862
0.9999972632425054
0.9999974143873618
0.9999972944993144
0.9999972951328068
0.9999972645071487
0.9999973015452447
0.9999971071269177
0.9999973569454378
0.9999972830191525
0.9999974480525172
0.9999972708682825
0.10432411365886912
0.999997203177557
0.9999973985106418
0.9999971963028819
0.9999971936433691
0.9999971319719128
0.9999972308516735
0.9999972971512217
0.999997317298911
0.9999973040240641
0.9999972176363121
0.9999972990628562
0.9999972575408806
0.9999972755662105
0.9999973102354168
0.9999973093065883
0.9999973300419964
0.9999973864292808
0.9999972891067868
0.999997375302402
9.944946521775947e-06
0.9999971865635806
0.9999973743476358
0.9999971808619974
0.9999972411912453
0.999997368068912
0.9999971973623699
0.9999969947836828
0.9999973016140704
0.9999972749543187
0.9999972668458189
0.9999972050659567
0.9999972827659565
0.9999971956084199
0.9999971736603475
0.9999972120520451
0.9999972901174816
0.9999974261408358
0.9999972747250008
0.9999972807757607
0.9999973738387404
0.9999972722364477
0.9999972645864176
0.9999972677361988
8.818371053017502e-07
0.9999972279912474
0.9999972739263585
0.9999972583927618
0.9999972727175609
0.9999972981616028
0.9999972825455418
0.9999973483248926
0.10970306498462225
0.9999972902067075
0.9999972659820067
0.9999972750947532
0.9999972586281912
0.9999973288054925
0.9999973585239184
0.9999972276131337
0.9999970773462122
0.9999970585331889
0.9999974282367855
0.9999973909059737
0.9999973078831332
0.9999973067513419
0.9999972254692848
0.9999972203440074
0.9999972595656076
0.9999972109130438
0.999997106719386
0.9999974178897587
0.999997313165953
0.9999972858353039
0.9999972529652378
0.9999973666267389
0.9999971803652344
0.9999972467221856
0.9999974271288625
0.9999972568442187
0.9999972512433726
0.9999972428763015
0.9999972540675065
0.9999973347347486
0.9999971609343337
0.9999973168697814
0.9999973223899362
0.9999973075710966
0.9999972554533623
0.9999970907964408
0.9999972072884915
0.9999973344994094
0.9999972385775043
0.9999972701977655
3.7172992389505874e-05
0.9999972941240637
0.999997341646843
0.9999973241501942
0.9999973247570406
0.9999973116914365
0.9999974288825559
0.9999973522298017
0.9999974123672906
0.9999972581256081
0.9999972984340967
0.9999972687542737
0.9999974032567989
0.9999972116563435
0.9999973986483428
0.9999973494276115
0.9999972907702022
9.274166152528924e-05
0.9999972243631576
0.9999971869516634
0.9999973279554476
0.9999972569107869
0.9999972033937338
0.9999974697705531
0.9999972172402042
0.999997137960125
0.9999972857905163
0.9999972509266122
0.9999973005013443
0.9999972061651807
0.9999972428802395
0.999997222363347
0.9999973394123427
0.9999971375672694
0.9999972102761846
0.9999970885594
0.9999973094294176
0.9999972912096066
0.9999970988153161
0.9999971260777335
0.9999972735060682
0.9999974160727886
0.9999972940917656
0.9999973457106693
0.999997464160391
0.9999974454567869
0.9999971815167332
0.9999973244141909
0.99999728275456
0.9999973557614928
0.999997237882972
0.9999973816018026
0.9999972322852718
0.9999973557093559
0.9999973895304849
0.9999973535603152
0.9999972196233169
0.9999971660707
0.9999972892333225
0.9999973516690294
0.9999971381041618
0.9999972746277861
0.9999972599369211
0.9999972193681045
0.9999972221118423
0.9999971752970284
0.999996986875282
0.9999973760481342
0.9999973659717359
0.9999973576886492
0.9999972328135657
0.9999973478597516
0.9999971926897548
0.9999972146382419
