0.9999971463557052
0.9999971905150076
0.9999971303851661
0.9999972733947474
0.9999972671261075
8.976607663228945e-06
0.9999972840538296
0.9999972929755284
0.9999973343187264
0.999997190430144
0.9999972560097979
0.9999971961379565
0.9999972385182632
0.9999972612270451
0.9999972190844013
0.9999971998586756
0.00010086677661117274
0.9999971427843003
0.99999719627327
0.9999973306582121
0.9999972694971505
0.9999972095267098
0.9999973709801777
0.9999973054796191
0.9999972277476374
0.9999971590542482
0.9999972947995447
0.9999972088008505
0.9999974024494136
0.9999973126790367
0.9999973640427069
0.9999973535541357
0.9999970060481908
0.9999971718669246
0.9999971237320974
0.9999973489247784
0.9999973106617317
0.9999973478301559
0.9999972265160709
0.9999971490706043
0.9999971207812214
0.9999972299180427
0.9999972570801898
0.9999972008941119
0.9999971004792566
0.9999973110560153
0.9999973514958146
0.999997258035155
0.9999973117359443
0.999997386399176
9.0153972909567e-06
0.9999973184755078
0.9999972584735501
0.9999971779564741
0.9999972696504459
0.9999972117408005
0.9999972710329075
0.9999972949105234
4.0835555858522484e-06
0.9999972527413835
0.9999972924142355
6.158717952379088e-06
0.999997272930772
0.9999974072009408
0.999997263753364
0.9999972563419431
0.9999972962996068
0.9999973394241586
0.9999973312484471
0.9999971715532646
0.9999970748824908
0.999997238258901
0.007421538175408901
0.9999972253867716
0.9999972901751976
0.9999973007098218
0.9999972981499086
0.9999972877550168
0.9999971254604777
0.9999973736783319
0.9999971751290994
0.9999972273006237
0.9999971196675472
0.9999972193544314
0.99999738043023
0.9999973080902863
0.9999973613907343
0.9999972768534804
0.999997305921307
0.9999971824941016
0.9999972969167498
0.9999972863018588
0.9999972002557608
0.999997302422656
0.9999974022046039
0.9999972127771365
0.9999973272106497
0.9999972005755867
0.9999971674034955
0.9999972442435968
5.376535584503828e-05
0.9999972304922182
0.9999972626436221
0.9999973715291016
0.999997338206897
0.9999972078683746
0.999997236254397
0.9999974340584374
5.6899367095328655e-06
0.9999972467926767
0.9999971038394939
0.9999972181615637
0.9999973203512768
0.9999972174079549
0.9999973630638352
0.9999973421352472
0.9999973314378994
0.9999973510460939
0.9999972126429463
0.9999972457252968
0.999997227251396
0.9999972342929297
0.9999972196202689
0.9999971821395046
0.9999974046898154
0.9999974517464567
0.9999971266139589
0.9999972230386748
0.999997311950448
0.999997275975684
0.9999972138671516
0.9999973148179571
0.9999973094077189
0.9999972228445281
0.9999973379751045
0.9999972400851211
0.9999972311761386
0.9999971387024438
0.9999973216075613
0.9999971611613233
0.9999974187111875
0.9999974413215578
0.9999972297508549
7.331202800037248e-05
0.9999973353294008
0.9999972240803139
0.9999972891959893
0.999997282564526
0.999997199666921
0.9999972735329329
0.9999973045937942
0.9999973728010021
0.9999972806104258
0.9999973207471813
0.9999972672363864
0.9999973073169622
0.9999972773884442
4.754302947618982e-05
0.9999971949768776
0.9999972932648482
0.9999972143154991
0.9999974416188903
0.9999972333902751
0.9999971416824393
0.9999972113121571
0.9999973670149459
0.9999973752776917
0.9999972595831413
0.9999973419990308
0.9999973159788069
0.999997339840114
0.9999972015093322
0.9999971470440898
0.9999972199392859
0.9999973977820802
0.9999972826250563
0.9999971408362449
0.9999972687008776
0.9999974062086736
0.9999972402716575
0.9999972650080546
0.9999973319672114
0.9999971222664978
0.9999972739926694
0.9999973183696526
0.9999971647255839
0.9999973608461845
0.9999973172994712
0.9999972424848445
0.9999971770991687
0.9999972612946135
0.9999972412353126
1.4142358625111463e-06
0.9999970814298155
0.9999971787652179
0.9999972153340974
0.9999972530076964
0.999997286029568
0.9999973178739566
0.0003053715278925596
0.9999972259562622
0.9999973655984489
0.9999972224544202
0.999997231875472
0.9999973115269347
0.9999971190484584
0.9999973439160332
0.9999972010140453
0.9999971301207105
0.9999973031970651
3.766449607825894e-05
0.9999974522244962
0.9999973922635407
0.9999973483378773
0.9999973968657191
0.9999972495158168
0.9999972107037037
0.999997175126092
0.9999972760042585
0.9999972369157526
2.787161928973177e-06
0.9999973124566574
0.9999972737011619
4.177634964284985e-05
0.999997332189413
0.9999971844360226
0.9999972329144224
0.9999972414882515
0.9999972537645053
0.9999971898522879
0.9999974365452861
0.9999973185185552
0.9999973282621595
0.9999971973072597
0.9999972164685694
0.9999974804069768
0.9999972855918101
0.9999972871002988
0.9999973154778978
0.9999971824682954
0.9999971643859333
0.9999972222929288
0.9999974055094472
0.9999971624961541
0.9999973126939572
0.9999973677545393
0.9999972450935097
0.999997160218656
0.9999971926453303
0.9999973043654248
3.9836040129118686e-05
0.9999973589435246
0.9999973112454777
0.9999972273054428
0.9999973203401794
0.9999973321947826
0.9999974045190513
0.9999972008958936
0.9999972743919786
0.9999971863916766
0.999997333753234
0.9999971953352255
0.0044162693130671265
0.9999972065029774
0.9999973804717759
0.9999973014985949
6.4426265517035e-05
0.9999972936010866
0.9999973769017916
0.999997216868858
0.9999973002408368
0.9999973129783777
0.9999973000248329
0.9999972477715598
0.9999973096522876
0.9999973106926034
0.9999971736604296
0.9999972738435904
3.002086701517779e-05
0.9999972969083325
0.9999973365084281
0.9999973355855609
0.9999970862917996
0.9999972799448269
0.9999972823985444
0.9999973053268093
0.9999973540188011
0.9999972343583199
0.9999973784274991
0.9999973220705871
0.9999972920517366
0.9999972139624959
0.9999973510083838
0.9999973252858818
0.9999974012141499
0.9999971261718433
0.9999971612408802
0.9999972375404815
0.9999972537429817
0.9999973026924057
0.9999973496198322
0.999997307746763
0.9999973050806898
0.999997210975019
0.9999972073969429
0.999997334570043
0.9999972005048494
0.9999973459434277
0.9999973724226608
0.9999972284030803
0.9999973006103
0.9999972964361409
0.9999972440812276
0.9999971650861949
0.9999971880280755
0.9999974437590942
0.9999972681303545
0.9999972422899627
0.9999970693559261
0.9999973221070506
0.9999973249425562
0.9999973008982886
0.9999974179637233
0.9999971441755543
0.9999972748690799
0.9999972260459477
0.9999971461824565
0.9999973981558745
0.9999973007374642
0.999997315682311
0.9999972707721893
0.9999972203756435
0.9999971079345398
0.9999972177155071
0.9999972313741753
0.9999972916016453
0.9999974150610305
0.9999972230297892
0.9999972550324808
0.9999971393226759
0.9999973586108876
0.9999973002786464
0.9999971954957053
0.9999971886779685
0.9999973742051866
0.9999973056048661
0.9999972737497964
0.9999971661797818
0.9999973066825654
0.9999973796461129
0.9999973299660269
0.9999973197857273
0.9999974220388134
0.9999971804868252
0.9999971639112313
0.9999971281039068
0.9999973141594112
0.9999972317250854
0.9999971569050419
0.9999974040161396
0.9999973592029119
0.9999971934273933
0.9999972599812283
0.9999972103961169
0.9999973514040003
0.9999972098825087
0.9999973206669134
0.9999973671716486
0.999997347221256
0.9999972332738897
0.9999973472219876
0.9999972170814874
0.9999972201709039
0.9999973120595501
0.9999972592995456
6.853510094512073e-05
0.9999971089005006
0.9999972552590437
0.9999973142265833
0.9999973161199613
0.9999972536207449
0.9999973372804244
0.9999972865626011
0.9999971572074164
0.9999972707748076
1.6138181157862102e-05
0.9999973495394822
0.9999971843838322
0.9999971740977098
0.9999974398666346
0.9999973719100038
0.9999973352156319
0.999997426618561
0.9999971291243938
0.9999971998190262
0.9999973496782127
0.9999973439506056
4.6618109337901085e-05
0.9999972293577593
0.9999974364656534
0.9999973209882692
0.9999971345989205
0.9999971642002001
0.9999971756525066
0.9999973388498021
