0.9999971251913262
0.999997351011528
0.9999973263545977
0.999997341908071
0.9999973023024937
0.9999973880334226
0.9999972638650179
0.9999972792960294
4.038217262450165e-07
0.9999971575956815
0.9999973801391044
0.9999973099606155
0.9999973567090429
0.9999972216340709
0.9999972254388904
0.9999972334700448
0.9999971790611327
0.9999971805937038
0.9999973937910652
0.9999973560757335
0.9999972956805148
0.9999971864617715
0.9999972960695899
0.9999972766267574
0.9999973418678081
0.999997212580626
0.999997272603369
0.9999973687035971
0.9999973294603725
0.9999972173452176
0.9999973110862609
0.999997394659956
0.9999972334351964
0.9999973039540659
0.9999972207352157
0.9999973628659558
0.9999971382828406
0.9999971419362073
4.531865868901071e-06
0.9999973300698815
0.9999972485204913
0.9999972643015284
0.9999973174313097
0.9999973053043506
0.9999971807591095
0.9999974077123377
0.999997370482355
0.9999971908398624
0.9999973236794105
0.9999972865870853
0.9999973707381308
0.9999973906301454
0.9999973701464031
0.9999972437132926
0.9999973744107978
0.9999972878650956
0.9999971170681959
0.016802036498766118
0.9999972893030795
0.9999972875795243
0.9999973149908739
0.9999973150975926
0.9999972713868078
0.9999972470980979
0.9999973424075808
0.9999973116117707
0.9999973359688926
0.9999973011413092
0.9999973364617959
0.9999973138160971
0.9999972732663227
0.999997147213652
0.9999971876716549
0.9999973184041752
0.9999973003279146
0.9999972637500533
0.999997450400095
0.9999973399923877
0.9999971291477786
0.9999972961689132
0.999997231383504
0.9999972445807965
0.9999973695922928
0.9999972227813747
0.999997341025117
0.9999971674561344
0.999997244569136
0.9999972491376581
0.9999972669970186
0.9999973344538785
0.9999973632300805
0.9999973352906247
0.9999972084624615
0.9999971634464582
0.9999972042571066
0.9999972317259804
0.9999973145389495
0.9999973962292883
0.9999972968441462
0.9999973931834292
0.9999973170643536
0.9999973319486787
0.9999971576417654
0.9999972922194769
0.9999972265395537
0.9999972836588736
0.9999973450608926
0.9999971659605797
0.9999974369296415
0.9999973390451498
0.9999973238578485
0.9999971562921324
0.9999972699041344
0.9999973446020498
0.9999971542882625
0.9999973131874547
0.9999972497124329
0.9999972452672277
0.9999972670981487
0.999997169770923
0.9999972929895932
0.9999973168679398
0.9999972392931153
0.9999972446777597
0.9999973720992602
0.9999972249535422
0.999997371145132
0.9999972666484083
0.999997184695983
0.9999972482430785
0.9999973083256176
0.9999972214856416
0.9999972580144045
0.9999973646384489
0.9999974019531325
0.9999974054046769
0.9999972574659343
0.9999972323740827
0.9999972647271808
7.061559007394442e-05
0.9999971838067409
0.9999972405926132
0.9999972630021406
0.9999974697555836
0.9999972953866947
0.9999972198244588
0.999997346911712
0.999997182420327
0.9999974196396347
0.9999972725170081
0.9999973358109328
0.9999971399684339
3.6784308320010404e-05
0.9999973126348956
0.9999974283096603
0.9999973457251208
0.9999973103853987
0.9999972251911129
0.9999972722897164
0.999997280518688
0.9999973563486817
0.9999971828823252
0.9999973377795167
0.9999972379353291
0.9999973269724459
0.9999972591155012
0.9999972223305102
0.9999973141654288
0.9999972492574603
0.9999973252226309
0.9999971043876128
0.9999973116845593
0.9999972590040549
0.9999972684242746
0.9999972718944924
0.9999972605137663
0.9999972473844043
0.9999972541657143
0.999997321013003
0.9999972957380816
0.9999972500426774
0.9999972363584869
0.999997274082906
0.9999972634620214
0.9999972924762365
0.9999974226440662
0.9999973330261173
0.9999973642115294
0.9999972134651635
0.9999972788417588
0.9999974242490881
0.9999972924867214
0.9999972679190077
0.9999972362982611
0.9999973746415619
0.9999971685507366
0.04694428402216665
0.999997412455104
0.9999971465345802
0.999997228644795
0.9999973613237234
0.9999973756453576
0.9999971463679883
0.9999973872894429
3.008737998339154e-05
0.9999972789962608
0.9999971279030097
0.9999971449810893
0.9999974317337307
0.9999971103180482
0.9999971955022421
0.00015464222953704007
0.9999972219466475
0.9999973111302333
0.9999972742889032
0.999997387713047
0.9999972672367619
0.9999973849051148
0.9999972399953815
0.9999971640570877
0.9999972221853194
0.9999971723262803
0.9999972276613226
6.568112900987366e-07
0.9999972437260521
0.9999973305095552
0.9999971467829953
0.9999973356897881
0.999997323729723
0.9999972626297403
0.9999973393491207
0.9999971631009822
0.9999973003006286
0.9999971645046374
0.9999974215755146
0.9999972302759894
0.9999972607796295
0.9999971591212568
0.9999972894159327
0.9999971724507583
0.9999972302009915
0.9999972649274737
0.9999972468805716
0.9999971135327214
0.9999972749776084
0.999997320337955
0.9999972458922983
0.9999973805023005
0.9999974952094401
0.9999970706722942
0.9999972194631499
0.9999973271264936
0.9999971945582645
0.9999973773893076
0.999997220211067
0.9999972958421137
0.9999973175066467
0.9999972082517956
0.9999974581289891
0.999997158176752
0.999997295843722
0.9999972669038656
0.9999973302578999
0.9999973125821474
0.9999973466828541
0.9999972548208527
0.9999971499738186
0.999997137750978
0.9999972289583997
0.9999972712110057
0.99999736234814
0.9999972648087692
0.9999972880449327
0.030112779494171633
0.9999973401767425
0.9999973776733696
0.999997306865188
0.9999972530562459
0.9999972787253838
0.9999974091249368
0.9999975099003252
0.9999971266030618
0.9999972265326474
0.9999972651900866
0.9999972800341997
0.9999974120076152
0.9999971972067013
0.9999971327510953
0.9999971322466578
0.9999971956470551
0.9999972917621252
0.9999973313417624
0.999997286388133
0.9999973039056838
0.9999971910080225
0.9999972828775944
0.9999972583346033
0.9999974265548116
0.9999973942954264
0.999997363027513
0.9999973376500485
0.9999972756405376
0.999997243541552
0.9999972248797724
0.9999971460030974
0.999997211640645
0.9999972854166418
0.9999972892148644
1.1081185072231985e-05
0.9999973533398822
0.99999723156838
0.9999972892251111
0.9999972565467572
0.9999971130119805
0.9999972055523325
0.9999972391829494
0.9999972130347867
0.9999973134456127
0.9999973520051372
0.9999973048737514
0.9999972298077071
0.9999973058789462
0.9999971455835447
0.999997273495822
0.9999971580488228
0.9999974106927728
0.9999973839742966
0.9999973680509254
0.9999972237381842
0.99999715538655
0.999997252040782
0.24994377192132072
0.9999972015513064
0.9999972970301272
5.474679058483051e-07
0.999997275907794
0.9999973920423657
0.9999972419540227
0.9999972145072538
0.9999971451464796
0.9999973777488456
0.029886744250980556
0.9999973562974735
0.9999972661944497
0.9999971184719002
0.9999973568869648
0.999997213249142
0.9999970632342495
0.9999972287905391
0.999997331635666
0.9999972801071979
0.9999973380991662
0.99999725179373
1.0031109915892036e-05
0.9999973666308609
0.9999972572435967
0.9999972566194447
0.9999972642830274
0.9999972668427911
0.9999972545884073
0.9999972467942936
0.9999972968950851
0.9999972979313018
0.99999736625708
0.9999971871395953
0.9999971920394005
0.9999973585865495
0.999997142757309
0.0072342836171712015
0.9999972348541412
0.00011939515327533149
0.9999971838611426
0.9999973112348125
3.828262818853172e-14
0.9999973226717277
0.9999972127846394
0.9999972265392371
0.999997316845964
0.9999972746285357
0.9999972060535371
0.9999971920442027
0.9999972820709375
0.9999972614070616
0.99999738627547
0.9999972470679614
0.9999972873134546
0.9999973406931976
0.9999972203848848
0.9999972159008099
0.9999972887885351
0.9999973933906428
0.9999973103693993
0.9999971301263741
0.999997284884856
0.9999973152027709
0.9999971964088007
0.9999972047439523
0.9999974067406324
0.9999971088304814
0.9999972088187806
0.9999971594457117
0.9999970824379314
0.9999972454970246
0.9999972415588789
0.9999973390703831
0.9999973976068004
0.9999972440433821
0.9999973487695459
0.9999972968993293
0.9999972608370692
0.9999972919473537
0.999997453498557
0.9999973027913913
0.9999973049087076
0.9999972508615275
0.9999973714163851
1.57030592048993e-05
0.9999971999036349
