0.007472338314792191
0.9997320241763038
0.9997337252199507
0.9997315341780679
0.9997234531160937
0.9997358652569236
0.9997305553334445
2.2807334808423445e-05
3.4747378128759975e-07
3.7662260677146754e-06
0.9997284340204216
0.9997292682424948
4.3767706780395274e-05
0.9997279538571499
5.787534484536992e-05
2.5664986757421853e-05
0.999720760784647
0.0
0.9997231184419401
9.940777950627676e-07
0.9997323536805152
0.9997260690556263
0.9997328809345322
0.030882213395160098
0.9997258033285776
0.9997286974714577
0.9997272668935425
4.266916570359406e-06
0.24994233258388182
1.058803082124234e-05
1.3131444034383547e-05
0.9997303121294251
4.117446185010379e-06
0.9997367035475082
0.9997278850124827
5.613616577816717e-05
0.9997265641362386
4.013659557950075e-05
0.9997286933642681
0.03786416151546133
1.6734684581631894e-05
0.9997285481626826
0.9997247978860453
0.9997291264008246
0.9997259401931158
0.9997282031311242
3.170213012321367e-06
0.9997250892401572
0.9997317853644819
0.9997265699613578
1.4090539846674293e-05
0.9997278444317783
3.4473150226850376e-05
2.1425368751328784e-05
0.9997288169856031
0.9997297693231021
0.9997298642622208
0.9997270862841046
0.9997301889829292
0.9997268820136438
3.2695665405052193e-06
0.999726943738465
0.9997243510546027
0.0
4.842472189390111e-06
0.9997305711045359
2.7923869278570485e-06
0.0
0.9997276282871307
0.9997308751035661
0.05826666324553676
0.9997298236128737
1.0138544768974392e-05
0.9997250459741779
0.9997282871016896
0.9997229332345127
2.495451108000691e-05
2.359752234791843e-05
2.668031733052731e-06
6.278419788980185e-05
1.772424144611511e-05
0.9997272268941183
0.9997284370677432
0.9997259551013771
0.9997353077922837
0.9997213248320179
0.9997216463805098
0.9997248750607101
2.3327124983849827e-05
0.9997259325771424
2.5351585579303016e-06
0.0033426343034295273
4.8961220409510367e-05
0.9997254698421646
0.9997293289679466
0.9997326919225689
0.9997291626490872
0.9997289717640969
0.9997313022916042
0.0
0.9997260647292939
0.9997260743971856
0.0
0.9997326448056445
0.9997302530430185
4.386425201961967e-05
5.451345600040392e-05
0.9997293626216774
6.418758421326639e-05
0.9997234442735142
0.9997260018935215
0.9997289091200388
7.758979137937297e-05
0.99972961370166
0.9997306079989919
0.999727125649859
0.9997311680394223
1.6034289088613373e-07
0.9997223378237012
3.5738115862805164e-07
1.5093875051048078e-06
1.3330932072298496e-05
0.9997327480249333
0.9997213355746539
0.9997284802848941
0.00011108197717625433
0.999723091508842
0.9997290187758087
4.703625010181965e-06
0.058377495305257064
7.890319137630037e-06
0.999722965470187
0.9997332365153988
0.9997300162252152
0.9997302944417376
5.77124179002015e-05
0.006971654017614847
1.4161385609476611e-05
6.135778839168005e-05
0.9997289023829979
0.999729004585943
1.8753236825020452e-05
0.9997263700502087
2.0792680604961003e-06
0.999730097293173
0.9997216674709631
0.9997237893459532
7.058887693941978e-06
1.9334673666325636e-05
2.3313895361354528e-05
1.7417735318331056e-06
0.9997361606253126
0.0
0.9997318311352447
0.9997311364452036
0.004822950187243158
4.89576288321871e-05
0.9997238195460335
3.7774781101731216e-05
7.033966357390527e-05
0.9997259705618776
7.501074717312959e-07
0.00012866545799196315
0.9997278527533593
0.9997270538693135
0.00013859908477401728
5.881897713743747e-06
0.9997290675477003
3.4805439601635506e-05
0.9997276722537932
1.3606797358381022e-05
0.9997266016595655
0.0
0.999727672506755
0.9997234828085872
0.9997293886016504
1.879654000298852e-06
4.803062322938149e-08
0.9997319943028685
1.0854118228735942e-05
6.029401012223564e-05
0.0
0.9997275588878811
0.9997277825817361
0.002708491285218458
2.0188763617453377e-12
0.9997240389147738
0.9997284097275289
0.9997280621799736
2.2207963333784477e-13
0.9997288483591609
0.9997271318054914
0.9997278748185598
0.017869923704533604
0.999730357325088
5.019503188512826e-06
3.359803551481041e-05
0.9997307457910478
0.999727450510434
0.9997260803401974
2.4240704136732904e-05
1.5812413841962053e-05
2.5185141038625928e-05
0.9997246387344874
0.9997248030377459
0.9997257683160907
0.9997268661110165
0.999731365540487
0.9997311065472704
1.4291488591328633e-05
5.434914984629959e-05
7.893937608929145e-06
0.9997281723376608
0.9997313185278107
0.9997238372732526
1.2682488952042891e-05
0.00013254788345642269
0.999730666825249
1.2033783362618313e-05
0.9997230878621518
2.2950730714273695e-05
0.9997240499752635
1.8988572554305106e-05
2.959688283749586e-05
2.6912142101049686e-05
0.9997314665598618
0.9997305057966956
5.4321175616827264e-05
0.9997209947355743
0.9997338357902472
0.9997337630100535
0.9997289637868548
0.9997316026456813
0.0
0.11036894059617092
0.999728458451129
0.999729626899387
0.9997258163526928
0.9997298897708983
0.9997300244677237
2.2693777827000066e-05
0.9997274367401447
0.03917717476581757
0.999734970439681
0.9997296314316414
0.9997184292012229
1.8647773059245883e-05
0.9997285772773978
0.999730494208918
0.9997297906295473
0.9997238171026476
5.943774688143021e-06
0.9997292851589031
0.002446333457071574
0.9997265395753974
0.9997279907921781
1.5881384450920334e-05
0.02940746991815646
0.9997325885597133
0.9997262946232245
0.9997283469598397
0.01662156312111869
0.9997297712994616
4.155014992438665e-07
0.9997336907120157
0.9997303514856426
0.9997299232570495
0.9997275401270206
0.23885569567894183
0.99973030857658
0.24993034831310293
0.9997342405916472
6.678331561290438e-05
0.999729444710156
0.9997276080002944
0.0
0.00019029072906897272
4.352788792806144e-06
4.296287229637189e-06
0.999728521230867
1.8758704102867843e-05
0.9997295502229029
0.9997243191783248
5.077709618483554e-06
0.999730198990528
2.2724775164549612e-05
1.0987415691272437e-05
0.0029425970009168655
0.9997293212385076
0.9997303676018698
0.999728609058111
0.9997324931695326
0.9997281333949012
1.185468187571648e-05
0.9997276776498382
5.131926018747312e-05
0.9997283298325278
0.9997320064430826
0.9997217588545139
4.371022441352242e-05
0.9997351957486639
5.614416511750452e-06
0.00808012694665381
0.9997289519440524
0.9997245813316195
1.063556411810276e-05
0.00034071108171250986
0.9997299673048812
0.9997278951182883
8.04942506577184e-06
0.9997245252889748
0.9997295939753951
0.999729806247793
0.9997266040464462
0.9997281229211628
0.9997274880438769
0.9997271968436585
0.9997290951487656
0.9997273790735406
0.99972092701627
0.0001069063154117105
0.9997305868058411
8.429426621424313e-07
0.9997242149357856
2.736024080199011e-06
0.9997286425564449
0.9997213383487811
0.9997251172710955
3.7354934079015124e-06
6.0109373040864704e-12
0.9997217610508764
0.999727262741536
0.9997337070767948
0.9997313618349123
0.9997285002789464
0.9997225765135884
0.9997238725982113
3.908409080895372e-06
0.9997297138960236
0.9997320968973369
3.223416652550663e-05
2.1063495489155653e-06
2.5226163191826872e-05
0.9997261661724016
2.2065293807087215e-12
0.9997266522459809
0.9997310930557719
0.9997290326516142
0.9997299981011413
0.9997301605766541
0.9997327529244985
0.999726808444796
0.9997245520963401
1.9567803917775043e-05
0.9997260710356399
0.9997288817586267
0.9997256051945506
0.9997294573081892
0.9997253843937758
0.9997333538547847
2.3223926092197328e-05
0.999726640822274
0.9997285686025312
0.007279835800008131
1.7983790182032674e-05
3.919298612839841e-05
0.9997304725279149
0.9997271032966338
0.9997289593616141
0.9997289712837899
0.9997239829678395
0.9997282745542284
0.0
1.472905036546256e-05
0.9997244380007997
1.8607269408308522e-06
1.2242088741634139e-05
0.9997290415088979
2.151969807218243e-05
0.9997314162685698
1.0127052326167436e-05
0.9997275878183767
1.4370667277653745e-05
1.9812784814544384e-06
0.999732349939614
1.1592763858585684e-05
0.9997313516135478
0.9997219910039282
0.9997283875399556
0.9997284815674078
0.9997302862522252
3.927234617433774e-05
6.97304828471329e-05
0.9997304236531025
0.9997216590285998
3.1402221999842823e-09
0.9997286914757072
4.415978426719353e-06
2.645594513022368e-05
0.9997351581972223
0.9997263625587441
6.733016418192882e-06
0.9997337444390942
7.443703429670243e-06
2.2810204025398755e-05
1.7120066170894245e-07
1.4300217988332714e-05
0.11025019252630222
0.9997279069027019
0.9997255722357218
0.9997253376884062
6.061312616356865e-06
0.9997322276985682
4.500375456166392e-05
0.999726432705036
7.607988478538018e-06
0.006485615114192876
3.2273144317817395e-05
4.844798675660251e-05
0.9997270610678143
0.9997253924022483
0.030927190921405466
0.9997251924297803
3.3061734997207767e-06
0.00035234027948144757
0.9997281451323472
0.9997303730631159
8.620002940848211e-05
0.9997243625412845
0.9997280036790487
0.9997270842352507
0.9997330983230862
4.434285729920106e-14
0.9997294199153196
0.9997229496634933
0.0
0.9997255100676903
2.4967558725577584e-05
0.9997311070015609
0.9997293418554745
0.9997274842688058
3.077077007148725e-05
0.9997292591904334
0.006718224838266268
0.9997265333963995
0.9997299611808895
0.9997267298956999
2.3947386212572883e-06
0.9997283482268071
0.9997256034054708
7.886071285320981e-06
0.999731192052098
0.999727424144427
0.9997256552016193
0.999730036229984
0.999727853338633
1.8652052197073985e-05
7.10327759356536e-07
0.9997283256613958
0.9997284622800185
1.6805030074378808e-05
0.9997262498795593
8.02945711197718e-05
0.9997273994919839
0.9997265184083847
0.999728465813207
0.9997241795234182
0.9997266430984025
5.177680432127192e-05
0.9997255800533416
0.9997253371663356
4.19726129467977e-05
0.9997303770739071
1.7380742800637252e-05
1.593381227729108e-05
0.9997236959940559
6.259775621254509e-06
0.9997308033808222
0.0001406968063413163
0.9997267750287805
0.9997241754371887
0.9997268531791248
7.642621782463171e-06
0.9997267801380051
3.2597664277177854e-05
1.2302127131671588e-05
0.999731446843893
4.589074953646704e-05
3.638981586063699e-06
0.9997238780584339
0.9997293935793032
0.9997296303904563
0.9997297096722851
0.9997228559787334
0.9997276556649773
0.00015537810075721877
0.9997236960069473
1.7370551550316965e-07
0.9997259997809398
0.9997267606218544
0.9997254568001944
0.9997268101096695
0.0
1.5233499841062474e-05
0.9997262131173636
0.999725912437293
0.9997283186015778
0.9997288954206837
0.9997247076500346
8.590647865383558e-05
0.9997305279943637
5.3692168728407724e-05
6.320460486132057e-06
0.06198462871991719
0.9997285380908687
0.015555260773831925
6.080343789389762e-06
4.148315949343898e-05
2.5714411628215513e-05
3.0261257966907408e-05
0.9997286856237272
0.9997340022013967
0.9997292659189645
0.9997279050290258
0.9997288454800108
8.493576363972295e-05
0.9997292827856276
2.4540844319096383e-06
4.723253570832717e-05
0.9997317838012119
0.9997280210472517
0.9997288046279164
0.9997255803921626
0.999724166154543
0.9997305966371763
6.274274260964249e-06
0.9997262551856443
0.01562138089189958
