0.9999972213664492
0.9999972392036461
0.9999972221930143
0.9999972866307102
0.9999972277486433
0.9999970755625225
0.9999973080422866
0.9999971589336689
0.9999972442974885
0.9999971399571045
0.9999971266897382
0.9999973436480994
0.9999972651076464
0.999997244756589
0.9999972852005965
0.9999972245597888
0.9999971327768349
0.9999971786867268
0.0
0.9999972360555898
0.999997335725473
0.999997248581742
0.9999973215910278
0.9999972389646734
0.999997211256249
0.9999971666543247
0.9999971843641124
0.9999973140205884
0.9999973002583725
0.9999971348868854
0.9999973019654089
0.9999973357126668
0.9999972750821082
0.9999972084045605
0.9999972590804257
0.9999972099386755
0.9999972317253014
0.9999972305027398
0.9999973156976095
0.9999972400411598
0.999997337275293
0.9999972714450057
0.9999972898863695
0.9999973665287804
0.9999972898196416
0.9999972295072967
0.9999972931650446
0.9999973185792544
0.9999973224447976
0.9999973935081583
4.19829116806646e-08
0.9999972662807013
0.9999971734594619
0.9999972150431243
0.9999972129495881
0.9999974372304795
0.0
0.9999972868778892
0.9999973496193151
0.9999973186706873
0.9999972901901003
0.9999973352289735
0.9999972627517701
0.9999973964962611
0.9999973244848378
0.999997393641893
0.9999972290086472
0.9999972502696131
0.9999972332121743
0.9999974117103273
0.999997465597984
0.9999972438032161
0.9999973733748018
0.9999972261771548
0.0033992429888152712
0.10417029227243979
0.9999971708569186
0.9999972960334487
0.9999974541579227
0.9999972727876785
2.025749130992285e-05
0.9999973032973486
0.9999973094189968
0.999997172661011
0.00011992625990015778
0.9999973715925906
0.9999972635244638
0.9999974974062228
0.9999971628716874
0.9999973017176295
0.9999971457784174
0.9999971016110155
0.9999971291558704
0.9999973203933351
0.9999973725424404
0.9999974129432999
0.9999972958194073
0.9999973284639626
0.9999972536427768
0.9999971028760677
0.9999972192733901
0.9999971947719997
0.9999972997000878
0.9999973578640118
0.9999972657788627
0.9999973703151139
0.9999971582732321
0.9999972817603369
0.9999972221350806
0.9999971540763848
0.9999972095697582
0.00014834235738777168
1.2288046205334123e-05
0.9999972959279296
0.9999971848072591
0.9999973757969157
0.9999971740943541
0.9999973445707393
0.99999731064212
0.9999971609620333
0.999997277184298
0.9999973408218462
0.9999973419498533
0.9999973974694676
0.999997240656911
0.9999974108518431
0.9999974168008676
0.9999973504553048
0.9999971730708795
0.999997423198203
0.999997169135794
0.9999972308951611
0.9999972214098446
0.9999972530743241
0.9999973016221606
0.9999973157753763
0.9999972129353519
0.9999974359610269
0.9999971844766078
0.9999972145586279
0.9999972395318909
0.9999973031684598
0.999997311222517
0.999997342752339
0.9999972176488976
0.9999971039445195
0.9999972116866694
0.9999972968161905
0.9999973361297009
0.9999972348919847
0.999997246284838
0.9999972247095466
0.999997236413604
0.9999971784076594
0.9999970270913912
0.9999972980752833
0.9999971912554148
0.9999973668920252
0.999997303031097
0.9999972413924785
0.9999972258883564
0.9999972774584177
0.9999973068481443
1.1422772648364736e-05
0.006206888871714379
0.9999973260171992
0.9999972836297654
0.9999973549725321
0.9999972101720063
0.9999970184496592
0.9999972013876127
0.9999971228468267
0.9999973793650959
0.9999970795703917
0.9999973192179524
0.9999971164415795
0.999997190794438
0.9999971536524387
0.9999971780583805
0.9999972660246376
0.9999973267505131
0.9999973768480315
0.9999970828909026
0.999997234249269
0.9999970663574911
0.9999974061583015
0.9999972684795962
0.9999972095144669
0.9999971927936105
0.999997209670846
0.9999973369588536
0.9999971782064065
0.9999973773226541
0.9999973192213231
0.9999972544023464
0.9999972856729271
0.9999972477685669
0.9999973510459615
0.9999973064349662
0.9999972747973218
0.9999973296547328
0.999997101152493
0.9999974252991303
0.9999972539611917
0.9999972544578304
0.9999972633503962
0.9999972123973824
0.9999973007369422
0.999997138870388
0.9999972934854958
0.9999973849022744
0.9999971585988963
0.20598063091532354
0.9999971581393505
0.9999973866880929
0.9999972001310984
0.9999973103624618
0.999997094428885
0.999997326565571
0.9999971026806408
0.9999972570788602
9.959158138691402e-06
0.9999973347980998
0.9999973881477354
0.9999972727615495
0.9999970759373215
0.9999973156954104
0.9999973430118797
0.999997332730914
0.9999972899528413
0.9999973153180239
0.9999973198658968
0.9999972855289418
0.9999972712881299
0.9999972019614577
0.999997320627591
0.9999972842806538
0.9999971834754547
9.980403990070741e-05
0.999997462103281
0.9999973049638932
0.9999974085429004
0.9999971905323999
0.05684276397734369
0.9999974066986623
0.9999971587298231
0.9999973966098843
0.9999972743504945
0.9999972770404622
0.9999973353767613
0.9999973818173302
0.9999972388678885
0.9999973032766651
0.9999971947052423
0.9999974541868708
0.9999971437691615
0.9999970251718096
6.589515318841048e-06
0.9999972771427098
0.9999971978809342
0.9999972169537618
0.9999973223743702
0.9999973843151111
0.9999973850298598
0.9999973787275789
0.9999972718902393
0.9999972268394043
0.9999974164706558
0.9999972769443665
0.9999972028940067
0.9999974195988452
0.9999972237764951
0.9999973860989254
0.9999973201030479
0.9999972261156389
0.9999972808245547
0.9999971028764265
0.9999974077895081
0.9999973967410201
0.999997358630403
0.9999972079365211
0.9999973482346245
0.9999973464278962
0.9999972060671882
0.9999973348361993
0.9999973836097856
0.9999971975809995
0.9999972666550621
0.9999971980643513
6.3369105860504e-06
0.9999973636208767
0.9999972104300198
0.9999971891461304
0.9999973557247063
0.9999972731792587
2.1981462238144474e-05
0.9999972261604724
0.9999972855782474
0.9999972985895583
0.9999972577407861
0.9999973219672962
0.9999972747818524
0.003910913029368947
0.9999972460135919
0.9999974030486366
0.9999973812964205
0.999997327919198
0.9999971052390525
0.9999972237758112
0.9999973334816193
0.9999972229820058
0.9999971912195212
0.9999973044126311
0.9999973036529396
0.9999972723824379
0.999997390175485
0.999997246411529
0.9999972015556123
0.9999973570704418
0.9999971323924849
0.9999973777268818
0.9999971758612942
0.9999974782306307
0.9999971409454157
0.999997281777578
0.9999972707218652
0.9999973397475534
5.466045564546016e-06
0.9999972162390736
0.9999972578414744
6.48802284685311e-05
0.9999973542399431
0.9999973702444632
0.9999972469814752
0.9999972020263191
0.04756577131137425
0.9999972285665402
0.00012273103278363036
0.9999973108246327
0.9999974092518953
0.999997193476792
0.999997108616813
0.9999972796839838
0.9999973209998646
0.9999973237862838
0.9999972665462448
0.9999972051670284
0.9999973031862911
0.9999973292644599
0.9999972792006275
0.9999972146578915
0.999997323640983
0.9999973025511694
0.9999972091613148
0.9999971511411512
0.9999973288312173
0.9999972198063781
0.999997196734698
0.999997291377185
0.9999972840434905
0.9999973250811671
0.9999970748104923
0.030187707964403284
0.9999973277342993
0.9999973309027681
0.9999972506073023
0.9999973090356027
0.999997339520445
0.9999972728611738
0.9999972278424486
0.9999972373941755
0.9999972053938224
0.9999974607188231
0.9999971555957264
0.9999972779863118
0.999997364529448
0.9999972011488685
0.9999972553951618
0.9999972498875344
0.9999970041365998
0.9999973192452329
0.9999973430869438
0.9999973394074191
0.9999972586311271
0.9999971660493189
0.9999972084340834
0.9999972738398023
0.9999973003898203
0.9999973484811845
0.9999972486977188
0.999997160301457
0.9999972318276805
0.9999972018564723
0.999997444981604
0.9999971546956339
0.9999972905698248
0.9999971400962653
0.9999973435968503
0.9999974162627323
0.9999973348590786
2.5266051891052953e-05
0.9999971367617831
0.9999971866975756
0.9999973124442255
4.5520418274319275e-06
0.999997182318312
0.9999972363851548
0.9999972179147026
0.9999971172566534
0.9999971395579578
0.9999974446198223
0.9999972760189696
0.9999972833013019
0.9999972721350439
0.9999972721759769
0.999997274462558
0.9999972165958481
0.9999972095708067
0.9999973852737648
0.9999973401884442
0.9999972322466442
0.9999972047680008
0.9999973637827516
