0.999724457678352
5.186801124524752e-05
1.1689148057904483e-05
0.9997316030176805
0.0
0.9997241183412766
0.9997243225031545
0.9997273819372229
7.232881584928191e-07
0.9997297280286113
0.999730444351159
0.9997293547598771
0.9997309713326388
0.9997290281347727
4.943125592511435e-12
0.9997227131007917
0.999724453553343
0.9997226421888089
0.9997286301746965
0.999726296348188
5.947452632795457e-05
0.9997305671504372
0.9997290894881199
2.2191428347548386e-12
9.001883305824031e-12
1.388798809945512e-05
0.9997301762826619
8.770601510124154e-07
0.9997264390129768
0.9997253182417687
1.9664070695011318e-05
0.9997266520029934
5.851030839295273e-06
0.999724506270227
1.2823325665316158e-05
1.3120624379305763e-05
0.9997337371807288
0.9997276610503336
0.9997188805820678
0.0020197737977579373
0.9997282362483781
0.015367477787916077
7.726340236800122e-05
0.9997269610114691
0.999728938125391
0.9997316446117953
0.9997296002628121
0.9997266623673615
1.7859154409678308e-05
8.844468107037613e-06
0.9997250274237138
0.9997284056295528
0.999727091396353
0.0002503444386859532
0.9997242607912563
0.030165812770931905
4.0034413849945554e-06
0.9997282152851193
1.0246570499508672e-06
0.9997257268048494
0.999731368000613
0.9997238746236949
1.8368635040663243e-06
0.0004717305930756772
8.780780193498213e-06
0.9997335479389236
1.3432440058717923e-05
1.673225732311987e-05
0.9997308334305289
4.505568804123594e-06
4.510317674061752e-05
0.0
0.005158942507248656
2.1318564974925213e-05
0.006954568374026423
1.1272614967476402e-05
2.1878926126261187e-05
3.147931853834883e-06
0.9997239578342031
1.8845881310783578e-05
0.9997278450269385
0.9997278192996283
5.435484311237019e-06
0.999732677692242
1.711437327674359e-06
0.999729564835483
0.9997314366458039
1.1651050028734955e-06
7.171774747748479e-06
0.9997323166485258
2.0629043141789517e-05
9.937298602774622e-07
2.057532315050621e-05
0.9997220756224908
0.9997301461023286
0.9997316189289412
1.1485750039608122e-05
0.0014336718374537924
0.9997340973759326
0.9997310091618299
0.999722905451511
5.360696919741438e-06
0.024599678486440103
0.0050307845816475304
2.1145891054513776e-05
0.999725696332254
0.9997233503901667
0.999726302072612
0.9997244541675022
5.8249672666036734e-05
0.9997250952609119
9.631063092788613e-06
0.9997284134596393
0.0016433156996702727
0.9997250463542691
8.100330364189239e-06
0.9997266452088848
0.9997276817187386
0.999725543494981
1.9388019531355274e-05
0.24995226896528927
1.5992531234206389e-06
0.9997320435739304
8.3294519296493e-06
0.9997268972043408
2.2257383744868978e-05
0.9997266636759605
3.438810112365278e-05
2.8546119415117745e-06
0.9997232016932828
9.043600040137655e-06
0.9997260545385035
0.9997236713181423
0.9997275284158134
0.9997318883861502
1.137406098871891e-05
0.0037917554298027884
0.9997223948618577
0.9997242625416813
0.0008531032842763443
0.9997291159038602
0.9997294918235793
3.9879370273282266e-05
0.9997322934031113
1.7123959904025796e-12
0.9997246108941176
0.0011142656337593437
0.9997257868485743
2.6585798767178825e-05
0.9997268222654396
0.0
1.7710085895840582e-05
0.9997288863640762
0.004012235515527394
4.881025207895491e-05
0.9997322246496206
1.270983003978578e-05
1.7783279325868965e-06
0.9997284438752551
0.014690207474729135
0.9997273895983314
0.9997212763870377
0.99973024367309
0.9997267115144779
6.235689653718383e-05
0.00986064004544529
0.9997281807758762
0.9997292174659919
0.9997257957661646
1.1988846910074084e-05
5.741591876976961e-06
8.646483793362536e-05
0.9997313453190418
0.9997322479929435
0.9997307037659986
0.9997267084563098
0.9997298686041796
0.9997283031240706
0.999730282206472
0.9997271183535377
0.9997301352511252
5.415478540776953e-07
0.9997233680099926
0.9997328312545
0.007115019181373311
0.9997287484025041
1.994320124082909e-05
0.9997255344555843
1.4851782356928799e-06
0.9997360629760468
0.9997293963268576
0.9997330686228983
0.9997339734473923
1.2529843423001394e-05
7.160546359921241e-06
5.377254604178254e-06
4.389150781733656e-05
0.007819210368147464
0.9997259887744766
1.4956287931779216e-05
0.9997289280840888
0.9997318431064548
0.00018078967895258176
1.1566859615076677e-05
1.896289848203671e-06
0.9997247766854882
7.718650889738559e-06
0.9997320928046981
0.9997325600462827
0.9997192732508304
0.9997272835669634
0.9997305782914971
0.9997330070976557
0.9997252656076737
0.9997273164278078
0.999728021028941
0.9997284166756562
0.9997268367079515
0.9997242901233192
0.013548243101768422
0.9997241161652637
0.9997319307948151
2.2113400384498227e-05
0.9997263624720814
0.05795908593748703
0.9997254292537331
6.103090138153035e-06
0.9997292726965114
0.9997253600168344
9.524678944260013e-07
0.9997269481895291
0.9997275080017869
0.9997228509734869
0.9997346236876707
2.062562579939778e-05
4.468286464161658e-06
1.0813577147851744e-06
0.9997278593969796
0.9997338370646935
0.9997260056340245
0.9997366701428051
0.9997292909873845
0.9997255469789559
2.9921977780745663e-05
4.5424619058009504e-06
0.9997291864018064
0.24966951465266937
0.9997245590543173
7.853395423450064e-05
0.9997259654760665
0.9997302363351181
0.9997232948135459
0.9997231147072724
0.9997285329128038
0.9997284309059635
0.9997255377784556
0.999727582091126
0.004791717249162427
7.121881635849191e-05
0.9997280936181994
0.9997336338710519
0.0022467269384155767
0.9997288851008992
6.567360679720922e-06
0.999726227859557
0.9997255483606402
6.74405341314572e-05
5.021331801429652e-05
0.9997283659544016
1.0764284434620873e-05
1.907660238347562e-06
0.9997272786182055
5.475936114408171e-06
4.97625991980275e-05
0.9997267470897727
0.051571605529198344
0.9997289924738533
8.422021320992613e-05
2.244514964078282e-06
0.9997316660512843
0.9997286374730606
2.408041838426867e-06
5.207825262845166e-06
0.9997309278930697
0.9997271446083202
4.744047141040924e-05
0.9997273303452628
0.9997304028069864
3.777135342210719e-05
0.0005234553705406913
0.007796193843894734
0.9997283704672952
0.9997213881794742
5.9866314687404016e-05
3.3649033053418796e-05
0.04125636746856948
0.9997315575086845
0.9997334956500797
0.00025931717087915464
0.9997263310019986
0.999730087724385
0.9997314735030624
0.9997298715114268
0.9997255710473216
0.9997272862776537
0.0030042921052560482
0.9997302902480014
0.9997282651040804
7.428780282060947e-07
0.999726161947784
0.9997254877037686
0.9997285076676234
0.9997295371481986
0.9997292152726802
0.9997277214301271
3.8246017351565774e-05
2.2648772431548673e-05
0.999727094500279
0.999730457613773
0.9997296032249684
0.9997282692128069
0.0
0.0
0.9997209624042067
0.9997261550903916
2.8578592321013374e-06
0.00014079926561372453
0.00033795780210397715
0.9997186221065528
0.9997252738575729
0.9997334789284551
1.3148881693447158e-05
7.890189721191618e-06
0.9997249964846758
0.00033424880277615625
0.9997241290579495
0.9997323909718709
5.293690695395736e-05
0.9997369636785892
0.9997298739001732
0.9997273455383876
0.9997279998129041
0.0001278791761803446
0.10255680890539114
0.9997300272882663
0.9997309994379245
0.9997355794747853
0.9997266965263945
1.576118725935792e-05
0.9997309017031687
0.016754403546663958
0.9997259205936952
0.9997302633271616
0.9997283762483861
7.835140902319086e-05
2.865477496567599e-05
5.5282491689291775e-11
0.0009235906294711746
0.9997293919042681
0.9997247226926426
0.999728858927202
0.9997256925991834
0.999730553701563
0.9997209638396543
0.9997269119683593
1.9999931579232815e-05
3.890047228892022e-05
8.631469931097222e-08
0.999725907912511
0.9997286213223628
0.9997236092695905
0.9997244732903618
0.999731094322361
0.9997295991560601
0.9997297880426944
0.9997277554680785
0.0016877858635863383
0.9997280232687908
4.565753177680415e-06
0.9997279561946348
0.9997272491488826
5.363068632522498e-06
2.1639398809806608e-05
0.9997268865767386
4.047609897451441e-12
0.9997279305146808
0.9997293757922454
0.9997270518172582
0.9997208154863367
0.9997335932432886
0.9997258665375035
0.2502699523173999
5.878173523934658e-05
0.9997270147400974
0.9997238413944404
0.0
2.0130415396242623e-05
0.9997238791203181
0.9997273481577422
0.9997248467384684
5.09751016214195e-06
5.906331741435903e-07
0.9997282986908121
0.9997285792875036
0.9997321140552119
7.48429108907654e-06
1.142545058749132e-05
0.9997309008298554
0.9997292059592213
4.988485040811768e-06
0.999723275921591
2.2593294367025833e-05
1.7753899803383663e-05
0.9997278136330839
0.999728850015127
0.9997251038607803
0.00014375756102895306
0.9997284064373189
7.247206933366788e-06
3.4685509927480997e-07
0.9997249591656053
0.9997274928680432
2.3508716537950304e-05
0.007359236181236402
4.977637341418714e-06
0.9997349330115273
3.3522604303253585e-05
5.844907465779423e-06
4.664298674062746e-05
0.9997243049035767
0.9997261882559809
4.764894063980613e-06
5.428335828639537e-06
0.9997298258606274
0.9997295032779497
2.090275854676471e-05
3.953674720617786e-06
9.067986288324855e-06
0.9997289304459959
0.9997226442245539
2.6615973851467038e-06
0.9997256156495108
0.9997315235536167
0.9997255577537192
3.9636640438435685e-06
3.360317776679563e-05
0.9997208673333955
2.4573909627910016e-05
0.9997259021284048
0.9997274180758104
0.9997275562742838
0.9997263299917343
0.9997312144400228
0.999731880095985
0.999729017416527
0.9997296131934937
2.3625580829298976e-06
1.0611929445432595e-06
0.9997299667529101
5.8382717184952294e-06
0.999727256987251
0.9997287743722771
0.9997271522729271
0.029600029666794443
2.6117585338813105e-05
4.122189707480101e-05
0.9997287355752594
1.1570116960718298e-05
0.9997225750640731
0.9997253709061922
5.593455203243167e-05
0.9997310839038323
0.9997299953636161
6.642883556320004e-06
2.876241592733073e-06
1.613400701944905e-05
4.248289156624787e-05
0.9997291092888434
1.260947193846218e-05
0.9997281940346741
0.037401056145800964
0.9997296492332971
0.9997301242142074
0.9997296040328284
1.4074709531450666e-05
0.15654669824256104
0.9997284595750078
2.6220532183568836e-05
3.5176657530397095e-07
2.8578047319143585e-05
0.9997310240886109
4.3068886669949195e-05
5.2196232210032344e-05
1.4558580215580825e-06
0.9997245841558077
0.9997252904858676
0.9997320389835023
0.9997292659687206
0.9997319459104312
0.9997256559241412
2.545271625687741e-05
0.9997253125607396
4.0993090084993486e-05
0.9997293861490676
2.373884146781145e-05
0.999729586433994
2.938940498798172e-05
0.9997261704513903
0.023337835902058953
0.0
0.9997270393019128
0.9997268277835545
0.999726566103597
3.705930363338767e-05
0.9997243204486068
0.9997264475195489
3.5411271888843224e-05
0.9997322158072589
0.9997224146139211
0.9997267742214798
5.838022026172385e-06
0.9997211295420644
5.1326630450205716e-05
0.9997297371002012
0.9997327882434961
0.9997300710523925
0.9997315214289102
6.238250177425476e-05
0.001886378694763703
0.9997289352234411
0.9997239352080438
1.58143275125828e-05
0.9997301986573173
4.9239789374780657e-05
0.9997327664524123
0.9997258871699488
0.0
2.1707945851679793e-05
0.9997272909841457
0.9997277706687995
