3.5545549086162944e-05
0.9999972596373792
0.9999972447158089
0.999997316542197
0.9999972552700442
0.9999973234509507
0.10277477501415451
0.9999971486802174
3.493691116638208e-05
0.9999972108395825
0.9999972578149509
0.999997289159954
0.999997239998975
0.9999972970987167
0.9999971405280779
5.821081529104223e-08
0.9999973189667628
0.032463630542536336
0.9999973658177251
2.2552690635761268e-05
0.999997211757957
0.999997199014992
4.926482779486583e-06
3.0517326309341455e-05
0.9999972499729195
0.9999971576167878
0.9999971272798555
0.9999973499408084
7.404591800515054e-07
0.9999973776621066
0.9999973159308639
0.9999972860903222
0.9999973067401384
0.9999972512936987
4.373271240126547e-06
0.031166102861337395
4.375725982261199e-05
0.999997283972342
1.0858981713675926e-05
0.9999972228823436
0.9999973405459182
0.9999972997035479
0.9999972525152703
0.9999972456807585
0.9999972359311529
0.9999972481244392
0.9999973079294285
0.9999974797045285
0.9999972564887506
0.999997201202815
1.0739967920368898e-06
0.9999971367923695
0.999997197940443
1.1331278807600012e-05
0.9999974006115145
0.9999972798142467
0.9999972522807449
0.999997188100605
0.9999974215479773
0.9999974192057064
3.672959726050153e-06
0.999997117272842
0.9999972304082673
0.9999972198567791
0.9999971552129973
1.0096134314146232e-05
0.9999972643024685
0.9999971371728588
0.9999973385420555
0.9999972161683323
3.353591090150213e-05
2.4623017464057647e-05
0.9999971096306113
5.948413416775588e-05
2.6950418534230254e-05
0.9999972331080399
0.9999972612308878
0.9999973439941255
0.9999971747285537
0.9999973398667932
0.9999973728781429
0.9999972342795419
1.2006231148928658e-05
0.9999972993074895
5.047132743124541e-07
4.884034255858756e-06
3.2464795076617937e-06
4.215220057121052e-06
0.999997122493831
1.4836719616401802e-05
0.9999971802093989
0.9999972638092344
0.9999971943902531
3.1741804185946637e-06
0.999997350875034
5.5202910324618784e-05
0.9999972021568414
8.868496133953514e-06
1.0322214077460415e-05
0.9999972005104294
1.0862181935619584e-05
0.9999971324384505
0.999997138323947
0.9999972563349163
0.9999972406007469
0.9999972439724472
0.9999973919270148
0.9999973159075476
9.160003474018598e-06
0.23617181545723007
0.10357511132287951
0.9999973230062708
0.999997336832262
1.545122971276524e-05
1.1930539177554565e-06
0.9999972102769544
0.9999972170276421
0.9999972079070919
4.7954544624892834e-05
0.999997137245425
1.751966308217038e-05
0.9999971654726163
0.9999972786475939
0.9999973824515829
1.5394440987565382e-05
3.796790696069631e-05
0.9999972688078941
0.999997175873734
4.7705767598228426e-08
0.9999972824800752
0.9999973324597077
0.9999971880372042
4.1527117798954724e-05
0.9999972996564213
0.9999972802734005
2.819055027091301e-05
0.9999972469416035
0.9999974047728453
0.9999973334613727
1.7797505182743586e-06
0.007576388104827528
0.999997415360797
0.003374694772595681
0.9999975351485407
0.9999971732415697
0.9999971805308892
4.879520408772474e-06
1.607320877832761e-05
4.167636194377005e-06
0.9999972300187661
2.040987270828222e-05
1.4803228941946691e-05
0.9999973335683436
7.5935548078553615e-06
4.2225092472425296e-05
0.9999972540634848
1.0342854163024846e-05
1.2229717850838452e-05
9.488194566222091e-06
7.24162079169111e-06
0.9999971570720678
1.2388413385086216e-06
2.1544381317351352e-06
0.9999973040969425
2.5040028080106136e-05
0.9999972573540918
0.9999973551252981
0.9999973313371512
0.004589186404197614
0.999997318600798
0.9999972443904962
0.9999973934416803
7.6264884482335306e-06
0.9999973183781526
0.007252533975993079
0.9999972837897545
0.9999972073649023
0.999997275325169
0.9999973419363368
1.1815705050197264e-05
0.9999974259168609
0.9999971859261105
6.516019514624165e-05
0.007971620236504207
0.9999972244522796
0.9999972406591776
2.4939629525749302e-05
0.9999973406010005
0.9999972703870035
0.9999972871606344
0.9999973746855593
0.9999973310629247
0.9999971459219014
3.9489901175994966e-05
0.9999972717293076
5.177352605146644e-05
0.9999971387086647
0.9999973364030632
0.9999970978643817
0.999997372424195
0.9999973176128496
0.9999972965652834
0.9999972407897948
0.9999972680742091
0.9999973406212895
0.00015083446154286952
0.9999971640609786
0.9999973115670099
0.999997360889191
0.9999972444461915
0.9999971923675613
0.9999971492183499
0.9999972021545588
9.660623989461037e-06
0.9999972449328935
0.999997296908426
0.9999973063042616
0.9999974781964791
2.7013850120161827e-05
2.3189218244749456e-05
0.9999972229658811
5.850346846016109e-06
0.999997194441264
0.9999972854042996
0.9999972514444656
0.9999972320636483
0.9999972313502247
0.9999971854572631
0.9999973268900995
4.601960672164515e-05
0.9999971649464422
0.00807834921379304
0.9999972615259153
0.9999973657180563
1.2235245203761159e-05
0.9999972342637743
0.9999973325961238
0.030545706108334306
0.008056992306334077
0.9999971877190396
3.822464108282209e-05
8.90878145125542e-06
0.002275306179774511
0.9999973693436238
0.9999972313157578
0.9999973053883806
0.9999972985915885
0.9999972777598259
0.9999972439643261
0.9999972270312208
0.9999972042669214
0.999997369073703
6.952298582002791e-05
0.9999973019300668
0.9999972921353409
0.9999972291539225
0.9999971843182633
0.9999971789963844
0.9999972708158795
6.732635842368914e-05
1.1756005095768231e-06
1.7897596238032784e-05
1.3618031167460257e-06
0.9999971808016662
0.9999973020626755
0.9999972841560544
4.6052303377744674e-06
0.9999974003721805
0.005797594518893053
0.9999972639995298
0.9999972214802213
0.9999971620053679
1.9019526376224297e-05
1.4585547044355593e-05
0.9999972327813319
0.0
0.9999971631938301
2.007264596454475e-05
0.9999973207012475
0.9999972050129934
0.9999974355761567
0.999997168367431
0.9999973787584089
0.9999972293570023
0.9999971718984142
0.9999971318702925
0.9999973195432478
0.9999972711548479
1.2711743643438543e-05
3.812449121464452e-05
0.9999972989776065
1.591218215878806e-05
0.9999973601064528
0.9999971192314995
0.999997343125944
0.999997178849809
0.9999973108619902
9.813195968321278e-06
0.9999972414271419
0.9999971945594058
5.6353633121745996e-05
0.9999973467211385
0.9999972114449613
2.235641563325087e-05
0.9999973316165333
0.9999971994648528
1.609399289432328e-05
0.9999972222693001
0.9999972393690842
0.9999972218086932
0.999997206513658
0.008195440235024245
0.9999973057793957
0.9999972920307233
0.9999972147739444
4.630017147384074e-05
2.0343747830102756e-05
2.5360244080492957e-05
0.9999974086965572
0.9999971870778729
0.9999972406536121
0.0036383599599519546
7.593088137716722e-06
0.9999972863023884
0.9999973292284114
0.0033883598992187334
2.2598015439746517e-06
0.9999972803394099
0.999997230221274
8.932193232906834e-05
0.9999972843301496
1.4853009846718707e-06
3.758487312446118e-06
0.9999972350975648
0.0015705603259695492
0.999997324771869
0.9999973020969766
4.009215532863682e-05
0.9999974196783646
0.9999973308503741
0.9999973622703079
0.9999973540056382
0.999997220954168
0.20592110468225341
0.9999972235830834
0.9999973551481824
0.9999973938442812
3.424189557883134e-05
7.0011616982498296e-06
0.9999971493429859
7.722491133404157e-06
1.1341968192784577e-05
0.9999973147542472
0.9999971837164541
0.9999972705272115
0.03312260490127666
0.9999971665931797
0.9999971973381392
0.9999972640414685
0.9999971764850533
0.9999972576906067
0.9999972339225126
0.008948727297135412
8.643511057301e-07
0.9999972372376549
2.0132518274622278e-05
2.2419209582293638e-05
0.9999973443463211
0.999997413108127
3.210411541693853e-06
0.9999972718522048
0.00011062285067807397
0.9999972745816839
1.9564987092358576e-05
0.9999970472684715
0.9999973008077989
0.013807421010356417
5.621941317313165e-05
0.9999972222429893
0.9999973171679231
0.9999972480291139
5.5213965421905045e-05
0.9999972519129587
0.9999973649680859
0.9999973130335904
0.9999973151542714
0.9999973539520994
0.9999973241602994
0.9999971378179974
0.9999973366358966
0.99999723579667
0.999997285976392
0.9999970746603912
0.9999972784034755
0.9999971945125069
4.44382924629609e-06
1.543704600826794e-06
0.9999972373026268
2.9420199604519832e-05
0.9999972616539675
0.2500138574731106
2.0219756529392074e-05
8.70335427583967e-07
0.9999972503800755
0.9999973328864236
0.9999971633286044
2.1809576948909218e-05
0.999997413175008
1.1054823963198125e-05
0.004419870934254895
4.533802752259655e-05
0.009138099218716077
0.9999972269855318
1.6837902860735409e-06
0.9999972303429929
0.9999973960848692
3.072309907487036e-06
4.1270645378562624e-08
0.05104597753750921
0.9999972141502398
