0.9999972720988878
4.382174224847091e-05
0.9999974297173913
1.007440139228327e-06
3.254391658533027e-06
0.0012195068981511693
0.999997436882104
0.9999972085486489
0.999997297631587
0.99999724258945
0.002158377607034096
0.9999973277070526
2.394353243590316e-06
0.9999973655362198
0.9999974443986016
0.9999974124141887
0.9999973012145983
0.9999974398188292
1.0402981306947044e-05
0.999997338731095
5.455611880928686e-05
5.142743881637062e-05
0.9999973939100806
0.9999973624614243
0.9999971504264035
0.9999973310071922
6.7393326231073964e-06
2.3907092735356747e-05
0.9999973733200151
0.9999973528352596
0.9999972837202169
0.9999973093394725
0.999997309089221
1.4804545153079326e-05
6.85809502950762e-05
0.9999974157011661
2.610563972882987e-05
0.9999973422016135
0.0032971705233664174
0.9999973056224579
0.03178721410477775
8.12745716174564e-06
0.999997422632775
0.999997409376565
0.9999972660511224
0.9999973172027875
0.00015869311145927948
0.008253930076694754
0.9999972742020397
0.9999973879857561
0.999997278171334
0.9999973594503072
0.999997350116604
3.0348484558794966e-06
5.5032286084501604e-06
0.9999973761994287
9.555335441441512e-06
0.9999973849169214
0.9999972460964193
0.9999973325797855
5.230171359421191e-06
0.9999974576308454
1.9009659111029566e-06
0.9999973137551813
2.7667905838585437e-05
0.9999973001696116
0.9999974922066877
0.9999973476194781
0.9999972665091351
0.9999972734868274
0.999997429574013
1.8575566472445147e-06
0.9999972291422975
5.884269308661191e-05
0.9999973338157456
0.9999973628264477
0.9999973646551402
2.15946090416606e-05
2.3096761040369684e-05
0.9999974418237281
0.9999972115233607
0.9999973266645911
0.9999974300354825
0.9999973096566037
0.1099606083040501
0.9999974417335277
0.24999950204259808
2.1585819461027373e-05
0.0077299991120563655
0.9999973850189787
0.002147202327372962
0.9999973117288111
2.030598342271676e-06
0.9999973971447489
0.999997298961417
0.0024154557146281136
2.389898146132401e-06
9.258360798805434e-05
0.9999972609188734
0.9999971232040952
0.9999973757101994
0.999997277243112
2.895457448842177e-06
0.999997455550847
0.9999973733915034
0.004495409172167296
0.9999974268465618
0.9999974205962159
1.5529032955518373e-05
0.9999973578357575
0.9999974021562
0.9999973689343542
2.875703310020329e-06
3.0936725507147946e-05
0.999997350258006
0.9999974687962266
0.999997414868033
0.9999973405419855
0.9999972023509783
0.9999972033115836
1.7361883217436482e-05
0.9999973143687594
0.9999972847521896
0.00015018261970397873
9.8170125153742e-05
0.99999743079521
0.9999973165316737
4.999062860140996e-06
1.438497322487498e-05
0.007605366633295129
0.9999972179924175
0.999997377181384
8.501750260228833e-07
6.504986674841903e-05
0.9999974037169402
0.03661635118042832
0.9999972604186194
0.006806834037202016
7.765755319162251e-06
1.8790946488511693e-05
0.9999975122992186
0.9999974714545369
0.007719824062516079
6.844329576779384e-06
8.56904581015529e-06
0.9999974627645494
2.1934032387694947e-05
1.8712366146821876e-05
2.7505831311340026e-05
0.9999973554100862
0.9999973609039617
1.685043986589862e-05
0.9999973492522272
0.9999973303983447
0.999997329994902
0.9999971178788029
0.9999973770451054
0.9999971046149284
0.9999973471050942
2.2136971805508643e-05
0.9999974020977855
0.9999975142513062
1.4207365011178493e-05
0.9999973278356332
0.9999974195045068
0.9999975423531385
0.2500022233612799
0.9999973588512345
0.9999973431904431
1.8604573988289505e-05
0.9999973700139694
0.9999972302046666
0.9999973924162452
0.9999973080168678
4.5878924120291334e-05
0.999997241635482
0.9999974584084059
2.3952377262866895e-05
0.9999971866083713
0.999997488871763
0.99999736035073
0.9999972368158289
8.915558540365694e-06
0.9999973137277262
0.999997228872596
0.999997392828152
1.5634639993262656e-05
0.9999973488499648
1.0142389560159464e-05
6.518636198432128e-07
0.9999972688708272
0.9999972510096565
0.9999973451234667
0.9999973616515624
0.9999973210345411
0.0
0.9999972666446693
7.564457498782506e-07
0.9999974172066232
0.9999973476461524
0.9999973011061334
0.9999973583529138
6.399573119083498e-05
4.667302827469261e-05
1.0897110848628825e-05
0.9999974015003513
2.207151302396803e-05
0.0014601085293009385
2.6882984895109758e-05
0.9999974578861901
0.9999972681345076
0.9999973272272473
0.999997372251043
0.999997402724649
4.830373542833578e-07
0.9999972939118786
0.999997217757561
0.999997330131516
1.3257381796617308e-05
0.9999972198115864
0.9999974080298075
1.0650557509522568e-05
2.5137925731828047e-05
0.9999971388204367
0.9999972952088758
0.9999972554412053
0.9999973329968109
0.9999973994279562
0.9999973342549919
0.030507382110913327
0.017411847006660094
0.9999974228459103
0.014290906848046844
0.08097690816833772
0.9999973293863231
0.9999973101535742
7.242795836495001e-05
0.9999973139533107
0.9999973417792689
0.9999973425082206
0.9999974557821485
0.9999973533703824
0.9999973810417458
0.9999973328625968
0.9999972944944439
9.624269025678484e-06
1.2461753081697044e-05
0.0022035437509964227
0.0019498021217780916
1.3727410597410985e-06
0.9999972631808032
0.9999972657867315
5.879746801756736e-06
6.691715153079679e-05
0.9999973959191069
1.8808257351411236e-07
0.9999973605312071
0.9999975034206684
0.9999972494894638
3.556326080098648e-07
0.9999972816665615
0.00718068087461467
0.9999972868342497
1.1780329224602506e-05
0.9999972761716188
0.999997348664822
1.710203936255364e-05
0.9999972788323384
0.9999972653869506
6.321110107241728e-05
0.9999972569816634
0.9999973644864403
0.9999974367648686
0.9999972709449946
0.9999973352402749
0.9999973215468617
0.9999972237045835
0.06521630843205166
0.9999974479867343
0.999997262163049
4.864805005972235e-05
0.9999973009824412
1.0293677072119209e-05
0.9999972908758318
7.718545147016631e-06
4.320206006264966e-05
0.9999974178253936
0.9999974055607713
2.859457543736574e-06
1.7117166113453094e-06
0.9999974658806084
0.9999972672504787
1.3224066966084143e-05
0.9999972362406333
0.9999972845004653
0.9999973767351666
0.9999973177768
0.9999973030051877
0.002468769456910003
4.65106825453651e-06
0.0031059559184784206
2.5580073937573338e-05
0.9999974734279454
0.9999972745802435
0.007694907291329035
4.661737012966659e-06
0.9999972526638392
0.9999973617570691
0.9999973150564218
0.9999973761715637
0.9999973013306439
0.9999972876870167
0.9999973615433013
8.490972247579268e-06
9.361735691967332e-06
0.9999974618786409
0.9999973284844436
0.9999973130401664
7.793586933563288e-07
0.999997277808723
0.9999972167330027
0.9999974305045732
0.9999974815524155
1.923370600064704e-05
0.999997366433159
0.0070750120611917395
0.9999973094838769
0.9999972185362013
0.9999973654232586
0.9999973731191066
2.0436325454901925e-05
0.9999974210828189
7.940862409335206e-06
0.9999972443561166
0.9999974013230143
4.414006160511349e-06
0.9999974694695426
0.999997231474706
0.9999972040365804
1.2189724670772333e-05
5.7276786416539934e-06
2.9063028346589755e-06
0.9999972716442702
0.2069798356977438
3.8536997098928314e-07
2.4116167421887684e-05
0.9999973564624098
6.953151223308994e-06
2.252217002545327e-05
3.421792602417377e-05
0.9999972045257158
1.0722549147623108e-05
0.9999974249210135
0.9999972956770766
0.9999972572895887
0.99999725604991
0.9999972014053811
4.115346132132614e-06
0.9999972993694849
0.9999974105962308
0.9999973542986254
6.863033837285107e-06
0.0002868105988604086
0.030270044570032358
1.0318962350939145e-05
2.2591547730536897e-06
2.7365439464788822e-05
0.9999972114869384
0.999997408431833
0.9999974001864378
0.9999973759653561
0.9999974203398058
0.9999973562598065
0.999997421246235
1.2916621970355029e-05
4.2713881873261e-05
0.9999973507382345
0.9999972386012145
0.9999973096188207
0.04916286661571379
4.156141167833328e-05
0.9999974255472529
3.8635007834966725e-06
0.9999973989359637
0.003462883781780862
6.410969706004939e-06
1.1582820502588668e-05
0.9999972120406379
0.9999972519681194
5.403610559304545e-06
0.9999972751829568
0.99999726781535
0.030105997213530897
0.9999974772686545
6.11038134914914e-06
0.9999972124162892
0.9999972318193885
5.0808703245900765e-06
0.9999972959909897
0.004204335381987111
0.9999974216629159
0.9999974078108015
0.9999973019152939
0.9999973643076882
0.9999973562730738
0.9999973677945702
0.9999973900794484
0.9999972603502015
1.61848736903232e-05
1.6266020568548062e-06
0.9999972950009062
0.9999973162989173
0.9999972725263636
0.9999973302229264
0.9999973426073627
0.9999973183126003
0.004102983163719114
0.9999974029707092
0.9999974107244484
0.9999974761740503
0.9999972864572731
0.9999973414383825
0.9999974423639433
4.418353500504946e-05
6.224396370290608e-06
0.9999973822301848
0.9999974953184564
0.9999973995100391
0.99999728930993
2.4511012992575026e-05
0.9999973997865191
0.9999973813971407
0.9999973080635454
0.9999973263011716
0.9999973338686563
0.9999972969387062
0.9999973488654784
4.717768532394571e-05
0.9999973872811737
0.9999972620844746
5.443790433464676e-06
0.999997346937729
1.5332375632867291e-06
0.9999972787302654
0.9999972978381613
3.885527890990163e-06
4.036197985721946e-05
0.015620615611371172
0.999997251510181
0.9999971277307199
0.9999973570986135
0.9999972434569033
0.9999973115087499
6.707415092616398e-06
5.828185146630652e-06
0.9999973709384427
0.9999973702518102
0.9999972808431871
5.059185754749126e-06
1.8384367379417736e-05
2.63266239465838e-06
0.9999973802739341
0.9999974065431965
0.9999973889259584
0.9999974824640787
0.0049977169059955895
4.4052981514608885e-05
8.23519413339646e-05
0.9999972750433063
0.9999973424667054
0.9999972421411453
0.9999973731945582
0.9999972774277722
0.9999974883704955
0.9999974442855355
0.030264755413855527
0.999997274188105
0.9999973901077022
5.195742388450279e-06
0.9999974710017807
8.797713807045761e-06
1.4298077158436481e-05
0.999997348694691
1.8642464413207708e-05
0.9999973594780887
1.7362475141277666e-05
0.00869720622406077
0.9999973734962064
0.9999974073152379
1.656573420419379e-05
0.00703580631996559
7.75349274191843e-05
0.9999972111127269
0.9999972019431058
0.9999972800071109
0.9999972445677455
2.112524001545455e-06
0.9999972849978852
2.6697255761377695e-05
5.33690680367285e-05
0.9999974162822669
5.306200922137458e-05
2.750333767312336e-06
0.9999974266574825
0.015000374458145442
0.9999974014574476
0.99999744062146
0.027034177049762374
0.999997242855273
0.0
1.328238090854237e-06
1.44852700515691e-05
0.9999973349479189
0.999997427478001
0.999997216138811
0.9999972515524786
0.9999972408867874
0.9999972664739636
0.059466612519257375
0.9999973816585357
0.999997403449123
0.9999973269705272
0.9999972135317066
0.9999972171381729
8.787743499370752e-05
0.002075963910554255
0.999997230358261
0.9999974983309804
0.9999971863057145
0.9999974330776477
0.9999973495608044
0.9999974020109431
0.99999740349748
1.6277972946333793e-05
7.538735339993096e-05
0.9999972904243744
0.9999972248512254
0.9999972388759591
0.0033004952216886476
2.8061834708917008e-05
0.9999971085633648
5.187921145711031e-06
0.9999972359325455
0.9999972283733431
0.00333662568992415
1.834666932859166e-05
0.9999974344685229
0.9999974044381605
0.9999971948928327
6.27975733649194e-05
0.9999972687884372
0.9999971929702344
0.00032142303623594235
1.7053296055622964e-06
0.9999972770713836
0.9999972740953038
4.4387683435162453e-07
1.0504844254316232e-05
0.9999972965231503
0.999997253944767
1.5489338057201468e-05
0.9999971751185369
0.9999973698355457
0.9999973449437893
0.999997347173453
0.999997291540318
0.9999972985761642
6.228416180008507e-06
3.5781428088030384e-06
2.2402047581767014e-05
0.9999973967732787
0.9999973896491925
0.9999972840946125
0.9999972773209019
0.00017942724516006422
0.9999972381747995
4.777202206955746e-06
0.9999972990390477
0.9999973482422047
0.9999972903390325
0.9999973125755609
0.9999974606950233
0.25004958344024647
3.834509272682225e-05
0.9999974123336395
0.9999974788934156
0.00786873383945085
0.9999971193095458
4.4795181137761014e-05
7.880269782540092e-06
0.9999972116155629
0.99999720608058
0.9999973139261537
0.9999972615148603
0.9999974620854533
0.9999973113534086
0.9999973884410789
3.4288045792166806e-06
0.9999972628774132
0.9999971485065237
0.9999974506261414
3.323901238032954e-05
0.9999973732945473
0.9999973199945061
0.9999973940678126
6.495589624313858e-06
0.9999973455061174
0.9999973418447919
0.9999973468525455
0.999997310434369
0.9999974294007985
0.9999972123999203
0.9999972522784893
0.999997304459897
0.9999973289542569
0.999997268399077
9.368411465550492e-07
4.8273351411444415e-05
0.9999973168898996
4.813691232537854e-05
0.9999972510534021
0.999997359946461
0.049439117565050573
1.658440500223935e-07
0.9999972672321592
0.9999973085916022
0.9999972803178472
4.112566681633031e-06
0.9999973572378557
0.9999973993585285
0.9999974596164865
0.9999974582632487
3.3781609903477184e-07
0.9999974073168675
0.9999972977155104
0.9999972706946483
3.0009057565606504e-05
0.9999972324249726
4.1861344130993695e-06
0.999997179748807
0.9999974096401714
1.650797749491084e-06
0.9999974174378595
0.0006891370840120582
0.05052412411665179
0.9999972731757815
0.9999973712784143
0.9999974023551549
0.9999973534988507
0.0014615195614018541
4.106856463890006e-05
0.9999973879009563
1.8856875343054315e-06
0.9999973651596262
0.9999972809421811
0.9999974307564281
1.0112917947723624e-05
0.9999973676981685
0.9999973112007592
0.9999973874073946
1.7488294347055657e-05
0.999997281436412
0.999997347179787
0.9999973996497948
0.9999972622339957
0.9999973913174012
0.9999971949215063
0.009189105767024813
2.5729183549445966e-06
0.9999974024911508
0.9999971934619619
0.9999972756150161
0.00869071215269803
0.9999973462279359
0.9999972703066945
8.546908504939142e-06
0.9999972839944248
9.160906382231815e-06
0.9999973236436538
7.625562277170033e-05
0.9999971872082731
0.9999973884663003
0.9999972305171215
7.5259440442974605e-06
0.9999972398816342
0.9999973562029479
0.9999973342727884
0.9999974303162257
0.9999973646399288
0.9999973765980555
0.9999972253312825
0.9999973912415169
0.9999974163992321
0.9999973277322534
0.9999974446554327
0.9999974215560775
0.9999971618160538
6.331402615904459e-05
0.9999973410520151
4.606012100060321e-05
