0.0023287367795559086
3.0508022211074546e-06
0.9997339308152703
3.3246073222681716e-05
0.006426379091322965
5.639157993689895e-06
0.9997355341973091
0.9997356154379444
3.632124178313889e-05
2.0627039691758877e-06
0.9997363184502991
0.9997344000297295
0.999735435924938
0.0017619775658896614
0.9997352511982268
4.4700670142684304e-06
0.9997301559409983
0.00018650583862370618
8.185281080525322e-05
0.9997352233268509
0.9997349711391584
0.9997352825883085
0.9997350681973807
0.9997363016484346
0.9997372663090612
0.9997332178337549
1.4737273741665845e-05
0.9997339731291286
0.9997332596382645
0.9997353504147113
0.9997316543669801
1.4600034157942797e-05
4.304417566018116e-06
0.999729459345521
0.9997334746146804
6.221704008304122e-12
0.00010333835742133495
0.9997343027098993
0.9997310229325281
1.2431050879411177e-05
0.9997326253249967
0.999733321427306
0.9997330589325971
0.9997369260959484
0.005915307812592943
0.9997345127095268
0.9997328506001054
0.9997331845053529
0.9997336866933537
0.9997297314203512
0.9997325697213685
1.9990666031647213e-05
3.152637682081021e-05
0.9997350128423524
6.241004156339895e-06
0.24007207716993503
0.999729443682535
0.9997293015365236
0.999730925553306
0.9997324548960951
0.9997357031545913
0.9997321577047237
0.9997373080512022
3.595603841484301e-06
0.9997319817884043
0.9997357506791136
0.9997290899486513
6.546674275179374e-05
0.9997370627417674
0.9997394422773948
0.02920858964476276
2.888646296186179e-05
2.860851177015647e-05
0.9997307322571846
0.9997385569497562
0.9997326934602094
0.9997360347871813
0.9997351292841634
0.00013741301591689098
0.9997416802433718
0.9997343453026162
0.9997350396044642
4.369062445378278e-05
9.6739359420465e-05
0.9997314192232418
0.999734515353069
0.9997394877683365
0.9997306558513952
0.00043150157924112836
1.1571659633869479e-05
0.999733051816787
0.9997309013111029
4.705314734407233e-05
2.4420642859115038e-05
0.0
0.9997403187850066
8.879847595248163e-06
1.469577083109427e-05
0.9997336030896592
0.9997350158765986
2.56478618717459e-05
0.9997296328515739
8.067270101588933e-06
0.9997345035456928
2.6354035240034857e-05
4.098410289406524e-05
0.9997309271904959
0.999730792550356
1.6673708775307066e-05
0.9997363760512882
4.276882176055252e-05
0.10794024604919228
0.9997391697637398
0.9997342825822534
5.31129166309032e-06
0.015421650004276278
0.99973349299925
5.465343852935415e-05
0.9997358677015669
1.383067798554095e-05
0.9997343171634012
4.34547103142852e-05
3.453557383179406e-06
0.9997392872329459
0.9997313639691336
0.9997304003576541
0.9997316888270096
7.96116818565113e-05
0.9997358653210239
0.9997319571545028
0.9997348018348644
1.5676328320355133e-05
9.494769755784068e-06
0.05374308886914947
0.9997353977961231
0.9997385410729963
0.9997357412010914
0.9997344137611228
0.00011876063065391892
3.26934813705452e-06
0.9997339672722484
0.9997378140412787
0.9997352815530508
0.007520015163821182
0.9997359890651366
0.9997306934487018
0.06480642541204133
0.9997391414343543
0.9997318898931503
0.9997345929830055
0.999731465449724
0.9997340202811564
1.6065673629967507e-06
4.5665223779465814e-05
1.2412053281732219e-05
0.9997334337356021
1.4816865234195153e-05
0.9997336171764304
2.832186301135224e-05
6.878677488222504e-05
0.9997316097682168
0.9997332489663007
0.9997357390017767
0.9997360877059502
5.8023339608885464e-05
0.9997329328925929
1.5907911760058266e-06
0.999735623235085
0.999737352699455
4.395689925627859e-06
0.9997297925256043
0.9997365018917104
0.9997360742662291
1.8381971366153974e-06
2.9980436576911552e-05
0.9997345026971355
8.636445134890018e-06
0.9997292564333935
0.9997341453923635
0.99973774976917
0.9997330235823452
0.9997324125489199
0.9997405284179595
0.9997341655016228
0.999726861766062
0.9997342773905306
0.9997356578115822
5.613592713412974e-06
0.9997302033311924
0.9997379391715641
0.9997281888887563
0.9997284649617048
0.9997325506011229
6.925308645460686e-05
0.9997378144623593
0.9997359600147174
0.9997331254414454
2.1119996053538503e-05
3.646470614769786e-05
0.9997413074224228
0.9997281595972946
0.9997344299877402
0.9997344423592488
0.19613111050589718
0.9997354178744016
0.999731797464557
0.9997316262382361
7.385500911918903e-06
2.1975322301734308e-05
0.9997359469414739
3.113461189195201e-05
0.9997282560675048
0.9997388249139579
0.999733943790755
0.9997338643215637
6.635261500539178e-05
0.9997327563233175
0.9997360055062186
0.9997361808970054
0.9997336292217222
2.8426669288630107e-06
0.9997268926179237
0.9997356136588208
0.9997348941787859
0.9997335531753951
0.9997344571550645
0.9997344173274332
0.9997328469717227
0.9997352144649864
0.9997337703795967
0.9997287211769933
1.63579009161886e-05
0.9997389740755059
2.6124733706934448e-05
0.999729926273743
7.686555068810784e-06
3.4578881106104594e-06
0.9997364679262213
0.9997381099125662
0.9997360670482244
1.287248566150757e-05
0.9997337150735711
0.9997304324112681
0.9997297542730982
0.009486544538401136
1.1572185065667245e-06
0.9997385234192888
0.9997337912404655
0.9997312165164001
0.9997324211035481
0.9997317360138945
0.016750321599339472
6.453826578608338e-05
7.912935040836094e-05
0.9997329549583956
0.01612043143135368
4.624222003723871e-05
1.5419065261124114e-05
8.695611504871286e-06
0.9997351866892289
0.007100414384837905
3.893824273518951e-05
1.8556563110749155e-05
5.314664929720382e-06
0.9997354387585015
0.9997355866873103
0.9997318950826122
0.9997306465980308
0.9997341502356586
1.4486937530738471e-05
0.9997302972409856
1.7126483453699093e-05
0.9997353740768454
0.9997280270331506
0.9997364600633019
4.739696900554664e-05
2.08418763569718e-06
2.593538630318516e-05
0.005504383465935646
0.9997332991130486
0.9997325413376997
4.037715821154704e-05
9.057462634308646e-06
4.096827124794743e-06
0.9997285121661711
0.0
1.3049989025128468e-05
0.9997322002718263
0.9997315449225778
0.9997299635550873
2.0955349155142128e-05
7.733799119273341e-06
4.7988466210008826e-05
0.9997380796131976
0.9997376579395613
0.999736545864961
0.999732886652856
0.0015176729816470792
0.9997321570354781
0.9997356683480659
1.1097915569424602e-05
6.498038512777706e-07
1.6102915620715026e-05
6.840035700082236e-06
0.9997301280754453
0.99973341399491
2.176619780681471e-05
5.798536992616422e-06
6.664246381405108e-05
1.5197442277727022e-05
0.015495175123912203
0.9997330643870888
0.9997348599961308
0.0
0.007612690507375556
6.441889531511773e-05
2.9498683955492812e-05
0.9997343741147244
4.114680853172101e-05
0.9997365473453194
3.886273471783017e-05
1.7730596802510693e-06
0.9997338634099704
0.9997339790740689
2.6518791038334726e-07
0.9997342713944111
2.0112886405622754e-05
1.910361266748034e-05
0.9997365028142765
0.9997324770706891
0.9997345611423385
0.9997374079478232
0.999735404227715
0.00013334891764473815
1.1025346682778859e-06
0.9997327510536341
0.0001223117393395191
0.9997322398174464
0.9997359718490897
0.9997313997122853
8.362019109323756e-05
0.9997349344612546
3.2870591883281666e-07
1.153724668646317e-05
0.999731771515298
0.9997315046114367
2.5116886758131363e-05
2.4247483948143363e-05
0.9997354139187754
0.9997291894761312
0.9997335590160635
0.9997298204354619
4.920838140538941e-07
0.9997342922379953
0.9997408076467083
0.9997348790745261
0.9997324180210706
1.0123442866602392e-09
0.008119073350560134
0.9997336670045542
2.7902168619124395e-05
0.9997302454653614
2.6968906094890948e-05
0.9997325860702458
0.9997382398543557
0.0
0.9997311557489655
1.02110441692324e-06
0.9997300970100381
0.999737758360022
0.9997346870045053
0.9997342876207667
2.8440684150285678e-06
0.9997394354372285
0.030859067244515592
1.5979454400230477e-05
0.9997375858206256
0.014465401021676505
0.9997341273442587
0.9997378289920771
2.7992975362803093e-05
0.9997328966406671
0.9997379230723835
3.257465764619927e-05
0.9997334121154091
0.9997382155359503
0.9997429428798196
2.5196249318660983e-05
7.75474585676419e-05
0.9997324583573425
0.9997286159187769
0.9997364596932906
0.9997307535021379
0.9997331241608668
0.9997362229356748
0.9997344820469778
0.9997362494114105
0.9997279192234126
0.9997322385811759
1.91398961975174e-05
0.9997329336837653
7.115305847933427e-07
1.6669107969006216e-06
0.9997343441297109
1.5372993277897064e-05
0.9997327913048463
4.203623118274657e-06
0.0015714668635058231
0.999734216036036
0.9997320456332706
0.9997344768990047
0.9997302458241584
0.9997384442197756
0.9997353776468623
0.9997337386839515
0.08827356505039256
0.9997359230692633
0.0
4.320113352040963e-05
9.991158369997223e-05
0.9997335222785213
0.9997335471607707
0.9997341283317431
5.2425454636676254e-05
0.9997356120848251
6.111046235043234e-05
0.9997378431346967
0.9997341821658898
0.9997330520703249
1.241748652157323e-05
0.9997352488898716
3.712694716163774e-06
1.4235053046941441e-05
0.9997315776833363
1.5264680408205084e-05
0.9997355716928655
0.0002631152557628619
0.9997320876454762
0.9997378919803009
0.9997334283803324
0.9997363784172977
0.09043752716277928
1.0477985331186941e-06
3.3716657743861994e-05
0.9997347282062188
1.806547842885486e-05
1.3368471705311311e-05
0.0
0.9997331328627265
8.924143130875041e-06
7.545050414044382e-06
0.9997362250115601
8.631009862449762e-06
4.122383976598792e-05
0.9997312120023495
0.9997391229909915
2.3798349003266172e-05
0.0020301715127311777
0.999731063089084
0.9997356796305017
0.999735050555483
0.9997318284580853
0.9997367719594009
8.042111735227754e-07
0.9997370457025632
0.9997364830745692
0.9997326037664194
0.9997306729340932
2.147900797988294e-05
1.277602487739228e-06
2.4254610049370614e-06
0.9997323912940457
0.9997348318472965
3.117463069945462e-05
1.7679577737190036e-05
0.999735861921985
0.9997362814195825
0.999736822160436
0.9997325732447894
2.105302711448541e-06
0.15749826436692857
1.3935194862795436e-05
8.778553690328092e-06
0.9997326729760387
3.069215590331202e-05
0.01792768526775097
0.9997298388539979
7.96493208483859e-06
5.771772782578665e-08
0.9997388267765135
0.9997299522313846
0.9997358600885418
0.99973225675161
7.320906261054719e-07
0.9997287009806552
0.999732411320456
0.9997334677969478
7.490837044717269e-07
2.228413196632792e-05
0.9997349263656975
0.9997292211415068
0.9997330940027871
0.9997315717733529
7.309801133955129e-06
0.0021333826578821932
0.999734418515191
0.9997420715160286
0.9997311689960452
0.9997345444740694
0.9997298863934124
0.9997360831971345
0.9997351924289893
0.999733752478502
0.9997353032111241
3.994782442183147e-06
0.9997370055103751
0.002341701180719186
1.8179597571800026e-05
0.006562775874971988
0.016782868664156455
0.9997375491772611
1.2218183087459024e-05
0.9997295218213413
1.8143045471289483e-06
0.9997268728791608
0.0
0.9997347125108241
1.5738637945308972e-05
0.9997288494489236
0.9997332216887722
2.8426948899599272e-05
0.9997360735457994
0.9997288825898331
0.9997309410322692
0.9997329676106865
0.08411724658591395
0.9997349033199451
0.9997325497317742
0.9997319378327986
0.9997309106612885
0.999735374216715
0.9997343560646206
6.676348005028694e-06
4.9615454951239955e-05
0.99973725409859
0.999731234378358
0.9997296478988091
0.9997367013430862
0.9997354349632208
0.036117839606073884
0.999737187356861
0.9997348155005619
0.9997324121941099
0.9997333502666682
0.10867389487521342
0.9997344671616204
0.9997314169084914
0.9997380480505218
7.549534967089736e-06
4.094260387144472e-05
5.145383161217517e-05
0.9997371793225404
0.9997366136317507
0.9997338505422462
4.6080616186173584e-05
6.6663867284129315e-06
0.999733514564915
0.9997341623764819
1.4441451357633375e-05
0.9997322431816684
0.9997327756396229
0.9997377929368283
0.00016722416974756702
0.999733118396512
0.0
0.9997327354770146
0.9997346123233753
0.9997347638590565
0.9997322459649304
0.9997377754230016
0.999733379821304
0.999729867966217
0.9997370731660484
0.00012617508084373114
0.9997379651878953
0.9997339511113866
0.9997353542883709
0.0
0.9997353739885069
0.9997357381231351
0.9997302486835543
8.241012842541073e-05
0.9997375252663293
0.9997339318906827
0.024836370569190337
0.9997307911283773
3.2896508240786038e-06
0.9997349530918581
0.9997365080029129
7.93712097828204e-06
0.9997311218516465
0.9997305105112543
1.4733228728003942e-05
0.0
3.539024640519664e-06
7.983304030243768e-06
0.9997315214796333
0.9997329223401417
0.9997392192298874
0.9997378300717753
0.002109354546899734
4.3504316186933985e-05
1.301377123095796e-06
3.953621296367667e-05
0.999737851055783
0.0
8.86009026538469e-05
0.9997317303705882
5.2593310655353705e-05
0.999733120586344
4.975805882389981e-06
0.9997353360658392
0.9997356761939385
0.001787901672553544
0.9997310711077058
1.602126883099261e-05
1.7848110027516492e-05
0.9997338864826685
0.9997322174500353
0.99973008734053
4.219873169439901e-06
0.9997346475886386
0.9997344992840463
0.9997324257769163
3.248651620796014e-05
2.258667193761683e-05
0.9997332415430209
0.9997331398750048
5.568040727837723e-05
0.9997345568530102
0.9997349899825956
0.9997382632677955
0.022112433784876477
0.9997301578362219
0.004798654069465752
0.009219291075860446
0.9997364050772567
4.5408024559713316e-05
0.9997377833205874
0.9997369261469257
0.9997322124600148
4.539986305923651e-05
0.0018180292867553008
0.0
0.00010083516571460003
0.9997306671905469
0.13328336938639804
