0.9999973125309924
1.8661083014407485e-05
0.9999973823067891
8.053473343254157e-06
0.9999972489353166
0.9999972741248664
0.9999972732449803
0.03170433992728891
0.9999972437566543
0.9999972477470002
0.9999974440583811
0.004231876206505473
0.9999974247809257
0.9999972841802746
0.9999974352536936
0.9999974590189328
6.982535083103523e-05
0.9999971257455263
0.9999973585650236
5.6772623424683735e-06
0.9999972018293072
0.9999972959412856
0.9999972773104456
8.182016719990355e-05
0.9999973956214154
0.0569892071929717
0.9999972666879352
0.999997331353713
0.9999974239317914
0.999997304126601
0.0016447123698109902
0.9999972611771989
2.7171445217231686e-06
0.9999974034250121
0.9999972327137523
0.9999973360087652
0.9999973217499369
0.9999974260227836
0.9999972885909324
7.230143149744469e-06
0.022253687040463425
0.9999973063075459
0.10532474480738674
0.007925276287722195
0.9999972408824402
7.945447080062375e-05
0.9999972346393928
0.9999973161016085
0.9999972476546386
0.999997348004206
4.21635335157527e-06
0.9999973323378505
0.999997149018918
0.9999973127532794
0.9999974763872054
0.9999973597842832
0.9999972892201577
0.9999973322990215
5.543171449498504e-05
4.100286581635871e-06
0.9999972650370772
0.9999971839432612
6.130829504761617e-05
0.9999974399857865
0.032566643484207194
3.1617469568472036e-05
0.9999974234880096
0.9999973131490221
0.015391798428868756
1.14178758139216e-05
0.999997449067373
0.9999971928645401
0.999997383469744
0.9999973626558999
0.9999973634551275
0.9999972491578888
2.285269970154538e-06
0.999997354722607
0.9999971866061342
7.243791899834186e-05
0.999997285552382
0.9999973801488942
0.9999973162008237
0.9999973952318646
3.933233320379704e-06
0.9999971617520871
0.9999972395257873
0.9999974395809088
0.9999973839952803
0.9999973757628772
0.999997316471481
0.9999973322615969
0.9999973977970114
0.9999972858488362
0.9999974267988356
0.9999972824475492
0.9999973872405177
0.9999971549199765
4.626515276390358e-05
0.9999973120110845
0.9999972031179439
0.9999973205094775
4.691584318294523e-06
1.4909950944483418e-05
0.9999972713144272
0.9999972056889534
0.9999974627554262
0.9999974334227134
0.9999973125467102
2.2210109364246743e-05
0.9999974218408267
0.9999974017420499
0.9999972816792772
9.418848034250357e-06
0.007816361492338017
0.9999973695914977
0.9999972785269768
0.0034654299144547492
0.9999973768092468
7.750592663406521e-06
0.9999973005811772
7.010080622635128e-06
0.9999972745494475
9.364093996935336e-07
2.4227705075040064e-06
2.391136662334355e-05
0.9999972877351985
0.9999974020676881
1.573208442171405e-05
0.2500036834624264
0.9999972282501135
0.9999972153556752
0.9999972888023745
0.9999974015351252
0.9999973539733993
2.460092241300379e-05
0.9999973264059117
0.9999973287442967
0.9999972747513237
0.9999974047347105
5.7482286583424485e-06
0.0
0.10085773563260604
0.9999972429968615
0.9999972863622122
0.9999973481962624
0.9999973752091125
0.999997169882199
0.9999972466714483
0.9999973417813062
6.617566481540592e-06
0.9999974023001269
0.9999972343921445
3.951502937975871e-05
0.15852840782881175
0.9999972875406783
3.722220666537911e-05
0.0031478662233296235
5.621569266605801e-06
7.464846229597774e-06
0.9999972505829933
0.9999973285910568
0.9999973960137477
0.9999973281582287
0.999997275296927
0.9999972767808943
0.9999972820156521
5.016828887975895e-05
0.9999973417966926
0.015031501754554389
1.7032652154148098e-06
0.9999973107794419
0.9999972774233873
4.757613661569627e-05
0.9999974374370847
4.138065916709818e-06
1.3771301224755997e-05
0.9999974145519945
0.9999972636220987
3.1989811738988596e-05
0.9999972753168959
0.9999973912887805
1.0321094199523221e-06
0.9999973739072648
0.9999972891560451
0.999997396465861
0.9999973170251716
0.9999972102808355
0.999997300392481
0.9999973113497098
0.03074663350316316
0.9999973986605988
0.9999971950146468
1.3375089038989525e-05
0.9999972863253805
0.11005930279827394
0.9999974234813132
0.9999972429860264
0.9999973549449233
7.575479980693086e-06
0.9999972140694734
0.999997354485604
0.9999972912196212
0.9999973365114679
0.9999973545205346
0.9999972135144488
0.9999973487496339
0.9999972460935571
0.9999973426831382
0.9999973889215523
2.9691599147793035e-05
0.9999973158442852
0.9999973339083481
0.9999973824005307
0.9999974211347613
2.0403001244149024e-05
0.9999974251677167
0.999997255495129
0.9999973749408916
3.6825665955124414e-05
0.9999973821253381
0.9999971966462726
9.106216675759314e-06
9.07930870560649e-06
0.9999973651382593
0.9999974145190832
0.999997324429077
0.9999974225950082
6.141909588287031e-06
6.858283226093426e-06
0.9999972101328111
0.999997317215399
0.25003770802741965
0.9999973445590127
0.9999973291517986
0.9999972880036037
0.9999971765439707
0.9999973194988877
0.9999972559154426
6.707603285695303e-05
2.3302639677368985e-06
0.9999973680009123
0.9999973559956914
3.204244585451649e-06
0.007873518140702097
0.999997283447063
0.9999973058742035
0.9999974810074261
0.9999974221807995
0.999997261069429
0.9999972647340697
0.9999974700536659
4.057837035669611e-06
0.999997276265651
2.0018217957582884e-05
2.124618841449638e-05
0.99999725809139
0.9999972894367977
0.03571355904814172
0.999997329424843
1.5263496732121723e-05
0.9999973059097522
4.582882777831801e-05
0.9999973300712708
0.999997250631992
0.999997335868476
0.9999974379249398
0.99999726060973
4.2503295522850063e-05
2.1280757594662345e-08
0.999997316776968
0.999997347953685
0.001660501879064455
1.9509900095526114e-05
0.9999973384109206
0.9999972946550014
0.0016170449542806222
0.9999973128633175
0.999997309072135
0.9999972422779996
3.1447366715977855e-05
0.9999972737081543
0.9999974046208231
0.9999975236668198
1.4622211119708602e-05
0.9999974147280284
0.9999974317896876
0.9999972537115837
0.09126373624302592
0.9999973277228136
3.021729636013375e-05
0.9999972560944936
1.2982358034046353e-06
2.8791954888089138e-05
0.9999973596825555
6.230694409622163e-06
3.735845142106045e-05
0.9999973889978545
0.9999974217824219
0.9999972915724311
0.9999974442705135
0.9999972803873297
3.281696287401389e-06
0.9999974760057001
0.9999972608315365
0.9999973736472696
0.9999972797475066
1.3209793577752928e-06
0.9999972831873646
0.9999974143438232
0.9999972500944461
0.9999973069704929
0.9999973869616997
0.9999973968670551
1.8052831985769825e-05
0.99999738847868
0.9999972485222415
0.9999972864567913
0.9999972217448098
2.310259842773027e-05
0.9999974462126031
4.161561949393699e-05
5.063177480187034e-06
3.449117816162873e-05
2.3117343143119167e-05
0.9999973249942969
3.860386594629702e-05
0.9999973503829901
0.9999972684406162
6.602171392744992e-05
0.9999973753037524
0.999997335965182
5.467500089785647e-06
0.017899897021471937
0.9999972271424564
0.9999974027835565
2.6671577570939567e-05
0.9999972281396202
0.9999973777228806
0.9999972832020511
0.0614448596703784
8.477005223052678e-05
5.859991058911279e-05
0.9999973358087441
0.004041089156429747
2.478410730358477e-05
0.9999973422391693
1.5793653554814823e-05
1.2367523988209859e-05
0.9999973967846068
0.9999974503326169
0.9999973816399843
0.9999973504450712
0.9999972159873075
0.9999972425254555
0.999997286945279
0.9999973876493881
0.9999972639771418
1.685079142272078e-05
1.6671117675939753e-05
0.9999972355710756
0.03407541926657071
0.9999973509648641
0.999997421162241
0.9999974008526942
0.0023936928704636866
0.9999974250252343
0.9999972984655399
0.99999740620647
0.000577804046273384
0.0006208411858073622
0.999997289666454
0.9999973053586423
0.999997351439343
0.9999973035375419
0.003446339233432429
5.413553000418626e-07
0.9999973105542026
0.9999972537107128
0.9999971732281515
0.9999973076809598
2.6517263075387972e-05
0.9999971838309148
0.9999973258276448
0.999997306390217
0.9999974700583444
0.9999973204252721
0.9999973657455719
4.9863488570943387e-05
0.9999973868065298
3.151577211767382e-05
0.022077637071377734
0.9999972829976566
0.9999971678258179
0.03059496555139873
5.075208830517586e-05
0.9999973595720265
0.9999974092814949
0.9999974896973765
6.3404867282005645e-06
8.736576764858337e-06
0.999997409599555
2.6397113233574547e-05
0.999997421921332
0.9999971847793597
3.6697837316391503e-06
0.9999973083583993
0.9999972375518063
0.9999973381759272
0.9999973807244237
1.13674490524109e-05
6.464894787319223e-05
6.141274510899392e-08
0.9999974080198297
0.9999974755928178
0.9999971635184525
0.9999973163153235
0.9999973300633385
2.823500555933572e-05
0.9999973397090385
0.10446208106355921
0.999997284959162
0.9999974597699515
1.074388589666524e-05
0.9999971803537963
0.9999973779711765
0.9999972781048022
5.5890587679917405e-06
4.250665765963753e-06
2.3139899694145752e-05
0.9999973396920899
0.9999974488634485
0.9999973991425248
6.459643972271836e-07
1.3552657558882116e-06
0.9999974397409628
2.0381081943978994e-05
3.423570184534856e-05
0.9999973899388837
0.9999973656680593
1.0254819952882775e-06
3.0767128989268066e-06
0.9999973468928505
0.10096141274298194
5.121628328255875e-06
0.9999973433200645
0.9999973246202398
0.9999973539819644
0.9999972230851055
0.9999974253512337
0.999997346348161
0.9999974554088773
0.9999973562323982
0.9999973216029565
0.999997365789096
0.9999972259525709
0.999997308070883
0.9999973771417049
0.999997329520332
0.9999973710469162
0.9999972559030477
0.999997377274425
0.08344234341518389
1.5362452719019315e-06
0.9999972848259683
6.803663406698304e-05
2.3694029013072527e-06
6.174521727530605e-07
0.9999973135768493
0.9999973164596967
0.9999972207557023
4.062118973695194e-06
0.9999973871554485
0.999997373431979
0.9999973112737243
1.0586103425013482e-05
1.9271903362467468e-05
0.007699638552876975
0.9999973897513956
0.9999973876979616
0.9999972294708204
0.9999972425595094
0.9999974135834557
1.0316029348142068e-05
1.0307672832882381e-14
0.9999973687518591
2.5433079498458017e-05
0.9999972604190064
0.004006618795440665
0.9999973394071564
0.08885424909619345
0.0026476417902026993
1.6683754624699513e-05
0.9999971534023008
0.9999973670784048
2.222532137178088e-05
0.9999972674343778
0.9999974088824408
0.9999973505970965
0.9999973470642347
0.9999973491614759
0.9999973487307323
2.3210773791932356e-06
0.9999973408824767
2.164188368258725e-06
0.9999973606156348
0.9999973195932883
3.206350769947397e-05
0.9999974721282717
0.9999973404931851
1.2368738050698233e-05
0.9999972409525008
0.9999971904264237
0.9999975005732614
3.155901938132078e-05
0.999997447904442
0.9999973908137478
0.9999972586815167
0.9999972404752485
3.0909620790529856e-06
0.9999973452034955
4.956003523747238e-06
0.9999973609080358
0.9999972950554308
0.9999972887708615
3.091649263514959e-06
0.9999973668671663
9.972612853211867e-06
0.9999973420639003
6.935462217304311e-06
0.9999971849348356
0.9999973337992484
0.9999973533570256
0.9999974810168379
1.3553555844895324e-05
0.9999974332877771
0.9999973212697986
0.999997373420736
1.9338678433268333e-06
0.9999972748091376
4.432527625736456e-06
5.060433641768152e-06
4.898768158366159e-05
0.9999974106467071
0.2500492126246544
0.9999972918920548
0.9999971924261106
4.316302518015606e-06
0.9999972488403706
0.9999972148869903
0.9999974153721009
0.9999972943739126
0.003944413902304258
6.73378043288632e-06
0.9999973132136103
0.9999972784403613
0.9999972578472853
0.9999973288153331
0.9999973940362037
0.0017721011619193725
0.9999973174424912
0.9999974793470242
0.9999973268318966
0.9999972577402718
0.9999974783251949
0.9999973736708068
4.6513114725538436e-05
0.9999973456675136
2.77416393403439e-05
0.9999973634594715
0.9999972237792836
0.99999736658053
0.9999972910339291
0.9999973419353505
0.9999973122909246
3.432969122110084e-05
0.07309075170793612
0.08955117590298418
0.9999973828936705
0.006045153533426796
0.9999973436488577
0.9999971974084921
0.9999973253694737
0.9999973422725159
0.9999971378949788
2.216973461494404e-05
0.9999973349303519
0.999997526333955
3.6130385002802915e-05
1.8918699203509284e-05
0.9999972765650489
6.71730220839753e-05
0.9999973541767747
0.9999973860929391
0.9999973509694431
4.027194480564004e-05
0.999997119365758
0.9999973567501744
0.9999973047650659
4.924341077597658e-06
0.9999973207147771
0.9999973131186563
0.002039650368007577
0.9999973889594589
0.006923119761120111
5.638045207974562e-06
0.008159830505915209
0.9999974018814068
0.9999974594129453
1.0881091082992417e-05
0.9999974093851689
0.9999973358367457
0.9999972547857137
0.9999972744782512
0.9999973574447488
1.0479535384071389e-05
0.9999973187416132
0.9999973055070718
0.9999973055309737
0.9999973927619569
0.9999973049335311
0.9999972929114036
5.607504920527428e-05
0.999997480888104
0.999997286795861
0.999997241560252
0.9999972075182065
0.9999973469283241
0.9999973790821202
0.9999973922813113
0.9999973296194523
0.9999973560580876
0.9999972685161757
0.9999973400336337
3.8750333695111934e-05
0.9999973358084296
0.9999973822901782
0.9999973706766802
0.9999971957893322
0.9999974060425465
0.00013940385676078964
0.9999973645556914
0.9999973865472997
0.0078053325462953335
0.999997139818989
3.3745606204876137e-06
0.9999973225570461
0.9999974136026416
3.1507174504894658e-06
1.565438643629064e-05
0.9999974735808833
0.9999973280747119
4.7792410337311966e-05
0.11001142360322715
2.107644118254607e-06
0.9999973206156603
1.4695725884916268e-05
0.9999972882589762
2.5220247954986488e-05
1.0884110782392662e-05
0.9999974424200009
0.9999973535381831
0.9999973131105421
0.9999975095705713
0.9999972836424759
0.9999971758382009
0.014316869692258795
0.9999973407631972
0.9999973356948653
0.009150536500721996
0.9999973526963569
0.9999973198640867
0.999997434565749
0.9999973021498414
0.9999975134751928
9.044300063762749e-06
0.9999973571035393
4.7982587579033906e-05
0.10788479872529634
0.9999972447481371
0.9999973192839098
5.36918004471533e-05
0.9999973340855033
0.9999973097247026
0.9999974930910998
0.0014115718513601117
2.2503491500763935e-06
0.9999974053482428
6.37096264800292e-05
0.9999971454085425
0.9999973977737244
0.9999973693707188
1.3972951986477787e-05
0.9999973168853767
0.9999974773799754
0.9999973578655059
0.999997327469245
7.708986025567482e-07
0.9999971997461717
2.001184592820461e-05
0.999997342335973
1.039642885711383e-05
0.999997360409301
3.518414336987203e-06
0.9999973982235181
0.9999972829443611
2.341017417223624e-06
9.745068409928556e-07
0.9999973010661832
0.9999973448321527
0.9999973432921393
0.9999972740120163
5.444525423311332e-06
2.475843106188075e-05
1.0237895119757003e-05
0.15719586137465405
0.9999974009248785
0.999997212640375
0.9999972518228762
0.9999973465048394
