1.5149750657288402e-05
0.9999971757119843
0.9999973133971057
0.9999974620918708
0.9999972948035144
0.9999973766768689
0.9999974137015701
0.9999972780639746
0.9999972755800368
0.9999973849664133
0.999997251395655
0.9999973368866137
0.9999973801131072
0.9999973349129141
0.9999973598796976
0.9999971772584086
0.9999973449086426
0.9999973102998888
0.9999972548442017
0.00010270979746141718
0.99999720623279
0.9999973801534235
2.9454465155474485e-05
0.9999973369848961
0.9999974082113756
0.9999974828322302
0.9999974107941125
0.9999974301580011
0.9999973155407983
0.9999972684121288
1.3254721109189223e-05
0.9999973815904143
0.9999973795701145
0.999997292476876
0.9999974229800392
0.9999975010053246
0.9999972591368549
0.9999973025500118
0.9999972228749606
1.8912073495496453e-05
0.9999974048244391
0.9999973397345321
0.9999974510476315
1.2732289917843502e-05
0.9999972718794555
0.9999971744254323
0.999997426851068
1.8587622462495498e-05
0.9999972235687473
0.9999975030053112
0.9999972565118868
0.9999973341533454
0.9999972823855566
0.9999972212737372
0.999997338915239
0.9999973720852463
0.9999973174760828
0.9999972858434232
0.9999972774197424
0.9999973247315606
0.9999973307089349
0.9999973029567153
0.9999971877738633
0.9999973475924102
0.9999974748010888
0.9999973913044578
0.9999972492110037
0.9999973132154379
0.9999973888910588
0.9999973988272592
0.9999972160339091
0.9999973981853351
0.9999972831812677
1.1978192474848034e-05
0.9999972692826063
0.9999973376157155
0.9999972594611504
0.9999973566688531
0.9999972915095724
0.9999973661145753
0.9999973381113391
0.9999973079304038
0.999997322154882
0.9999973110808834
0.999997280374913
0.9999973491722577
0.9999972948537927
1.624057891798791e-05
4.407465117520419e-05
0.9999972386049695
0.9999973359467996
0.9999974556204372
0.999997414796909
0.9999971963213062
0.9999971102908128
0.9999973290030401
0.9999972945102362
0.00201950462982668
0.9999973356561357
0.9999972500169335
0.9999974286127596
0.9999974798604897
0.9999971977463308
0.999997400373027
9.495193120299816e-07
0.99999724912362
0.9999973078316678
0.9999973642767964
0.0019680002090457726
0.999997342858641
2.1909060207287764e-06
0.9999974174007046
0.9999972965441419
0.9999972782160724
0.9999972723501269
0.9999972946192667
0.9999973522518459
1.7141282438413158e-06
0.999997216806427
0.9999973721930029
9.198981498775897e-06
0.9999974509935378
0.9999972846971368
0.9999972793921624
0.9999973424577576
0.9999973362796223
0.9999972716026394
0.9999972050031104
0.9999975106435548
0.9999973121521473
0.999997347110462
0.999997406363879
0.9999973252806051
0.9999974938387542
0.9999972549136291
0.999997185728282
0.9999972615811916
9.541525640907578e-05
0.0
0.9999973338351168
0.9999974041117297
0.999997213976872
0.9999973702308217
0.9999974583691926
0.99999732198098
0.9999971514923801
0.9999973936248842
0.9999974919573567
0.9999972082430675
0.9999973693417877
0.999997280075189
0.9999974017037816
0.999997410482929
0.9999972623610632
0.9999974209524427
0.9999973674901351
0.9999974745952817
0.9999973182612063
0.9999974361045498
0.9999973597402162
0.9999974589273837
0.9999973257789567
0.9999971816088601
0.9999973624563548
0.9999973206606448
0.9999973575997375
0.0
0.9999974763906022
0.9999973050226204
0.9999973050042087
0.9999973790162745
0.9999974402809912
3.5952306421498108e-06
0.9999973161526299
0.9999972176961043
0.9999972646652575
0.9999973894697034
0.9999974121348183
0.9999974645521756
0.9999971581808776
0.9999972980096246
0.9999972119054121
0.9999972513733473
0.9999973702437154
0.9999972685562
0.9999972876185227
0.9999974165777482
0.9999973168564685
0.999997141872656
0.9999972666892031
0.99999737197793
7.200590717897996e-06
0.9999972360138921
0.9999972397689709
0.9999972910170093
0.9999972275805802
0.9999973523203229
0.9999973909645119
0.9999973918562362
0.9999973847114181
0.9999973971891895
0.9999973859577932
0.9999974366673097
0.9999972587075185
0.9999972623644084
0.9999973959781875
0.9999972564542025
0.9999972599487528
0.9999974092117515
0.9999973155387717
0.9999973182072514
0.9999973502329594
0.9999974382521477
0.9999972362437388
0.9999973428020875
0.9999972700458917
0.9999972515115366
0.9999973056156245
0.9999973538131355
0.9999972153945836
0.9999974693728545
0.9999974381513105
0.9999972533305277
0.9999972613853289
0.9999974413589394
0.999997385243644
0.9999973892252111
0.03095344124881602
0.9999972746032568
0.9999973479197621
0.9999972040229975
0.9999972132769729
0.9999973457925311
0.9999973057807544
0.9999973235420981
0.9999972502858581
0.9999974236092194
0.9999971563365438
0.9999973049164796
0.9999973451275298
0.9999973242925384
0.9999972213826764
0.9999973033656943
0.9999971846761493
0.9999972729210153
0.9999973815434907
0.9999973411098291
0.016183504778076598
0.9999974514139738
0.999997285971537
0.9999972400364082
0.9999974268556963
0.9999972547492966
0.9999974223991838
0.9999974880475918
0.9999974594124963
0.9999973522656378
0.9999973140606085
0.9999971338162131
0.9999973950099436
0.9999972622930741
0.999997184646952
0.9999973483051423
0.9999972417095591
0.9999973291154325
0.9999975074755785
0.999997139338482
0.9999972582354181
0.9999971954099327
0.9999971463823513
0.9999973032951928
0.9999974601080057
0.9999973465528256
0.9999973627519515
0.9999973487096298
0.9999973515157031
0.9999974443560459
0.9999973417008432
0.9999972794073132
0.9999973297725149
0.9999973104782527
0.9999973155039978
0.999997487919533
0.9999973646232655
0.999997421893369
0.9999973252839491
0.999997300086107
0.9999972921855752
0.999997292924778
2.0370801452110826e-05
0.9999974415354151
0.9999972992068228
0.9999973234355757
0.9999973829984505
0.9999973881104827
0.9999971389635101
0.99999724833207
0.9999973752085611
0.9999973469305405
0.9999972929531858
0.9999974448727725
9.69795159958159e-05
0.9999973880481365
0.9999973555709477
0.9999973851869499
0.9999972998885541
0.9999974276482726
0.9999974688974966
0.9999972288839243
0.9999973855239519
0.9999972764325745
0.9999972889467019
0.9999972444002546
0.9999973935261786
0.9999973196206147
1.979730052290131e-05
0.9999971819938189
0.9999974035646404
0.9999973739037405
0.9999973850016468
0.9999971312196059
0.9999973626899554
0.9999972886350856
0.9999972107925099
0.9999973112201698
0.9999973762724103
0.00012136301773177003
0.9999973602863125
0.999997290137383
0.999997325158377
0.9999972498996631
0.9999973085561367
0.9999974486088903
0.9999973032881542
0.9999973111701781
0.9999973015908024
0.9999975225503354
0.9999972937192849
0.9999972541863121
0.9999972672822164
0.9999972225041504
0.9999973594231645
0.9999972252044065
0.9999973902325779
0.9999974433478077
0.9999973135508021
0.9999974192864579
0.9999974142434778
0.9999973247693159
0.9999973801306237
0.9999974319411538
0.9999973587791341
0.9999971540062041
0.999997226722879
0.9999973367987812
0.9999972092966701
0.9999974253226532
0.9999971964824129
0.9999973455727831
0.9999973039901383
0.9999973710663165
0.9999973110138625
0.9999973704772709
0.9999972955568579
0.9999972403335783
0.9999973662559238
0.9999973031774047
0.9999973619458317
0.9999972664237973
0.9999973294557026
0.9999972666180199
0.9999972065818651
0.9999973510471064
0.9999971964140769
0.9999973801836682
0.9999974182770798
0.9999973900096156
0.9999974186425159
0.9999972664455734
0.9999972788775567
0.9999974087702537
0.9999973356891779
0.999997378279313
0.9999974426699855
0.9999973219928878
0.9999973327089842
0.9999972844680359
0.9999974032793264
0.9999973355188451
0.999997232766911
0.999997414126622
0.9999973294440845
0.9999973038434163
0.9999974630498952
0.9999972641675405
0.9999972068432077
0.9999972917815667
0.9999973119836383
0.9999972335331335
0.9999973079913026
0.9999973355596088
0.9999972880099419
0.9999973410203001
0.9999973635300266
0.9999974088344884
0.9999972205411527
0.9999973727730184
0.9999972997292409
0.9999972245646314
0.9999975088298217
0.9999973154295015
0.9999974020687021
0.9999973367743382
0.9999972533593966
0.9999974828297287
0.9999971786124725
0.9999973820966724
0.9999973656906639
0.9999972247700611
0.9999973443303304
0.9999972371235023
0.9999972914308854
0.9999973417181276
0.9999973437860294
0.9999974186508723
0.9999973325488607
0.9999973087308565
0.9999973550120764
0.9999973715413751
0.9999971894391471
0.20499989755404102
0.9999972604204346
0.999997402510061
0.9999972531042546
0.9999973629466584
1.9485481079977222e-07
0.9999973902308293
0.9999974034930951
0.2500486405862978
0.999997387778196
0.9999973689492005
0.999997399956076
0.9999973125713851
0.9999974169553336
0.9999973211579384
0.9999974282398033
0.9999971471790692
0.999997347017502
0.9999975126392568
0.9999971662628093
0.9999972512346749
0.9999973513217719
0.9999972530524733
0.9999972857763145
0.9999972605624944
0.9999973192140773
0.9999973180859509
0.9999972190159904
0.9999973180246916
0.999997425335012
0.9999972968174762
0.9999972946750599
0.9999974191994168
0.9999973169903718
0.9999973046575733
0.9999974101063103
0.9999973765029989
0.999997359460972
0.9999973284810687
0.007348015907759385
0.9999972124048206
0.9999972972118125
0.9999973880808926
0.9999974603688693
0.9999972925851659
0.9999973313785797
0.9999973398587648
0.9999974468383374
0.9999972830339162
0.9999974430777725
0.999997385599218
0.9999973537971527
0.9999972625487847
3.6206470525794926e-06
0.9999973640695252
0.9999974046841967
0.9999973951752973
1.4852291316645538e-05
0.9999972661938209
0.9999973316945151
0.9999972784552887
0.9999974808761372
0.9999972333545473
0.9999973487592178
0.9999974976753219
0.9999972461035713
0.9999973702067525
0.9999974441797411
0.9999972960837088
0.9999974132659971
0.9999973376483301
0.9999973285483732
0.9999972672450568
0.9999972163985225
0.999997247208706
0.9999971734162235
0.9999973016060959
0.9999972833207952
0.9999973538629895
0.9999972971851379
0.999997172613237
0.9999971764125398
0.999997357510336
0.9999973198788642
0.9999974086172544
0.9999973822051843
0.9999973192076003
0.9999972980511295
0.9999973340666679
0.9999973426478356
0.9999973781750725
0.999997282942078
0.9999974328487924
0.9999973653465019
0.9999973934370104
0.9999973645142118
0.9999973269953847
0.999997306947448
0.9999974718203194
0.9999973768278229
0.9999973969653644
7.060196697999652e-05
0.9999973893192389
0.9999973204693222
0.9999973430877056
0.9999973338366105
0.9999972057115529
0.9999974458590744
0.9999974042141418
5.520770739236318e-06
0.9999973675308299
0.9999973680764265
0.9999972406171733
0.9999973652944348
0.9999973365978301
0.9999973101590922
0.9999973611320531
0.9999972824425212
0.9999974180199838
0.9999973889340728
0.9999972838076384
0.9999973960716462
0.999997365531182
0.999997298321259
0.9999973134319781
0.9999973464575722
0.9999973108844558
0.999997443783895
0.999997470340287
0.9999973312504824
0.9999972600960483
0.9999973855752629
0.9999972540537935
0.9999972319015547
0.9999973281214599
0.9999974810162349
0.9999973136431679
0.9999974244413722
0.9999972724855599
0.9999971762903117
0.9999972941937842
0.9999972243565336
0.9999973460364183
0.9999971380238781
0.9999973159564499
0.9999973749164975
0.9999972448879239
0.9999974560863617
0.999997349804383
0.9999971376016914
0.9999973951790001
0.9999973065289065
0.9999974979622791
0.9999974016190517
0.9999972344843371
0.9999972618482181
0.9999974282928491
0.99999738495279
0.9999973433725446
0.9999974328534671
0.9999972140097728
0.9999973492341234
0.999997198071573
0.99999736943851
0.9999973538284577
0.9999973812760774
0.9999973685210858
0.9999972067498305
0.9999973408332384
0.9999973159315996
0.9999974219315
0.9999973085997945
0.9999974786270934
0.9999972517767862
0.9999972807355001
0.9999974249383436
0.999997409925095
0.9999972875601407
0.999997440511291
0.9999974100011909
0.9999974573232036
0.9999974157172887
0.999997251844021
0.9999974028705426
0.999997339539975
0.999997369817323
0.9999974270448834
6.528555431826656e-05
0.9999973113292213
0.9999973431974968
0.9999973002001058
0.9999971769609282
0.999997286191193
8.370470484907463e-06
0.9999974537285485
0.9999973362182937
0.9999973508045126
0.9999971624936437
0.9999972526424205
0.9999973297672873
0.9999973918737469
0.9999974267077077
0.9999973018612155
0.9999974030678183
0.9999971954160571
0.9999974259846857
0.9999974126822819
0.9999973651172483
0.9999972616095587
0.9999972721370458
0.9999973468089326
0.9999973109425998
0.9999971776529258
0.9999975122763347
0.9999973631753105
0.999997244895107
0.9999973171987327
0.9999971307793467
0.9999972567212951
3.707388157313811e-05
1.0820666891369645e-06
0.9999974137722475
0.999997386878809
0.9999973119886219
0.9999974159242826
0.9999971356481726
0.9999971290105348
0.999997243826672
0.9999971243785036
0.9999972757496254
0.9999973367569139
0.9999973049458915
2.5970909562274755e-05
0.9999973447849453
0.9999974096257687
0.9999973055413112
2.27426461777923e-05
0.999997243052375
0.9999973674202753
0.9999972527119392
0.999997335366261
0.9999973291862109
0.9999972454759577
0.9999972941012939
0.9999973700119628
0.9999972109573934
0.9999973932993115
0.9999974417773106
0.9999972330029419
0.9999973044236452
0.9999972628659723
0.9999972374797023
0.9999973535533434
