0.9997293835750267
0.9997358870795634
0.9997344474901579
0.9997339167963057
0.9997344473812213
0.9997338191117112
0.9997361230895142
0.9997341448114452
0.9997311671301835
0.9997438434740694
0.9997321148748797
0.9997331706204674
0.9997333807623376
0.9997355797827889
0.9997363233602758
0.99973812392216
0.9997368059165634
0.9997338038297968
0.9997385795202942
1.694489168027205e-05
6.93884673001712e-05
0.9997348657837551
0.9997321767207186
0.9997299930670395
0.9997335214097783
0.057830697351449474
0.9997364234775206
0.9997344248121294
0.9997351994625175
0.9997337264320708
0.9997309305781199
0.9997345666671692
0.00018381971309840871
0.9997332578973527
0.999727289341758
1.7810901347819215e-05
0.9997348831333638
0.9997358049496403
0.9997350032382343
0.9997361556320584
0.9997315369119217
4.327326185155652e-06
0.9997331313502679
0.9997332389438155
0.9997309773704784
0.9997420744730442
0.9997324782810021
0.9997409432851307
3.854032284460819e-05
0.9997319797942857
0.9997393305142989
0.9997328884508317
0.9997350736514595
0.9997285857255468
0.9997355832826053
0.9997317442861146
0.9997361431930881
0.9997328195414161
0.9997327667692816
0.9997358427438032
0.9997350757699833
0.9997302059765765
0.9997333912777245
0.9997338138546988
0.9997290468566375
8.457203281273189e-05
0.999732949811465
0.9997394201653278
0.99973270091074
0.9997349664593886
0.9997344042627727
0.9997289899005163
0.9997389836835995
0.9997301418817185
0.9997364602958365
0.9997313536536038
0.9997358989723834
0.9997294112162318
0.9997359482243837
1.0052567506625097e-05
0.9997334719928543
0.9997366489216848
1.5261115850071715e-05
0.9997370157157864
0.9997362600752255
0.9997346292898991
0.9997350048323408
0.999736318259286
0.9997319554491795
0.9997304707737052
0.9997350995344062
0.9997385476571424
0.9997331059840958
0.999730342910681
0.9997290918694777
0.9997375479362814
0.9997271480866241
0.9997324982438919
0.9997307755289886
0.9997356395804124
0.9997323953556985
0.9997319171890152
0.9997356212594248
0.9997320383964273
0.999732928461993
0.999732488816642
0.9997332678881322
0.9997356845366323
0.9997359062992356
0.9997369536709231
0.9997290208768441
0.9997329959272881
1.1322256955343187e-05
0.9997326115092806
0.9997302249279825
0.999738513444846
0.0
3.4954731159315734e-06
0.9997367190654922
0.9997339140835123
0.9997340133667219
0.9997325283377908
0.9997330448312817
0.9997353730619799
0.999728145829077
0.9997325987627431
0.9997386829645079
0.999735708610526
0.999727229592586
0.9997310567863646
0.999729047628277
0.9997325385786971
0.9997336573210757
0.9997329127806113
0.9997298753877761
0.9997352299789554
0.9997300685342015
0.9997298416433782
0.999737792620769
0.9997372694092963
0.9997362704620604
0.9997343732359425
0.9997341115660288
3.9194269790621055e-05
0.9997343058524427
0.9997328503610404
0.9997350769515928
0.9997332149021461
0.9997364706314904
0.9997291537201509
0.9997356974139214
0.9997375700742478
0.9997362675349031
0.00018472126757900127
0.9997339081204425
0.999728582635962
0.9997370460856083
0.9997339876978156
0.9997383515999014
0.9997340954471732
0.9997385429277287
0.9997401712210915
7.147051449141937e-06
0.9997299480752996
0.9997377899042799
0.9997354131599298
0.9997305781460325
0.999731765209843
0.9997332204912938
0.9997373214733729
0.9997325076492691
0.9997358314837733
0.9997298143928783
0.9997302555928582
0.9997331408485758
0.9997311420983012
6.599452457217941e-05
0.9997322295660113
0.9997382866739268
0.9997325275601665
0.9997315673124528
0.9997345502715955
0.9997339568921977
0.0
0.9997335209707969
0.9997337454001864
0.9997374944827068
0.9997349357142468
3.9077906149621076e-05
0.9997355134055135
0.9997285394664022
0.9997347637624718
1.6960140359812997e-06
0.999736911908736
0.999732497145843
0.9997345777161641
0.9997384640009502
0.9997348446336827
0.9997316906813644
0.9997340025069927
0.9997303285261255
0.9997386092469857
0.9997319294288619
0.9997335889976879
0.9997380516621859
0.9997341535978589
0.9997314176966112
0.999733066885823
0.999735020290899
0.0
0.9997379260498896
0.9997355351038042
0.9997300205183676
0.9997351481648928
0.9997326273791649
0.9997366441371479
0.9997350358663626
0.9997318479816834
0.9997357869159467
0.9997276767358546
0.9997280756666711
0.9997321812722683
0.9997302282823627
0.9997317352252943
0.9997371459282614
0.9997357767515174
0.9997292198027877
0.0
0.9997354137785868
0.999734304155627
0.9997313594063328
0.999732391508234
0.9997330036133402
0.9997362293312603
3.694284049941827e-05
0.9997319972866329
0.9997351039675736
0.999735793416604
0.9997406929779842
0.9997365241368408
0.9997363740682366
0.9997321640821745
0.9997358063911076
0.9997358614662627
0.9997312568151209
0.9997319530546981
0.9997311944422015
0.9997397500311721
0.9997265123735087
0.0002776574601574373
0.9997330643229715
0.9997369693221738
0.9997338197977038
0.9997321539220257
0.9997356327317876
0.9997340787061926
2.4875140568568197e-05
0.9997377114632131
0.9997338167977081
0.999733089423429
0.9997378720891877
0.9997350127749888
0.9997342909032422
0.0
0.9997377314876207
0.9997335557911797
0.9997315390160533
0.9997341672176635
0.9997329770667676
0.9997299142921273
0.9997391049945441
0.999727628162177
0.9997337559751884
0.9997323726190466
0.9997376896901549
0.9997335063355213
0.9997321678961466
6.649602617564225e-06
0.9997333518005703
0.9997331012961209
0.9997367183042637
0.9997315000890571
0.9997319535074644
0.9997383312407544
0.9997350373989315
0.9997366479554488
0.9997341845360881
0.9997337380305465
6.285819439697625e-05
0.9997331201138233
0.999733408514023
0.9997314831984643
0.9997355877875537
5.057864447923226e-05
0.9997359035422017
0.9997341081468777
0.9997340224345004
0.9997389940039263
0.9997347600461101
5.575114990624934e-05
0.9997320943155573
0.9997419325608093
0.9997384571408742
0.999733846977921
0.9997365853674481
0.9997332395675622
0.9997377623169015
0.9997306852327199
0.9997292898630262
0.9997288794096473
0.9997295303288863
0.9997387928127824
2.2903385647180934e-06
0.9997350990846012
0.9997350009451085
0.9997337549868209
0.9997349061895864
0.9997325082294851
1.1820456915517693e-05
0.9997378857737579
0.9997359340220467
1.911633764400239e-05
0.9997313773100073
0.999734958937313
0.9997350169954243
0.9997317879478462
0.9997317951986586
0.9997333146489505
0.005432404348283256
0.9997311510497253
6.848345354185567e-12
0.9997360271622129
2.875085760105016e-06
1.3309207962033513e-05
0.9997377025988688
0.9997365339582471
0.999735366386886
0.9997374598107294
0.99973543801581
0.999734109311166
0.9997364029691802
0.9997380082790968
0.9997327971866614
0.999735937390201
0.9997369073428363
0.9997311045470635
0.9997371688927373
0.9997378412898238
0.9997327692531991
0.9997359195077788
0.9997334343801532
2.1535050701645224e-06
0.9997278327810334
0.9997334883451822
0.9997299573170934
0.999727750827864
0.9997288620524626
0.9997313094642997
0.9997394333129327
0.9997381726105167
0.999732327180105
0.9997367703905132
0.9997332488783399
0.9997369453321009
0.9997306857235176
4.239168617326143e-05
0.9997283002472506
0.9997383888742535
0.9997370518857751
0.9997327182263431
0.9997350406559739
0.9997332525128367
0.999735996307045
0.9997350021662945
0.999734130911606
0.9997320817258327
0.9997301149227298
0.99973445777442
0.9997379217855967
0.999733882951608
0.9997400967638179
0.9997341653093896
0.9997324019712835
0.9997345498008371
0.9997334986040388
0.9997394249957671
0.9997358898883761
0.0
0.9997372350320674
0.9997297912546191
0.999734463711766
0.9997271495694791
0.9997257386792615
0.9997336616798356
0.999737313302176
0.9997364912454038
0.9997333483377202
0.00019565560847875497
0.9997364425588411
0.9997360532346451
0.9997356846472051
0.9997357992825054
0.00021101726354633837
0.9997324732015136
0.0
0.9997267747904043
0.9997327425991626
0.9997365489429549
0.9997303386289861
0.9997315425796525
0.9997364651100976
0.999733015877723
0.9997386361750614
0.9997349677150226
6.824686813708752e-05
0.9997342580778201
0.999735299463573
0.999735512350018
0.9997311991427508
0.9997331605031352
0.9997362314745792
0.9997329502087181
0.9997314902324173
0.9997313579889634
0.9997360922745505
0.999731500981001
0.9997312439383242
0.9997401031944892
0.999733873678719
0.9997356640128453
5.017017751104921e-05
0.9997378471370655
0.9997370903835373
0.9997361276021544
0.9997347056201458
0.9997349325633574
0.9997377294630178
4.23978543786716e-05
0.9997346197001369
2.7672817861381777e-06
0.9997313262165989
0.9997341407181957
0.9997360258090758
0.9997340542243401
0.9997307206432446
0.9997371292297654
0.999735441686906
0.9997355207358186
0.9997331609218303
0.9997308408224077
0.999731439673965
0.9997351549973091
0.9997303097173705
0.9997369639949438
0.9997324372770042
5.521214519415571e-06
0.999732146241075
0.9997280713399281
0.999730377390493
0.9997281931098968
0.9997312090397046
0.9997321957299682
0.9997355526138418
5.019663124734559e-05
0.999733592152985
0.9997322731998194
0.9997329055782416
0.9997359108264542
0.9997360454274442
0.9997293932256567
0.9997342647596825
0.9997323385083838
2.3803594914197483e-05
0.9997316426677001
0.999734417083698
0.999733589354002
0.9997373971970018
0.9997386435671016
0.9997336732196161
0.9997316328713959
0.9997271030966214
0.9997344271713531
0.9997352722301753
0.9997335078145007
0.9997279187518487
0.9997324746523074
0.9997347457719014
0.9997338321228367
0.999739214405799
0.9997288296533511
0.9997346939909083
0.9997311402816697
0.9997346240959679
0.999733681409127
1.3943102014154845e-05
0.9997344832519867
0.9997291084381921
0.9997374080855143
0.9997306920590673
0.9997354948079853
0.9997353457845563
0.999730698328742
0.9997361420721006
0.9997305693656787
0.9997291066329845
0.9997352208568221
0.9997310154176043
0.9997322887303994
0.9997383507467538
0.9997325385414582
0.9997383667434991
0.9997336566174474
0.999737016592018
0.9997324130569815
0.9997391079847808
0.9997304973036684
0.9997341144421327
0.9997360695866403
0.9997393238020607
0.9997334037773288
0.9997344874912616
0.999732419488822
2.9452105475270027e-05
0.9997355210644479
0.9997364438019178
0.9997303842448169
0.9997391093572544
0.9997275798462161
0.9997363230447931
0.9997323080820174
6.478133325798462e-05
0.9997293510294412
0.9997325548915565
0.9997397209453869
0.9997318823201212
6.305746973885784e-05
3.714762308509437e-05
5.3183851735751395e-05
0.9997355814956516
0.9997358791042965
0.9997350842972238
0.9997387675774723
0.9997365250201329
0.9997396854889642
0.9997319257377544
0.999737580520371
0.9997337749664335
0.9997376876693768
0.9997299083862643
0.9997401409384348
0.9997270853256276
0.9997360902516053
0.9997304881539135
0.9997315917681948
0.9997367069380437
0.007595322168882393
0.9997299641876451
0.9997347755712405
0.9997375358001631
0.9997333263856032
0.9997323849961869
0.9997345434133732
3.263302159049543e-05
0.9997310607903516
0.9997361917828508
0.9997338926925868
0.9997325701333618
0.9997351303568653
0.9997349875463171
0.9997392320674278
0.999731159345719
0.9997359853132713
0.0
1.695484455170104e-05
0.9997264262701736
0.9997336622282735
0.9997362998073805
0.9997320303690196
0.9997324125611302
0.9997362052105735
0.9997389852976422
3.949959123919725e-05
0.9997342827615394
0.9997313298598992
0.9997346953256061
0.9997361292843272
0.9997354900420854
2.49259460379454e-05
0.9997361487310967
0.9997346393162403
0.9997274421748931
0.9997338718743658
0.9997328364624769
0.9997342879304084
0.9997316840561732
0.999737109484632
0.9997358558817722
0.9997368325394168
0.9997384335081781
0.9997320776339121
0.9997356050150207
0.9997369880143274
0.9997356180463086
0.9997320715153021
0.9997323463876471
0.9997301027374523
0.9997350297209502
0.9997307816879547
3.906449594679245e-05
6.090303712414156e-06
0.9997323701151474
0.999728356128268
0.9997359696992733
0.9997318537143977
6.520017356734508e-06
0.9997324800737641
0.9997379414457558
0.9997420850878532
0.9997338913765753
0.9997362759834387
0.9997357187688978
0.9997334069382288
0.9997343270843738
5.3063987235748415e-05
0.9997363135324103
0.9997323654278077
0.9997318676488942
0.9997361215284847
0.9997314180193002
0.99973288731969
0.9997344624008351
0.9997365707777238
0.9997307844090536
2.4026493912633537e-05
0.9997345120635013
0.999735266843238
0.9997330371974565
0.9997397059487533
1.54533200823548e-05
0.9997346174328584
0.9997320731015759
0.9997282027951223
0.9997310671587866
0.9997358934944636
0.9997304734943855
0.9997303678043641
0.9997366459344591
0.999737660732294
0.9997355326364048
0.9997288766267839
4.422553659580568e-05
0.0002849210089868735
0.99973972414609
0.999727386580869
9.208722447509086e-06
0.9997344128406451
0.9997342293537411
0.9997370420652479
5.2092426952780715e-05
9.296733593852943e-05
0.9997356437823572
0.9997338416622057
0.9997393555170319
0.005382191854602216
0.999733616760807
0.9997360295916256
0.00443705570247407
0.9997351617340617
0.9997267746576404
0.9997295756737017
0.9997353097620425
0.9997362386498331
1.6393945289636836e-12
0.9997339534563306
0.9997308732024563
0.9997372638091184
0.9997403499023669
0.9997326755105032
0.9997371821452082
0.9997333668197067
5.046218038367183e-05
0.9997378117138612
0.9997362154191983
0.9997324367468549
0.9997295778507385
0.9997306705804572
0.9997320693286404
0.9997329319853069
2.1931171965739013e-05
0.9997357162998161
1.3084440055067881e-05
1.2043254447193403e-07
0.9997402795506356
0.9997397864786105
9.430561681198297e-06
3.4164432014136657e-05
5.871524530397828e-05
0.9997313773588328
0.9997388983104075
0.9997362081707245
0.9997374882957747
0.9997374205070699
0.9997269505926942
