0.9999973397730049
0.9999972305005533
0.999997462944036
0.9999971320756281
0.9999973999134039
0.999997391610225
0.9999972300679433
0.9999972980150544
0.9999972962545941
0.9999972373841446
0.9999973105739025
1.1888778626802547e-05
0.9999972623401431
0.01521984280550089
0.9999973721483018
0.9999971548927591
0.9999972858261406
3.871841512617598e-15
0.9999974069585459
0.999997254158931
0.9999972478532215
0.9999971726748491
0.9999972662497091
0.9999973004063184
0.9999973654765238
0.9999973397483637
0.9999972988205301
0.9999974493941747
0.9999972648717013
0.9999973537634297
0.9999972594009906
0.9999973444157697
0.9999974053378371
0.9999974503142489
0.9999974679451414
0.999997395142442
0.999997336725301
0.9999973494492003
0.9999973088621728
0.9999972511273004
0.9999973115770032
0.9999973961524756
0.9999973561926049
0.9999972979520549
0.9999973827153797
0.9999973075596715
0.9999973790654793
0.999997358171669
0.9999973326223645
0.9999973080049547
0.9999974829138066
0.9999972070372081
0.9999973653332009
0.9999973221104312
0.9999973597400683
0.9999972814510603
0.9999974010950307
0.9999973832056165
0.9999972339334512
0.9999972267692172
0.9999973649729118
0.999997287356704
0.9999973256955846
0.9999973456166247
0.9999974173734582
0.9999973838912445
0.9999972921495773
0.9999972581960033
0.999997477986669
0.9999974564859366
0.9999972657774194
0.9999973601546097
0.9999973631391096
8.291290926009582e-07
0.999997433423273
0.9999973897746501
7.849227046017117e-07
0.9999973848665284
0.9999973222394856
0.9999973108287126
0.9999973895724558
0.9999972245419466
0.9999974127233602
0.9999973298151351
0.9999973724098122
0.9999973535945066
0.999997463621084
0.9999973041022798
0.9999971849657707
0.9999974278051973
0.9999972847032161
0.999997385964024
0.9999972716141315
0.9999973590004916
1.2406053397226046e-05
0.9999973290798356
0.9999972269668014
0.9999974318210798
0.9999972578581655
0.999997376012443
0.9999974844039887
0.9999973586410569
0.9999973294468378
0.9999973851042886
0.9999974232712926
0.9999973827239265
0.999997234076153
0.9999974116246122
0.9999973274973452
0.9999971745868073
0.9999972246440353
0.9999974369433998
0.9999973608571833
0.9999973371066051
0.9999974003316332
0.9999972493596251
0.9999972261226153
0.9999973696664303
0.9999973133555435
0.999997339190975
0.9999973231281991
0.9999972685455525
0.9999972780014881
0.9999974343742628
0.9999973423188947
0.999997311309579
0.9999974049904947
0.9999973612833014
0.9999974355056421
0.9999973384664022
0.9999973006596385
0.9999973975723492
0.9999973247133213
0.9999973378626594
0.9999973419298152
0.9999972032847487
0.9999972287642803
0.9999973376312418
0.9999972873934057
0.9999974100439585
0.9999974426507406
0.9999973429263807
0.9999973465349842
0.9999972421771675
1.1377004212255954e-05
0.9999973190363353
0.9999973050416946
0.999997321680767
0.999997307350774
0.9999972975107794
0.9999972100028016
0.9999973787272962
0.9999972885932994
0.9999974000122682
0.9999975482841229
0.9999973618187893
0.9999971728348924
0.9999973357524838
0.9999971834177932
0.999997406742365
0.9999971679905075
0.9999973937001436
0.9999973462120021
0.9999974364816837
0.9999972729702689
0.9999972728310265
0.999997339614061
0.9999973300986991
0.999997482259319
0.999997270034237
0.999997248086416
0.9999973348371162
0.9999974698124188
0.9999972370351105
0.9999973489510403
0.9999975323803412
0.9999972040674362
0.9999973839400377
0.9999972204405229
0.9999974118114427
0.9999973682330194
0.9999973327380889
0.9999973210065439
0.9999973607547791
0.9999972970485325
0.9999973168147329
0.9999973616529257
0.9999973009846599
0.9999971897683283
0.9999971995986304
0.9999973151012945
0.9999973871129316
0.9999973771416742
0.9999973039404302
0.9999973747259032
0.9999972427805696
0.9999972816322478
0.9999972142987386
0.9999972979441137
0.999997440538661
0.9999973217558833
0.9999972210609849
0.9999973276565336
0.9999974205521012
1.8145732354038063e-05
0.9999973849287004
0.9999974167370241
0.9999973674996002
0.9999974412172546
4.567225891846752e-05
0.9999974505385589
0.9999974687465412
0.999997325735517
0.9999973519541279
0.9999973337834572
0.9999972667750752
0.9999973666051769
0.9999972782541949
0.9999972427765677
4.653613650765189e-06
0.9999973564228265
0.9999973287640838
0.999997356628517
0.9999972763167922
0.999997411443506
1.444473327592674e-05
0.999997286494414
0.9999974097134797
0.9999973237809903
0.9999973714546673
0.9999973675613614
8.495806003374704e-06
0.9999973259070427
0.9999973160615735
0.9999974233742126
0.9999973723632349
0.9999972590185786
0.9999973947431156
0.9999973204504471
7.777515157113455e-06
0.9999974736411372
0.9999973943391748
0.9999973923598122
0.9999973729882612
0.9999973928464507
0.9999972639590781
0.9999973275035722
0.9999973048933954
4.673968956121799e-06
0.9999973197400689
5.122784118878246e-05
0.9999972466365908
0.9999974245812684
0.999997214837093
0.9999973342733843
0.999997421068358
0.9999972883871161
0.9999972737866409
0.9999974447808697
0.9999972275957318
0.9999974149227278
0.9999974399414309
0.9999973620989916
0.9999972823352822
1.6243172870816391e-06
0.02928898408241423
0.999997218816759
0.9999973841744099
0.999997319217706
0.9999972169999984
0.9999973676647852
0.9999973873464406
0.9999973395179108
0.9999972560126796
0.9999973027545652
0.9999972159585983
0.9999973487542877
0.9999972150213529
0.9999972214720763
0.9999972554620011
0.9999972436502937
0.9999973711685193
0.9999972236313056
0.9999974088355962
0.9999974289636598
0.9999973692021707
0.9999973790049591
0.9999973790340514
0.9999974146003225
0.9999974036517031
4.360015254949333e-07
0.9999973719079557
0.9999972517553193
0.9999973627188492
0.9999972015818142
0.9999972819612131
0.999997138478135
0.9999972910831547
0.9999974993764199
0.9999973272028154
0.9999973219739307
0.9999973569777889
0.9999972803550142
0.9999973191145932
0.9999975799951062
0.11122132328731009
7.52903260899688e-05
0.9999973747139879
0.999997286225706
0.999997366930546
0.9999973211513596
0.9999973176459211
0.9999972444417273
0.9999973738815635
0.9999973906368569
0.9999973908423787
0.9999971313508562
0.999997306576204
0.9999972814519913
0.9999972742576337
0.9999973398709334
0.9999973779373932
0.9999972793042919
0.9999972770196761
0.999997311565111
0.9999974244086653
0.9999973649591877
0.999997310107905
0.9999973253414433
0.999997368864621
0.9999973914880269
0.23630726881192465
0.999997295074126
0.9999973606315132
0.999997298318138
0.9999972303153768
0.9999973217017174
0.9999972313260622
0.9999972915693058
0.9999973457649327
0.9999972250961134
0.999997418980414
0.9999974243846004
0.9999972683345418
0.10654574001246636
0.9999974197862181
0.9999973582260352
0.9999973064685602
0.999997293279533
0.9999973149962684
0.9999973678884525
0.9999972363707852
0.9999974922413991
0.9999972167427287
0.9999973714944912
0.9999974052224759
0.9999975551831973
0.999997328433909
0.9999973121377184
0.9999973140343102
0.9999971110629832
0.9999973114804614
0.9999973274108915
0.999997290682814
0.9999971570238362
0.03096292954463397
0.9999972520390332
0.9999972386227036
0.9999973232438271
0.9999972435096256
0.9999972123710181
0.9999973299049838
0.9999971979295528
0.9999973001117646
0.9999974192192689
0.999997325743786
0.9999971822805498
0.9999972470896495
0.9999973483580235
0.999997238466275
0.9999973977921379
0.9999974220926736
0.9999972461962296
0.9999974654677827
0.9999972126775448
0.9999973212120558
0.9999972187567787
0.9999972655904207
0.9999974138203739
0.9999974573092275
0.9999973464133403
0.9999973555771439
0.9999974885573951
0.9999973853000051
0.9999973471840592
0.9999973885245118
0.9999975079608194
0.9999974585700342
0.9999973863936309
0.9999974140170977
0.9999974645573597
0.9999972699303122
0.9999973050055545
0.9999974002339419
0.9999974588244064
0.9999971540171922
0.9999973058679799
0.06251830856816802
0.9999973880624569
0.9999972698354502
0.9999974202348947
0.9999972168464384
0.9999973692774708
0.9999974857349611
0.999997270246428
0.9999972554653449
0.9999973561753728
0.9999974455278238
0.9999972577302503
1.7616830820575683e-05
0.9999975092469482
0.9999971494273514
0.9999972956694858
0.9999973470490083
0.9999973441040613
0.9999974028854925
0.9999974595405307
0.9999972878977895
0.9999974269092314
0.9999973368415161
0.9999973400553417
0.9999972797734097
0.9999973789470802
0.00027686148425628865
0.9999973593816407
0.9999974778577134
0.9999974079726225
0.9999973771362282
0.9999971881552396
0.999997372875676
0.9999973882472499
0.9999973857314981
4.683564771752509e-05
0.9999974436124348
0.9999971998922493
1.3297082315064585e-05
0.9999974663340475
0.9999971767989264
0.9999974711699391
0.9999972581798213
0.9999972739386533
0.9999972916852008
0.9999972917400988
0.9999972245495758
0.9999974772952166
0.9999973340732689
0.9999973343507574
8.364920055745507e-05
0.999997264829499
0.03232684824856978
0.999997289634909
0.9999973854132601
0.9999973855090829
0.9999972460495121
0.9999973008740112
0.9999974051251874
0.9999972934192649
0.9999973220332793
0.9999973121949899
0.025002279172409658
0.9999974455802133
0.9999973917754746
0.9999973377147957
0.99999730988073
0.9999973801588976
0.9999972290767006
0.9999973803022331
0.9999973971991473
0.9999974404886651
0.9999973008399993
0.9999973459919255
0.9999973837149431
0.9999973402048834
0.9999974092854644
0.9999972559417662
0.9999974427221914
0.9999973162427888
0.9999972666787244
0.9999972036097967
0.9999973561082531
0.999997361270537
0.9999973619391499
0.999997471244353
8.154649857191803e-07
0.999997392472529
0.9999973535210193
0.9999972669275703
0.9999973488289978
0.9999973072331925
0.999997179162714
0.9999973294838317
0.9999972068894948
0.999997293938725
0.9999972947077791
0.9999973041561575
0.9999972448420705
0.9999972335335481
0.9999974302751509
0.9999973136094077
0.9999974303642515
0.9999972392349822
0.999997163270752
2.3532573284467306e-05
0.999997394482664
0.9999972341911465
0.999997355638379
0.9999973478142831
0.9999973237450785
0.9999974520813686
3.0033189453423734e-06
0.00013627724871156753
0.999997212637242
0.9999974267400479
0.9999974444168483
0.9999974562880933
0.9999974297230652
0.9999972680532678
0.9999972584660933
4.02675840939271e-06
0.9999973024192268
0.9999974076254948
4.635061764686022e-05
0.9999973463801962
0.999997331932051
0.9999973488022464
0.9999973252203878
0.9999973582835818
0.99999734209522
0.9999972718123393
0.9999971942568323
0.9999974559374143
0.9999974641055903
0.9999971745149013
0.9999972463860263
0.9999974607851924
0.11130692090197056
0.9999974181910467
0.9999974172252301
0.9999973250225928
0.999997441779226
0.0035080495206916682
0.9999972737558873
3.290821095667516e-06
0.9999972847269476
0.9999974840560304
0.9999973529942179
0.999997247685606
0.9999972147657528
0.9999974450032973
0.9999971217918808
0.9999972756052711
0.999997405017829
0.9999974005741378
0.9999971989408708
0.10858068330051325
0.2053012598510115
0.9999972449088572
0.9999973374933148
0.9999972572457627
0.9999972484159289
0.9999972389159962
0.9999973596604705
0.9999973564604419
0.0
0.9999973577712954
0.9999973291728731
0.9999975164121861
0.9999974137890763
0.999997456175147
0.9999973370207272
0.999997256002464
0.9999973477429367
0.999997312494286
0.9999971524973541
0.0001065715223394945
0.999997256825723
0.9999974787285493
0.9999973817556228
0.9999974279384837
0.9999974611369798
0.999997397172873
2.8331713349578707e-05
0.9999973848683903
0.9999971025266771
0.9999973563806835
0.9999974871799993
0.9999974539801159
0.9999973577167255
0.9999974104652045
0.9999973853518915
0.9999973205747656
0.999997397295467
0.9999973671390113
0.9999972769507169
0.9999973424769263
0.9999973986877073
0.9999975136066134
0.9999973760736864
0.9999974839744409
0.9999973719094916
0.9999973936779858
0.9999972863054153
0.9999974850406846
0.9999973692280458
0.9999973533089304
0.9999973402529962
0.9999973320316926
0.9999973479215569
0.9999974338720463
0.9999971419155356
0.99999731870818
0.999997332939268
0.9999974469736667
0.999997412094762
0.9999971741077467
0.9999973478480545
0.999997213582467
0.9999973937709331
0.9999971646141551
0.999997369443546
0.9999972206339084
0.999997428621365
0.9999972503060285
0.9999972385097013
0.999997304853039
0.9999973760366312
0.9999973231195238
0.9999974357437692
0.9999973029333593
0.9999972963273085
0.20440748226123584
0.9999972522505273
0.9999974392985043
0.9999971876289884
0.9999972936294869
0.9999975081297039
0.9999973823761504
0.9999972753399439
0.9999971974069236
0.9999972861058603
0.9999974705271562
0.9999973505537553
0.9999973177242863
0.9999974265890434
0.9999973907810158
0.9999972965822336
0.999997277849666
3.6649386161795517e-06
2.0727983632829315e-05
0.9999973621228643
6.562780021158541e-07
0.9999972542436938
0.9999973639769498
0.9999972656285749
0.999997304758691
0.9999973571229577
0.9999973190140597
0.9999972900202211
0.9999974055073411
0.9999972355392907
0.999997234121107
0.9999973823295736
0.999997340819564
0.9999973465379336
0.9999972852791642
0.9999973728903936
0.999997326861802
0.9999973175265501
0.999997369654428
0.9999973008750996
0.9999975114751108
0.9999975450787993
0.9999972985166099
0.9999972051349865
0.9999973207884023
0.999997250858513
0.9999972764107137
0.9999974121186722
0.9999973317611919
0.9999973817827794
0.9999974741519551
0.9999972116859056
0.9999973738907594
0.9999973572816073
0.9999972221652587
0.9999974394418407
0.9999973537594224
0.9999973124819577
0.9999973106587603
0.9999973056960421
0.9999972537366154
0.9999973949170358
