2.739655812279536e-05
0.999997343856965
0.9999972251348718
1.4766508723178643e-05
2.442072115468179e-05
0.9999972178906266
0.9999971909328914
0.03107710829494639
0.006850072233343797
0.01448363411718402
0.9999973949367045
0.9999974032465639
0.9999972905705866
0.9999972553957328
1.024627786127145e-05
0.004030344935380819
4.367902809195104e-05
0.999997319580122
2.91013781954688e-07
0.9999972031834008
0.9999973191375267
5.864103164307489e-06
0.999997478320143
0.9999973093488672
1.0788748805522565e-07
0.9999973271457082
0.9999973350233958
0.9999972225088717
0.9999973691839402
9.733557579040325e-05
0.9999973303135686
0.0002038207429718464
0.9999972314360375
0.9999973542621841
0.9999973896362064
0.9999973731708798
0.9999972870911352
0.9999973749199448
9.84145381363451e-06
0.0017153120293206953
6.837354682162933e-06
0.9999974897208888
0.00010574031333987911
0.9999972977842003
0.9999972674312172
0.9999973872769872
0.0020102840473567997
0.0018557484835465992
0.9999972092830539
0.9999973676236151
0.007495360719932194
0.9999972631234638
0.9999972528041073
0.9999972729391493
0.9999974291008572
0.9999973361938184
6.204761393243424e-05
5.329731553050384e-05
0.9999973756473756
0.9999975037647607
0.003121542098915611
0.00012325184418227015
0.999997351691399
0.9999974142610857
5.960033301884825e-05
0.9999973649806172
0.0016902601526899324
0.9999974622240388
0.9999972813336458
0.9999972779326344
0.0017291755349078163
0.9999974376693772
0.999997208671407
0.9999973406277477
0.999997212189523
0.9999973238331615
0.06359441561513447
1.8068613899296016e-05
0.999997225942482
3.479701894914386e-05
0.9999972303522603
1.2833900036769874e-05
6.0012581798296335e-05
0.9999973690530978
1.684615484464506e-07
0.007846458304865961
4.774327758080023e-06
0.9999972186050823
2.329803164239063e-05
0.9999974084866791
0.9999972151036982
5.451591763421471e-05
0.9999973396162237
0.9999972340636697
0.9999972700587676
0.9999973019638353
0.9999973183676586
0.9999974825406824
0.9999974949252265
0.9999973423191874
0.9999974995125572
0.9999973282826127
0.9999973215053574
0.9999972671492985
0.9999972179435971
4.1651771189703465e-05
0.9999972368205808
0.9999973297137337
0.9999971342831852
0.9999973253276012
0.9999971960509542
0.999997386183356
0.9999974286752711
1.843232251287166e-05
4.8930467980171095e-05
0.9999974992658565
0.9999972703020975
1.19882172779825e-05
1.06562891076022e-05
0.999997341989218
0.9999973077977932
0.03020591844694191
0.9999973997013298
0.9999974518964608
7.730762896894966e-06
0.9999974306606677
0.9999973501576346
8.38758330045626e-06
0.9999974211704373
1.5801279137751114e-06
0.9999973804437241
0.9999972250619569
0.9999973536117894
0.9999972924412421
0.9999974204526003
0.9999974571189584
0.11622949702155927
0.9999972725686236
0.007628736703874099
0.15397172905485124
0.9999973991962596
0.9999973565263235
0.9999972050494123
1.9025675294517647e-05
1.3891400156099926e-05
2.6563212018470876e-06
3.090871697789934e-05
1.0883062805897033e-05
0.20653159526117834
0.9999974575100219
0.9999973172693277
0.0023132658160534086
0.9999973205450469
0.9999972914402107
5.17826198923127e-06
1.48195395871444e-06
0.03076902610951496
0.9999972782132518
0.9999972287688822
0.999997366236431
0.08745165028491501
3.5713443733607355e-05
0.9999972160496453
0.9999971909817038
0.9999973716785271
1.0785273458911517e-07
0.06881347715560826
0.9999973589385797
0.05640733778893319
0.9999972382624914
0.9999972283525478
0.9999972715547082
0.999997439399168
0.9999973385727381
0.9999973971411249
0.00848926175006657
0.9999974201928302
0.9999972933127191
0.062249583658998874
0.9999974195155897
0.9999972280960161
0.9999973674399161
0.9999972230951713
0.9999974474008588
1.233293459586451e-05
4.778133889463691e-05
0.9999972495446533
0.999997358632656
4.06009796994301e-05
0.005463132906951636
0.9999973568021656
2.092229951776274e-06
0.999997347134793
0.9999974718992364
2.9093653844615675e-05
0.9999973040096196
3.934181585572539e-05
0.03986564238650903
0.9999973396598679
6.39082602145949e-06
0.999997257278764
3.29486251010258e-05
0.9999971101497601
0.999997275312085
0.9999973872110315
1.0357417544926932e-05
0.9999972362991526
0.9999973956256968
0.999997356701107
0.9999974602953019
2.7182905838362878e-05
0.9999972995680056
1.103792539562036e-05
0.999997332405925
0.041797010603194816
0.2500162115626473
9.758955077088036e-06
0.9999972995442498
0.9999973580970344
0.9999973926042719
0.9999973619733719
0.9999972290527064
0.9999973471626012
0.004118663129225114
0.999997351736461
0.9999973842967621
1.040119775375379e-05
0.004166316252920254
0.9999973776016577
2.1171364027288596e-05
4.500848492132566e-06
0.999997530296369
0.9999973910057023
0.9999972738092324
8.818853647063108e-05
1.1781136634955353e-05
8.08710360536159e-06
0.9999972394982781
3.317509784048957e-05
1.4249574994614515e-05
1.1251657149926878e-05
4.326968043215333e-06
1.3299632365731237e-06
0.9999973433383841
0.9999973693361522
0.9999972877334268
8.270914334129043e-05
0.99999728960781
1.3146935015585417e-05
0.9999972871802558
0.9999973058022261
2.7709690860045694e-06
2.426272871243845e-05
0.999997318954368
1.0645105650636643e-06
0.9999972095403138
0.9999973850007466
4.562460729050554e-06
2.612808913091541e-06
0.9999973560895877
0.10276253571744261
0.012243272782553757
0.9999973082735184
0.9999974244242102
0.9999972249837183
0.999997213912576
0.9999972786653015
0.009489129218868351
0.9999972138814703
0.25004524551347085
7.392304221025186e-06
2.075401829050218e-05
9.614621602216688e-06
3.976020531178581e-06
0.9999973806964911
0.99999726557264
0.9999972778528179
0.9999974056998466
0.01651712645012833
6.053907009876344e-06
0.9999974122571199
0.04283582324086392
5.522391470181092e-06
0.9999972083191025
0.9999974851448601
0.9999973850533452
1.5594802639657707e-05
0.9999972860136628
0.2501067238552651
0.9999973957182973
0.9999972862059405
0.9999972869856231
2.82254253938527e-05
0.9999972312766066
2.211677282607448e-05
0.9999972724634723
0.9999974081571795
0.999997337947434
0.999997202573345
2.513544610845897e-06
0.9999973140566342
0.9999974032510905
0.99999726818595
0.9999973711066221
0.9999973829719322
0.9999974047391348
0.9999971995820397
0.9999972235479457
0.9999971458930957
0.9999970538237646
0.9999974654176411
0.9999972891910657
0.9999972783367357
5.8999302338319604e-05
0.9999973449633003
0.9999971762196619
0.9999974789824274
0.9999973425919282
0.9999973220611329
1.021203061653353e-05
2.25003066376978e-05
0.9999973124569713
1.8613309711914836e-05
0.9999973748768152
0.9999972374532048
0.9999973069031456
3.328373467110072e-05
0.0074721521298885376
0.9999972307590554
4.568264506666063e-06
5.870353842708451e-06
0.05797967866160687
0.9999972500593312
0.9999973346654426
0.9999972952050895
0.9999972471208115
0.999997313172496
0.00800954892520892
0.9999973168862987
0.9999972333301066
0.9999972125568108
0.999997295488369
9.079428558735844e-07
0.9999973053185188
0.9999972291520698
0.9999972488992616
3.118504610004718e-05
4.342003767196645e-06
4.3183355619093944e-06
8.270509265237128e-05
0.00010542172488594038
0.9999972449564041
0.9999973849090521
0.9999974240595473
0.03166120023610493
0.9999973005882372
0.9999974318387936
0.9999972276213627
0.9999973111727736
0.9999973022110901
0.9999973077428286
3.925521474636737e-06
0.9999973050479534
0.9999973195641293
0.9999971598946275
0.9999974038942246
0.9999973229472665
1.3372855104573463e-05
2.0966955432265414e-05
2.481149986373702e-05
0.999997385379392
0.9999973816285872
0.9999972892613498
0.9999972557991754
0.999997254337949
5.396653344808155e-07
6.465814407874717e-05
1.2351006504520868e-05
0.9999971301836315
2.842744424950082e-06
0.9999971802539827
0.9999974033543725
0.9999974589195426
2.059964345890989e-05
0.9999972103440269
0.9999973154512183
0.0070946442668239264
5.512852129913692e-06
0.9999973555590661
2.5312860073292213e-05
1.782234562729641e-05
0.9999973832281331
0.9999972205521686
2.1702956018567838e-05
0.9999973703051719
0.9999973326649819
0.9999972006801636
0.9999973306233377
0.999997465624379
2.4981247711867715e-05
2.000163821779306e-05
6.604653763711004e-05
3.1512052441819366e-05
0.9999973331989549
0.9999973288188456
0.99999732463062
2.6535886181289773e-05
0.9999973147911554
0.9999974448667649
1.0583288268718026e-05
7.05477257345809e-05
0.9999973625777137
0.999997304625302
8.051951738668183e-07
2.3868429684210514e-05
7.474494807405659e-05
0.00812218810552377
1.6962070548001348e-06
0.9999975399228453
0.9999974095719466
0.9999970972615358
0.9999972972183687
0.9999973552129714
0.9999972987322144
0.9999973006272911
0.9999972195873221
0.9999973671981689
0.9999975173008924
0.9999974748572924
0.9999972958938308
0.9999973486718067
0.9999972552521339
0.9999973643999078
0.006687119294810968
0.0006110915404795361
0.001966547277987585
0.9999974353252433
0.9999972784014389
5.95657207228558e-05
0.9999973054539094
0.9999973472158593
1.2832182709539364e-05
0.0021120632379643986
0.999997390641217
2.7124771165333305e-05
0.9999971427956907
0.20655159617157848
0.9999971094541884
0.9999974837860418
0.9999974267404509
0.9999974007731466
0.03009991755519243
3.1138666967323546e-05
0.999997369157987
0.9999972387815454
0.9999974149907848
1.2363738920808711e-05
0.9999971779904465
0.9999973718654999
0.9999973869751976
0.9999973824786896
0.9999973169721605
0.9999974411495296
0.0019248070377341133
0.9999973278028095
0.9999972339267241
1.244874202276576e-05
0.9999973275479148
0.9999972971389091
0.9999973582552802
0.9999972342653166
0.01586469503881533
0.008977884935448531
0.9999973312621266
5.762493261657611e-05
0.999997310427217
7.844407602386195e-06
0.9999973602646094
0.00403354134390299
0.9999974426347628
2.294828745905804e-06
0.9999974092392019
0.9999972960140582
0.9999973904672872
3.0070264123642875e-06
2.7407038956304434e-05
0.9999973067521646
1.3794256449720075e-06
0.23779909854818856
0.9999974257330957
0.9999974018733426
0.9999973529157281
3.308864723625974e-05
5.56162748189113e-06
0.9999973596198016
0.9999972693328959
0.9999973448305638
0.999997332823037
0.9999972987477604
1.5835301218706652e-06
0.9999975288884508
0.9999973717347815
0.999997327713934
0.9999974125659697
0.9999971861250061
0.04711561673131814
4.855573539363809e-05
0.9999972275042796
2.353753000787287e-05
0.9999972883828402
0.9999972849590318
0.9999972278608599
0.9999973909557021
0.9999974282266059
0.9999975132209312
5.815508974741978e-06
0.9999972234323802
2.671481486780456e-05
4.321592770667298e-05
0.9999974455244414
0.9999972946440258
0.9999971130296761
0.001887115325123574
6.35687198393704e-05
0.9999972880451923
0.9999973620788861
1.8989016335852444e-05
0.9999973119180082
0.9999972492974083
0.9999973197992
0.9999973273808811
0.9999973680858625
0.0
0.9999973333567006
2.1520922170411948e-06
1.3730295449084564e-05
1.0197842013012946e-05
0.9999974412519291
7.447294911268612e-05
0.9999974825405816
2.9754691595078342e-05
1.2467556961235283e-05
0.9999973224223244
7.4958377485009e-07
0.9999973759166211
0.9999973246850199
0.9999973574062243
3.159412130306392e-05
0.999997236693217
0.9999973655676073
0.9999974444092413
1.0762909320578973e-05
0.9999973332581622
0.999997396780897
0.9999974056119046
0.9999973369264894
0.9999972616498926
4.683826990810992e-06
0.9999974421265317
0.9999973306170643
1.8977426952848067e-05
0.001961411456164222
5.509588896980436e-06
0.9999974025944041
0.9999973064357165
0.0066503425879099265
2.6149528823449328e-05
0.9999973034980197
0.9999973105473781
0.9999973539048433
0.06193739511783239
0.9999973235009557
0.9999974640118874
0.9999973951882785
0.9999974083702146
5.0854223876596526e-05
0.999997356295317
2.0444308046256797e-05
2.7097651794945062e-05
0.9999973054628203
0.9999973146601415
0.9999973640044092
0.9999972194827026
0.9999973946817399
0.9999973337949862
0.9999972830582133
0.999997339404441
1.284046016660714e-06
1.4403442309266498e-05
1.491759539726766e-05
5.084256021482905e-05
0.9999974003041839
2.183433163876567e-05
0.9999971526822733
0.9999971324728227
0.001724253930489348
0.999997220077228
2.6461521446665594e-05
0.9999971557728644
0.9999973564804194
0.9999972142631465
0.9999972791583045
1.2911694346188238e-05
0.9999972485435943
0.10422696830505702
0.9999973031521178
5.372432449969513e-05
0.99999722922014
0.9999973880423608
0.03560819965186218
0.9999974164495773
0.9999972892443106
0.9999973862910915
0.9999973779632844
0.9999973641331327
0.9999973783519412
1.4786550084775658e-05
0.9999973767140486
0.9999973931953365
0.9999973574244324
0.9999974289849677
4.601923009094839e-06
4.625904402253347e-06
0.999997215371277
4.456908584526364e-05
1.796656997562496e-05
0.9999971831968005
1.1136838931765036e-05
0.99999734587149
0.9999973019500665
0.999997339730974
0.9999973189354863
0.00026421519253110086
1.1421421357216831e-05
2.836265389621485e-05
0.0007017952898398621
0.9999972469635837
0.999997356955189
1.5628433284163414e-05
0.9999972139446315
0.00012304665483522684
0.10508008248460429
2.4224396648473504e-06
0.9999973087483901
0.006055614088833857
0.9999972390167311
0.9999974491968191
5.565982515340819e-06
2.9797984909938718e-05
2.5743994125813795e-06
2.0869836750499885e-05
8.757492909768212e-05
0.9999974422457953
7.060358534169971e-05
0.9999972589597561
0.9999972977297905
0.9999973584987365
0.031679634258432926
9.539719114126497e-06
1.455147061962354e-06
3.2655362448038653e-06
0.9999973987943167
8.16201686515711e-06
9.003334279467761e-07
0.9999972282401599
0.9999974319578471
0.999997318488127
0.999997252029337
1.6820501032696727e-05
1.4697166522960754e-06
0.9999972507797688
3.79197372167303e-05
7.399060140452032e-05
6.8619165660855966e-06
0.9999973633524486
0.9999974685827073
0.999997445809382
0.016125457308687165
0.9999972037466497
0.9999972701360603
0.9999974831668013
1.614142517788347e-05
4.789166671676711e-07
0.9999974417460021
1.7293033420826055e-05
8.05729404710659e-06
0.9999973193025335
6.820140720870908e-06
6.823716178350618e-06
0.9999973123277537
0.9999972584067854
0.9999974520994899
2.2003644239833873e-05
0.015216457565721394
0.9999973365773036
0.9999972131985548
2.8126919818087997e-05
1.4970467216364664e-05
0.9999973188282784
0.9999971980586745
7.213898266012735e-06
0.9999972494796574
0.9999972653338753
0.9999973990864915
