0.999732255180089
0.9997322240520955
0.9997355674943835
0.999734940530118
0.9997328059544724
0.9997348162811261
0.9997289467213545
0.9997318105159249
0.9997315907307516
0.9997322210971951
0.9997340942040646
0.9997344404988465
1.0836008642055461e-05
0.9997294428854849
3.450598068173205e-05
0.9997397347592691
7.617488709752416e-05
0.9997313723042485
0.999731333921825
0.999738052545315
0.9997357819906094
0.9997339261643601
0.9997343888774833
0.9997320977254196
0.9997333318607053
0.9997332766697111
0.9997349615822628
0.9997345682295853
0.9997392401690742
0.9997384203345709
0.0
0.9997375014458438
0.9997347342538259
0.9997342586077902
0.9997357084686973
0.9997332433999736
0.9997333792051872
0.9997385156043703
0.9997350954976505
0.9997275351352916
2.3788041475043813e-06
0.9997370033935986
0.9997302883129261
0.9997305543803823
0.9997328571901728
0.9997353138843618
0.9997362688235759
1.8690138071162038e-06
0.9997296238350472
0.999731439214679
7.233761840592934e-06
0.9997343846108402
0.9997315599434077
0.9997358511405549
0.9997354467260159
0.99973502461167
0.9997304275685488
5.5716623428216196e-05
3.0397102990165377e-05
0.00019676277703021606
0.9997360630005409
0.9997323270826932
0.9997364410680518
4.233827507353588e-05
0.999731622649033
0.9997338989822404
8.997138257035689e-05
0.9997314238548665
0.9997356046626348
0.9997336842861944
0.9997359630829665
0.9997379905814044
1.852931531996715e-05
0.9997351412977512
0.9997375145362393
0.9997255506719048
5.2641443781698116e-05
0.9997295460554462
0.9997326573955351
0.9997358089657203
0.9997310991090131
0.9997335787149921
0.9997311939616434
0.9997336459368259
2.7338241172119223e-06
0.9997318037812434
0.9997378651176329
0.9997405684347843
0.9997365497223845
0.9997308776018755
0.999735423946128
0.9997293366073162
0.9997268441016752
0.9997302218828819
0.9997344228900878
0.9997328079411285
0.9997333389733585
0.9997339016867091
0.9997302293024692
0.0
0.9997287201004611
0.9997331156331782
0.9997306463307548
0.9997323173810937
0.9997340261177906
0.9997385596308999
0.9997282480440022
0.9997324636804363
0.9997398129693378
8.031389053040861e-05
0.00010814475449121024
0.9997301749598334
0.999733779070546
0.9997359771970664
0.9997326578001954
2.3268248594734958e-05
0.999733534337476
0.999732741219401
0.9997342479997784
0.9997370668474388
0.9997363634604416
4.530137503228928e-05
0.0
1.3412781956908661e-05
0.9997303468710527
1.909224260441508e-09
0.9997334620533154
0.9997379459280915
2.129079787110023e-05
9.119874565525025e-06
0.9997295429072397
0.9997339857672851
0.999733146287973
0.999732572409647
0.9997325095541597
0.9997343453018636
0.9997330118220772
0.9997365899869615
0.0
0.9997340889014648
0.0
0.9997336375953323
0.9997318366903214
0.9997329856476466
0.9997333534043538
0.9997382373218493
0.9997371000662836
0.9997276691533941
1.60212706101432e-05
2.744095123737691e-07
0.9997335315320909
0.9997346130862245
0.9997332174410888
0.9997309060165168
4.772735509337197e-07
0.9997327016231667
0.9997430217255737
0.9997292658391322
0.9997303342905112
0.9997313682238154
1.4881030794589995e-12
0.9997377293606478
0.9997353185556862
0.9997368178672064
0.999738235000172
7.880153941905204e-05
0.9997306654169501
0.9997327262572612
0.9997312798262387
0.9997302675966543
0.9997306930586963
0.9997325152831522
0.9997321673158557
0.0
0.9997407495036058
0.9997365514365126
0.9997334144909219
2.210345771161924e-05
1.0100596557598201e-05
0.9997330298977342
3.066887058631178e-05
0.9997339852390207
0.0
0.9997301216829182
1.8231342854280715e-12
0.9997368888499778
1.3280512488238851e-05
0.9997320817380813
0.9997333992995581
0.9997353699734233
0.9997362867282789
0.999731369868536
0.9997311699671606
9.486192987968295e-05
0.9997326015170037
0.9997291018605938
7.274597591489195e-06
4.851638124452194e-06
2.5243249727717193e-05
0.9997350544455462
0.9997382124665842
0.9997315191899947
0.9997368191759469
4.286727845890018e-05
0.9997306302795804
0.9997320324463855
0.999736858288703
0.9997358730502005
0.003574952064219495
0.9997319789097113
0.9997297923842063
0.9997358812604719
0.9997373819566733
0.9997346720113641
0.9997332138416108
0.9997346149754733
0.9997343263003571
0.9997360883542662
0.9997317355231266
5.035217718086637e-06
0.99973361912195
0.9997287612642723
0.999736945126298
0.9997289534768857
0.999738952824183
0.9997342774987951
0.9997379469878053
0.999733854736045
0.9997362569808319
0.9997371277805212
0.9997296560696063
0.9997339632260797
0.9997330443485236
0.9997317253282038
0.9997320334702432
0.0
0.9997347530851713
0.9997320590296185
0.9997299960928073
0.999733742440478
2.5056060186153426e-05
0.9997379963030475
0.9997382226300189
1.1225052252088227e-05
1.1415511358223504e-05
0.9997347930708065
5.006032166363327e-05
0.9997318537441361
0.9997345439253004
0.00010584679264916396
0.9997377934285848
0.9997299821836593
0.9997312887195535
0.9997349224274518
1.0480189953673745e-05
0.9997342318419286
0.9997335598161753
0.9997376015385947
0.9997311641942441
0.9997333192089325
0.9997382779664368
0.0
0.9997323078400291
0.9997399601432957
0.9997341468283284
0.9997359024103313
0.9997347634930449
0.9997327900169205
0.999734802466421
0.9997343763356502
0.999729226320784
0.999733174787545
0.9997351576166023
0.0
0.9997315231391637
0.9997260346797506
0.9997368210700476
0.00011354645775185053
0.9997344356342153
0.9997371827960645
0.9997389834681479
0.9997326621874496
0.00014734981229449625
0.9997333283493144
0.9997326602342578
0.9997339859728336
0.9997380896322753
0.9997396425875422
0.9997331387964101
0.9997373208035841
0.9997332876335885
0.9997302221432838
0.9997357880456799
0.9997320800479024
0.9997350248199792
0.999731647451683
0.9997331543957625
0.999737393566657
0.9997382468083412
1.4947302766145255e-05
1.9976881489869192e-05
0.9997366099140825
0.999737330096612
0.9997368168352656
0.9997295514826564
0.9997317886709474
0.9997287846996014
0.9997329783077776
0.9997327781576022
0.9997321165785504
0.9997336575172151
0.9997314303513894
0.9997311069608774
0.9997342319074487
0.9997395066592171
1.6460366473359172e-12
0.9997344892059967
0.9997352739197164
6.018881600764103e-05
0.9997336042019364
0.9997398804787524
0.9997353713979908
0.9997305468154953
0.9997326755894026
0.9997346392986645
0.9997332932847679
0.999732573157244
0.9997376325039525
0.9997374201922963
0.9997372452085613
8.953609849488966e-06
0.9997296702634104
1.8595184807507555e-05
0.999737994605234
0.9997346133944462
0.9997283598574964
0.9997327523199381
0.9997354368199312
7.101382479137056e-06
0.9997383054005863
0.999734833447705
0.999732884459317
0.9997331560461328
0.9997309473310003
0.0
0.9997293875670112
0.9997362107346551
8.173038041838618e-06
0.9997374103051676
0.9997283454608489
0.9997333209059819
2.6038955574897453e-05
0.0
0.9997354568917275
0.9997370190474193
0.999734296953688
0.9997316681662498
0.9997333377780437
0.9997361584471366
0.9997389527289381
0.9997359245681389
0.9997344813535223
0.9997338923815482
0.9997337202793921
2.30144178744227e-05
0.999731713328542
9.62889658956658e-05
0.9997302347873104
0.9997351432323752
0.9997356320815891
0.9997326968900496
0.9997354007787709
0.9997301201532872
0.9997338291372303
0.9997321703402361
0.9997358069100576
0.9997369295267255
0.9997353715588972
7.286576226890262e-06
0.0
0.0018768627478371678
0.9997364063976425
0.9997370119740615
0.030404692157584158
0.9997273850763114
0.9997322561361897
0.9997285403145367
0.999731840611797
0.9997306573434102
0.9997374498711259
0.00010339305494411393
0.9997332032278943
0.9997396782035962
0.9997352236410451
0.9997361464778816
0.99973432332831
0.9997341097776951
0.9997396973950319
0.9997366855942732
0.9997407338882588
0.9997372356329695
0.006491817045731215
0.9997374684288156
0.9997372060471232
6.639674369074618e-06
0.9997281116423969
0.9997367141494671
0.9997345236830708
0.999737554692331
0.9997321999229335
0.9997301957560666
0.999734462381167
0.9997326662429509
0.9997300370436383
3.8357926476771595e-05
0.00014025562182750888
3.8960398621817954e-05
0.9997383707758898
0.9997362419224337
0.9997384642883497
8.233839843677548e-07
0.9997277248478239
0.9997318432572357
0.9997320414075508
0.9997340593956834
0.999733906313613
0.9997263900015364
0.9997335859280403
0.9997357596803571
0.9997285075335154
4.996319232391902e-12
0.9997347491129783
0.9997390390823597
0.9997352611604705
0.9997344840416366
0.9997288729991544
0.9997345947603063
4.545992312121388e-05
0.9997307289183925
0.9997379050411778
0.9997330375286446
0.9997316760725408
0.9997328099863005
0.9997316766670005
0.9997386143104717
3.856903880978602e-05
0.0
0.9997344442072659
0.9997395430012553
0.9997340269065826
0.9997343953761828
0.9997363543665777
0.9997361728286763
0.9997378767917571
0.9997301946518621
0.0
0.9997378330519401
0.999733763599659
0.9997332479046883
0.9997334643494374
0.9997365343823762
8.948656310687208e-07
3.645016698206993e-05
0.9997366951813915
0.9997311695766706
0.9997342580430153
5.76978364901624e-05
0.9997366808477924
0.9997313129814035
0.9997360818882679
0.9997299162921769
0.9997378718841267
0.9997319488062574
0.9997319192072462
3.3312326631121438e-06
0.9997344271530783
0.9997320480071739
0.9997278189024261
0.9997335521269652
0.9997370578203105
0.999730536992662
0.9997369691237766
0.9997342310890802
0.9997308082719041
0.9997354886612145
0.999732420524619
0.9997350011313091
0.9997397065377098
0.9997341963773088
0.9997355485373929
0.9997351110267594
0.9997344041490426
0.9997277423126303
0.999731693635862
0.9997369840669154
0.9997408454125645
0.9997405353862054
0.9997338683515244
3.929961758584206e-05
0.9997384236712344
0.9997309977946509
0.9997370034777224
0.9997369768749865
0.9997348392975941
5.0087928464055405e-05
0.9997325174704689
0.9997398761456349
0.9997339484331532
0.9997331706260013
0.9997348300272031
0.9997325676252062
0.9997307597246787
0.9997311805246708
0.9997335784421383
0.999730954425283
0.999733069862764
0.9997319949490274
0.99973370319281
0.999732824025594
0.9997359820198692
7.560471489246959e-07
0.9997345931560285
0.999732623839443
0.9997322407700481
0.999736427591267
0.9997333168888847
0.9997335398663229
0.9997353762982756
0.999735285004433
0.9997352823273966
0.9997331938772137
0.9997322130936044
0.9997307561035202
0.9997333009827484
0.9997340807597968
0.9997317759766303
0.9997346738671736
0.9997337983725404
0.9997347527997775
0.9997350011854625
0.9997297911188169
0.9997349555206535
0.9997338144233575
0.9997366209203926
0.9997340405944205
2.0468798142721658e-05
0.9997342976502257
0.9997331843112187
0.9997303608335635
0.9997364362371634
0.999739127427534
0.9997328750523137
0.9997306247423313
0.0022469815291554403
0.9997333331894342
0.999735230064536
1.0240862439603274e-05
0.0
4.894216676105259e-05
0.9997342530762591
0.999737936293163
0.9997343836218445
0.9997286411431586
0.005080327263546948
0.9997376577895577
6.739915135304315e-05
0.9997376946550328
0.9997325197977894
0.9997362178293624
0.9997330456084486
0.9997343513398762
3.5680527432558763e-06
0.9997325536790592
0.9997315362784114
0.9997314861093584
0.9997276286036677
4.642605376899319e-06
0.9997334880951111
0.9997327077228679
0.9997341403759132
0.999733617087569
0.9997410302766468
0.9997355038656965
0.9997355921173058
0.9997356662563759
0.9997371852379442
0.9997290481087544
0.9997347732524196
0.9997310377801465
0.9997333157076246
0.9997397891948253
0.9997373243893306
0.9997290694841139
0.9997319645570562
0.9997317863702391
0.9997322286776404
0.9997368539015334
0.9997346108437184
0.9997369555001848
4.563691219236464e-05
0.9997359550766771
0.9997294049181173
0.9997353209796825
0.999737912325828
0.9997351218054674
0.9997345564610141
0.9997368663990508
0.9997330761067464
0.9997343813081491
0.9997306701465004
0.9997369008479955
0.9997358780076219
0.9997369214459644
0.9997325364568469
0.999735850496415
0.999736482146444
6.013171764052618e-05
0.9997285035870616
0.9997365800797838
0.9997352918272926
0.9997272815837956
0.9997304621727721
0.9997358045465679
0.999736114692103
0.9997325519724035
3.2031833701407876e-05
0.999732501110567
0.9997315033459571
0.9997344217055042
0.9997325883235769
0.9997337632567743
0.9997302555328934
0.9997382781788261
0.9997334696691538
0.9997331701764544
0.9997330534242934
0.9997337079054328
0.9997370922942879
0.9997338223474177
0.9997301542749392
0.9997343512420448
0.999740596513317
0.9997394192607734
0.999736863543829
0.9997353010542813
0.9997440404081352
0.9997354630235487
0.9997354949398148
0.9997346528522945
0.9997350780011811
0.9997330816784761
0.9997391739326867
0.9997303718583384
0.9997380747964446
0.999736242837929
0.9997351907632015
0.9997362926270231
0.9997361045040732
0.9997322076233255
3.7679555137923574e-06
0.999731189873149
0.9997332223843602
0.9997328954433764
0.0
0.9997344720518689
0.9997311407568463
2.639820567632067e-05
0.9997332852442944
0.9997359139487677
0.9997338676207719
0.9997345599481187
0.9997383298064195
0.0
0.9997339156798797
0.9997266048349287
0.9997344351708009
0.9997363449417749
0.9997360145197592
0.9997349538730733
0.9997303010747741
0.9997327642021193
0.9997353547383413
0.9997362409386057
0.9997357229904369
2.0894298164749464e-12
0.9997285879726783
0.9997336732111877
0.9997309554736747
0.9997328644764042
0.999732801798944
0.9997340177412027
0.9997328168266508
0.9997339873830422
0.9997330722146476
0.9997367791131789
0.9997322219910196
0.9997330381281847
1.5220552087687892e-05
0.9997359243487749
0.9997304862634747
0.9997428412475912
0.9997351916718464
0.9997342184307161
0.9997340035819344
0.9997343006839144
0.9997355463236178
0.0
0.025837580993373837
0.9997340133051893
0.9997331330910879
0.9997323028903861
0.9997296883757444
0.9997317554562085
0.9997353285579424
0.9997334636527245
0.0
0.9997312347278936
0.9997350414291151
0.9997361534323547
0.999739008029537
