0.9997295286471508
3.92050933231568e-05
0.9997397463161226
0.9997322650457913
0.9997411842548607
3.4865854604623754e-05
1.8727265539959028e-06
0.9997305910507266
0.9997335456063241
1.8947922438375673e-05
0.9997329599727832
0.9997308577799778
2.2276006169621527e-05
0.9997338494349005
0.9997315786418466
0.0
8.034812969811253e-05
7.608052624324997e-06
0.9997335934435344
5.185826554904664e-06
0.999737387040649
0.03874868830205857
0.9997321490663664
1.0881816516276094e-05
3.267650913855362e-05
0.9997302398293333
8.835585940362472e-06
2.3131510271989314e-05
1.4896086281433803e-05
2.341246729898371e-06
0.0026235946831230394
0.0001700074980806836
5.645376006249108e-05
0.9997310371299162
0.9997364134091378
0.9997304446421788
7.4448754910198864e-06
0.2076325548509272
0.9997330524726946
0.9997340075917485
0.999732102213549
0.9997353133407082
0.9997331600076932
0.9997289121395173
0.9997344574934559
7.352211433271423e-05
5.301420219281316e-07
0.9997344529097524
2.826757031039378e-05
9.659483669825475e-06
0.9997353749493464
0.999733951112272
0.9997377519636024
0.9997387324397233
0.9997388548709558
0.9997361845185427
0.9997327326138759
0.9997346945052928
0.9997257432949735
0.9997332953703914
0.9997267022605032
1.4250052813294417e-05
0.9997308790410719
0.9997333289719068
0.9997359882711372
0.11414367808698456
1.9908272353320902e-05
0.9997320676683163
0.0
0.9997362879344779
0.9997346445016688
0.1072786741647113
0.9997363278946627
0.9997381840496693
0.999731351266304
2.1284884345999125e-05
0.0
3.174491931538271e-05
0.99973183189901
0.9997354940078876
0.9997350786938974
0.9997337065245574
6.484026223345122e-05
0.9997291175177047
1.5235483839544958e-05
2.220225631771114e-05
2.7172672937623943e-05
6.5360800728965875e-06
0.9997365351695134
5.996863904908556e-05
5.419208054907699e-05
0.9997325024514031
0.9997401027721957
4.489944164238998e-05
0.9997356670415215
0.9997342425309034
0.9997314915301346
0.999734888308009
0.9997373867381396
0.9997356075529013
0.9997362695382057
0.9997384405886163
8.232609169836242e-05
0.9997319142427749
0.9997318148444143
0.011883393214946011
0.9997319680723059
0.9997356887519594
0.999734235297883
0.9997309672519042
0.37173638682587684
0.0661146547187587
0.0018638340230326855
0.9997310195385087
1.2583386334713035e-05
0.9997367089056647
0.9997296703546082
0.9997357480685727
2.158356447233699e-05
8.577648590546902e-06
3.4874830084043865e-05
0.999732590050307
0.9997317311013775
0.9997321842411352
0.0015650425369035227
1.791832836831513e-05
2.179507809305313e-05
0.99973279772086
0.9997323372158711
0.999734991305758
7.198521177407659e-06
0.9997334025779406
8.972281906931822e-13
1.342699765955477e-05
0.0018031045904190663
2.264056106851729e-05
1.1039125820174787e-05
2.420082673150029e-05
8.087617781340776e-05
1.733305803097738e-05
4.9940527338675154e-05
2.558764778494075e-06
0.9997321078228926
0.9997339457482298
0.9997338183115111
0.9997309850374559
0.9997320056688124
0.06332194551940559
0.9997339275108159
0.9997348622418408
1.3696305802624973e-05
0.9997337650111925
0.999734145971919
0.9997340810842525
0.2067799092048909
0.9997352136466832
0.999734661985447
1.9814247927174715e-05
4.70860454292874e-06
0.030588772642047922
0.9997336344566068
0.0988908624975593
0.9997361414137588
0.9997379631757567
0.9997354128099969
0.9997331385096575
0.9997305499898014
0.0018105264376588963
0.9997339067592315
0.9997323191665876
1.5339739651530592e-05
0.9997279539982753
0.9997322118513601
0.9997305742428226
0.9997323486417299
0.1113784686370951
0.9997323964117154
4.504054587850361e-05
0.9997349115839912
2.898165264654966e-06
0.9997344431665816
6.857311389752867e-06
0.9997286451942556
0.999731061355429
0.9997343209245678
0.020141591172747903
0.9997339986328793
0.999733093403596
4.349877515598395e-06
1.7358082346846368e-05
0.9997320386794851
7.440484090217619e-12
0.9997341181320092
0.9997371695406445
0.0
5.308990151978095e-05
0.9997378599316287
0.9997353635355076
0.9997319804947745
7.232905079475164e-05
0.9997301429267372
0.9997337295945369
2.4692681678524602e-05
2.782147508687241e-05
0.9997388885682749
0.9997327438285234
4.5243601971702764e-05
0.9997342225632463
0.0026569711353407904
0.9997341431519846
0.04054628790032919
0.031192136115428003
5.093653428609211e-06
0.9997337672537898
0.9997319940344439
0.9997333401753865
0.9997366275966773
5.633025092276618e-05
3.5055190082641545e-06
0.9997281027984101
0.9997375840730868
0.9997261453324287
2.1831427431713023e-06
2.9966735772552245e-07
0.0
5.488532082085974e-07
0.9997328765823275
0.007491830063539431
0.9997362606099328
0.9997371021915329
0.0
0.016414695357451634
8.685097746560938e-06
9.161061915961718e-06
0.010550591171357886
0.9997369337700632
4.512068882228649e-12
0.9997298392628754
7.1297982580038076e-06
7.5252751734299025e-06
0.9997372698911171
0.9997354267625207
0.9997326191007061
0.999734517003362
0.9997398227571178
0.999735002708399
0.9997377190618663
1.214871024035618e-05
0.9997346083432864
0.9997296732884231
0.9997354617486404
0.9997324133495356
7.495485220029295e-06
0.9997298983417792
0.9997345024595402
0.9997374486382932
0.0016173569734221625
0.9997349996085999
0.9997337778398213
0.9997286301366067
0.9997286860946915
1.9673777701508084e-05
0.9997365564299221
4.1817959309276536e-07
5.520030717300523e-06
0.24993890123273615
2.227929448031743e-05
0.999739799740823
0.028174145777744682
0.9997331551847524
5.310903030747125e-06
1.3149642478403614e-05
0.9997279041785618
7.5266812865353786e-06
7.1830525231921195e-06
0.9997331312787242
0.9997261411215054
1.303408319569413e-06
0.9997290810937911
0.9997366383974784
0.0
0.9997343713827945
0.9997326104146806
0.001712101337665842
0.9997384016197243
2.9802595473687422e-06
0.9997341451600182
0.9997387715791924
0.9997366247471018
1.3719148263932292e-05
0.9997326030300123
5.627445681604395e-05
1.7769078420167074e-05
0.9997360953328814
3.082926851693496e-05
0.9997347799097919
2.111083034119794e-05
0.9997349105576927
2.8576803796456693e-06
1.8859391766254227e-05
0.00913679019849833
0.9997365793392363
0.9997373149269202
1.9406741370775044e-11
0.9997338960804836
0.006126766746026875
0.9997357035279186
0.9997319078587457
4.8033659622692803e-05
2.0745085947108228e-07
5.477806405481313e-05
0.9997347650112209
1.822136944698067e-05
1.591411152341664e-05
0.9997340285271564
0.9997345870638155
0.9997332923905412
3.76578475053336e-06
0.9997341069731088
0.9997283315284553
2.8117066726702223e-05
4.9591473666781665e-06
0.9997307966319168
0.9997353254571347
0.00010430845145577495
2.15033027843836e-05
3.10780168203584e-05
0.9997346448225133
1.1179345408203126e-05
0.999738694917092
0.999734987836869
0.9997293910590772
0.9997332745409799
0.9997316961895948
0.9997328962294818
0.9997387207532988
0.0
0.999730774294063
0.006537120891755611
0.9997324293886942
3.123586493395434e-05
2.310846740873085e-06
5.043967922184597e-06
0.999736924377109
2.525924531609911e-06
0.9997332867139953
3.787363124697183e-05
2.6886557380598063e-05
1.0724570459561817e-05
0.99973104534193
0.00011757263946508144
6.982840103642168e-06
2.9445029935089035e-05
8.435559814555293e-05
6.150352712090061e-05
8.867692146212267e-06
2.9675130279031286e-05
1.6020762600250152e-05
0.04339950168376062
4.287002529474295e-06
0.03198394243885312
0.01542689510601095
1.4717275065854462e-05
5.1469290498597655e-05
7.091576228580868e-06
1.3087921422262117e-05
0.9997334526947659
5.9387164470043e-05
0.9997317584091597
0.9997352815876241
0.9997352359735716
0.9997323658855075
0.00017489242011716413
0.9997352652746674
0.9997313253314224
0.9997366079558168
0.9997320750732775
0.15580464641081213
0.9997300394850304
1.8865766683685078e-05
0.9997299410437556
0.9997315192241615
0.9997368871307449
0.0037750776112905867
0.9997342738108286
2.293874081779426e-05
2.9665195641250997e-05
1.5156001781384961e-05
3.0891055814230366e-05
0.9997374676116076
0.999737917233889
0.9997377519132761
0.9997334889419722
1.987566327551656e-06
0.9997360292191304
1.3919051057671393e-06
0.9997343325711251
0.9997376221881757
0.9997380085794803
0.9997366734858477
1.3149563570480156e-07
3.561912002361944e-05
0.0018689308844507511
0.999733903908273
0.0037744830779728143
0.9997344374752244
4.240450458925442e-05
0.12290320997356097
1.5228667597572027e-05
0.9997323576704287
0.9997337044023004
8.002393327223257e-05
0.999734997458499
0.9997394011857311
0.9997374022082001
0.9997361858910676
1.3667815465392203e-05
0.9997347291146083
0.9997331986852082
0.9997294834881895
0.9997376948219223
0.9997327058884744
2.6024280502411473e-05
0.9997323207952532
0.9997348696389349
5.801966759558086e-06
0.9997306254203738
3.476354032826352e-05
0.9997374933415512
0.9997361696968633
0.9997330131187292
0.9997338887703974
5.9376690997760545e-05
0.9997318212278
0.9997289452036953
0.005223584405839648
5.519669758736125e-05
0.9997380141675146
0.9997306190582221
0.9997356921262126
0.9997340149521471
0.9997359642670752
0.9997322116874918
0.9997346840462689
0.9997330919704589
0.9997357351666352
5.9347293202090515e-05
0.999730742425506
1.2802764800718048e-05
0.9997355747334842
3.42429951749764e-05
0.0
0.9997342613411206
2.1714366160849546e-07
4.438158921216718e-06
8.056453787028803e-06
0.9997274415335846
4.370148507211788e-06
0.9997341954412963
0.9997380754386561
0.0070047055432235885
7.256933553338493e-05
0.9997341459494387
0.9997400231791547
0.9997356346747845
3.732480001562502e-05
5.3292484629863953e-05
0.9997375788516719
0.1168756639943487
0.9997307550545311
0.9997358007613225
0.9997354551278091
0.9997361065631745
0.9997355135710139
1.9463093897622645e-05
0.9997321649599595
2.3886977702060565e-05
0.9997292260063781
0.9997331505565604
9.921944907440645e-06
3.4104803520698855e-05
1.2617731173119088e-05
0.9997316012563078
4.610164938766994e-06
0.9997346678999856
0.9997314648893754
6.864891390440634e-07
0.01444081632421033
6.23760169739372e-06
4.5561285960572685e-05
1.584082703552391e-05
0.9997289229463991
0.0002090667284080278
0.014312148443563972
0.9997360321714583
0.9997343622020296
8.354968594972113e-06
1.1209704364106953e-05
0.9997365477036095
0.9997368833112312
0.9997341883081523
5.3227518158077885e-06
0.99973600278493
1.0961911553556456e-05
1.8519674420594217e-05
1.9521821707717157e-05
0.9997341032172059
0.9997319641378948
0.9997347157507319
8.386215211437595e-06
5.2618428009335896e-05
0.9997307856939138
0.9997321253210371
6.753914606192939e-06
4.0003939933996305e-06
0.9997336738633132
8.753365119867303e-05
5.790899385227497e-07
0.9997384272612749
0.9997291261850821
0.9997371942854373
0.9997370692922989
0.9997333330624802
0.04908452733552233
0.0
0.9997336735873925
0.9997342517811624
0.9997365665610103
0.9997337213819821
0.9997349942819589
0.9997334373293155
0.9997352661469974
0.9997328948360144
0.006894777893099762
2.9562925478441295e-05
1.3086081863926023e-05
0.9997309966376742
0.9997347170975459
0.9997314987400987
8.266220486095208e-05
0.034559945021652334
0.9997401223709798
2.3883310336983187e-05
0.9997286441328427
0.9997327243381761
3.596783591686593e-05
0.9997360566516348
3.3578347674611225e-06
6.559329438526413e-07
0.9997327427528093
4.235437188009795e-05
1.745393471873133e-05
0.9997357996946996
1.1227547379745256e-05
2.056663260841387e-05
0.0013435534871208302
0.9997322177512815
0.9997292555558988
0.9997367698977347
0.9997298628363883
0.9997312016951933
0.9997355593886652
0.9997357070737606
0.9997312705839289
1.2539837322134788e-06
0.9997334972208672
2.2659849623588366e-05
0.9997341292600151
0.9997364108560243
4.7476249511922355e-06
1.248413235371203e-11
0.999733747452667
0.9997307698590954
0.9997339834737695
0.9997330131886665
0.9997326494870005
0.9997312322261536
3.710889616362572e-05
1.8649720459520534e-05
1.9796775643113507e-05
0.9997357772758557
0.9997324937726645
0.06688322882649776
0.9997339981915089
0.00025814105083701275
2.4233311675536952e-05
0.9997331552394979
0.9997336227123462
6.679340237808222e-06
0.999731090274184
0.0
0.9997379272543808
0.9997355433699978
0.9997283442880576
9.408208719809848e-07
0.999732238499031
0.009418582215133801
0.9997332276824509
0.9997368394808841
6.120567596245395e-06
1.625941084511812e-05
0.9997377917109018
0.9997350619942079
0.9997340309905484
5.074146546691446e-07
3.262550697083678e-08
5.367947745461303e-05
0.0536635797785218
0.007890482838393073
6.737266054426401e-06
0.9997320302660628
0.9997299940747808
0.00041050438899211566
0.9997345373505763
0.9997353519914893
0.9997341217420617
0.9997366836853665
0.9997333906849214
0.9997317631210063
0.9997309892675795
0.9997331206509673
0.10710039878816878
0.9997392283750823
0.9997346849878338
3.545978612704654e-05
0.9997362851795807
3.140160482589029e-05
0.0
0.9997368474316408
0.9997330035449186
1.8044695752286833e-05
0.05129524603808079
0.999737949002995
1.9076641482568844e-05
0.9997348416454005
0.9997357023340016
0.9997325992352032
0.9997351274172555
0.9997320737239861
7.699136880886725e-11
6.207305456697576e-05
8.93775263155464e-06
3.235505571063851e-06
2.7892340457231184e-06
1.6628320656863252e-05
6.717639972015576e-05
0.00746667193902284
0.0018708629944948108
0.0001074788719241747
9.129394001768498e-06
0.9997375759957648
1.4161792125546995e-05
3.1120353078014828e-06
3.259671490118534e-05
0.9997372176526067
0.9997371431667836
0.9997347565476185
1.0739216634923122e-05
0.9997384051613073
0.999728972207481
0.9997374860574941
0.9997336031123618
5.083328102729117e-05
7.2335662213511695e-06
1.9870420961055207e-05
4.1256615753512644e-05
0.9997350646935493
0.9997317619198458
0.9997317615125689
0.0034741441246040894
0.9997363208847516
0.9997314721150299
0.9997363328604807
1.4537484807588943e-07
0.9997358512857732
