0.9997298356870091
0.9997343140418498
0.0
0.9997349939953508
0.9997293168408455
0.999732322615539
0.9997350031417729
0.9997306413604501
0.999729761078081
0.9997325820530638
0.9997351294917608
0.9997345129616186
0.9997371290210461
4.611618212168232e-05
8.03628274963136e-05
0.9997326443387345
0.999735920640814
0.9997308882149961
0.9997349642379489
0.9997379104510171
0.0
0.9997335744839309
3.597449325124475e-05
0.9997342389549907
0.9997367693370518
7.633106437455714e-05
3.994815017898906e-06
0.99973044716486
0.9997360436116717
0.9997328500297188
0.9997369597721136
0.9997361134307785
0.00020159007826299987
0.9997310579009906
0.999733824873435
0.999735282090485
1.0629156778796416e-05
2.5772016663026885e-05
0.9997382113324218
0.9997332912475174
1.8830880719180247e-05
1.3205068552425052e-06
0.9997382612019483
1.5782189860232732e-05
0.9997351484725675
9.464233610412556e-06
6.673853324091351e-05
0.0
5.8878152247469935e-05
0.9997349963285777
0.9997337010098752
3.442686602603655e-06
0.9997351000792171
0.999734890611025
0.9997343935782671
0.999728978119765
0.0024349295169468314
1.604568158251079e-06
3.212970460471316e-06
0.9997378069801082
0.9997337361060675
0.9997328938940151
0.0012931862885989169
2.4333552417777235e-05
0.9997418223695486
0.9997337322576304
1.7358694504526092e-05
6.498188591965477e-05
0.9997324080756241
0.9997334019130141
0.9997387659231353
0.9997323302227643
0.9997344715856606
0.9997320000226468
0.9997379531430567
0.9997323615513106
6.795817375466446e-06
0.9997374454950387
0.9997347527274799
0.24994944902017885
0.999732727365972
0.9997367768167583
6.0237314244626556e-05
0.9997340881889378
4.6991066431275755e-05
0.9997402642735892
0.9997351196575255
0.9997346164267883
0.9997293069011143
0.10013337754040769
0.9997305793001261
0.9997388198749456
0.9997310111779232
0.9997322606936332
0.999734842787695
0.9997355590046054
0.9997330123870974
9.891438134374524e-06
0.0
0.9997332130485787
0.9997332709255915
3.934719330704643e-06
0.9997326647852534
5.567066297370709e-06
0.9997376893302558
1.8872839852643907e-05
0.9997309892140276
0.9997314000010065
0.999733329597026
9.194443291345118e-06
2.0464436442964047e-06
3.599622500826175e-05
0.015035340850600758
0.9997347420833603
5.539031585703549e-05
0.9997328583138818
0.9997348070532773
0.999732958258253
0.9997357233687116
0.9997329082271192
4.7305336297772394e-05
0.004550530203035785
4.771937545428613e-06
3.548718450897137e-05
0.9997346856701351
8.27850704212243e-06
3.6133351105178923e-06
0.9997319468277597
1.2202933380246377e-05
0.9997291722022199
0.999733527729919
0.9997356586345819
0.002241768352805723
3.3295752376010254e-05
0.9997363084476834
7.752685575393954e-05
4.148465580889227e-05
1.088126461099239e-05
0.999734464245585
0.9997320465952677
0.9997348270321891
0.06717347656975392
0.9997355182595437
0.9997349472512618
0.9997352884914417
0.9997351310409706
0.999732257409905
0.9997337965260998
1.8874106309857086e-05
0.9997352181473703
0.9997380036054206
0.9997356814856148
0.0
0.999737070403784
0.9997412851096136
1.4629124171766514e-05
0.0
0.9997370037322472
0.9997386478519869
0.9997352602799844
4.979453652109913e-06
0.9997357396726771
2.5984570730526313e-05
0.9997368849178332
0.9997357044050112
3.441321038847495e-05
0.9997367894772498
0.9997335166192126
0.9997353682468912
0.9997347849055099
0.9997358868261573
3.1148495677938843e-06
2.4624995590681573e-06
1.4687668474783228e-05
0.9997315067522079
4.565478968164556e-06
0.9997309239729841
0.9997313601965446
9.883184586358502e-05
0.9997377746070808
0.9997314616848965
0.999733550787668
0.9997307045035874
0.0013857197254728507
0.0004358035598894478
2.619999507722703e-05
7.738381993723532e-07
0.05443258976414051
0.9997330287758448
0.9997318206625365
0.006730297989825827
0.9997347272252024
2.0412790905160934e-05
0.9997271004337727
0.9997379703912741
0.9997366692008098
0.9997317288686743
0.9997322074172937
0.9997354295349554
0.9997342087656089
1.696271164497743e-05
0.0001482620104172942
0.9997261981275248
0.9997343302929971
0.9997358554404733
0.9997322020563533
0.9997355482340587
0.9997338792514624
0.999738181091753
5.981117464448083e-06
1.1694846524399537e-05
0.9997310882521923
0.9997334293196417
1.2876174749742237e-05
0.9997310242929632
9.295777465629602e-06
0.9997312647782892
0.999733272108185
3.137333474308795e-05
0.007515688727444253
0.9997345062525139
0.9997325598502378
0.9997315587352282
0.24993901972827764
4.944784301710432e-05
3.298509011124132e-05
0.9997388083451151
2.5788976902778836e-05
0.9997333045640389
0.9997348401579826
0.9997334401700819
0.9997333561165979
0.9997323218654802
0.9997367281673555
0.9997297991287094
0.9997353172636241
0.9997336840391211
0.9997349518352031
0.9997315276124794
1.230967790792336e-05
0.999732747663634
0.0017684980726541183
0.02072227308629676
2.2478393717511014e-05
0.9997358126820937
0.9997349947523382
0.0038936040109703914
3.585354492462186e-06
6.050646112588893e-06
0.9997357777108333
1.1803643091388776e-05
0.9997297706360586
0.15141747291260502
0.9997320378803599
0.9997338775362595
1.4030261078959978e-05
0.9997338709373627
0.9997395343452422
0.9997349104072404
0.9997328875149734
0.9997362943593097
4.71819062614959e-12
0.9997334714601223
0.9997329145205527
9.43245620767345e-07
0.9997334342012324
0.9997364153067047
0.9997299253820375
0.9997316990902319
0.03906124085957469
0.9997322048480808
2.147455866957513e-05
0.9997383701158524
0.0
2.6273906126079068e-05
1.0273591282078019e-05
3.234299766743843e-05
0.03709327169903445
0.04811068754364103
0.9997372359753793
0.9997330238923042
0.999734567093515
0.9997289051751005
0.9997329908615924
0.9997299588516395
0.9997350699341195
0.9997328408540312
0.9997347383616897
3.782083405788405e-05
0.9997378069037881
0.023442952181383345
0.013049986662923766
0.9997337794218751
1.249623090926227e-05
0.9997370640901516
0.9997361417413
4.581931128202698e-05
0.9997368238711918
0.9997389380137833
2.833653967848831e-06
1.7706477192719936e-05
0.9997324808153326
0.014893031732487542
0.9997322695367378
0.9997291869065499
0.9997315213312794
6.800998881452065e-06
0.9997298876683652
0.9997329677456543
0.999731580750406
2.7654376023396678e-05
0.9997331353796833
0.9997361349173185
3.589198602834642e-05
0.9997347691023003
2.8779623386460847e-05
0.9997332538387074
0.0065262975885377675
0.08793856780491631
0.9997321114238347
0.999732030619509
5.9530068472209904e-05
0.0017576625405938049
8.544824686658662e-06
9.206328966155104e-05
9.748865546430555e-06
0.9997380847269308
0.9997319306266929
0.9997339473296296
0.9997333332224869
2.4094602111200806e-06
0.999736008880561
0.9997313177902057
3.180391886049022e-06
0.9997331979376473
0.999735701311176
0.999731752252225
0.9997327021494131
2.691259267371077e-05
0.999730145294965
0.9997341032588939
0.9997355719910193
0.9997308890375463
0.9997340249107872
0.9997367860192647
0.00603269035072667
4.41896308319087e-05
0.9997411718379452
1.240736067986661e-05
0.999736211902481
0.9997362068696038
0.9997361735852004
3.7007998195336955e-05
0.00010854638972278905
2.9826201797507754e-06
0.9997356994527415
0.9997352768421165
3.2862393283716315e-05
0.9997347087706777
0.10137283906423304
0.9997323589616304
0.9997369602178191
0.9997394078065672
2.962686081033456e-06
0.9997359913989734
9.778865810951966e-06
7.54545694398627e-05
0.9997292108862625
1.038156165478394e-06
0.024014134675993882
1.5078685387456864e-05
4.784299570908511e-05
0.0070623093083306485
0.9997359035781836
0.9997322724626472
0.9997367077905646
0.0004402215162265343
0.9997349707317812
0.003047783444873901
0.9997366354308244
0.9997336859128685
0.9997305367794206
0.9997306511871834
3.708537618915657e-06
0.20942425891023256
1.0876825712256204e-05
0.9997339649610222
0.999734264788522
0.9997336633572752
8.173881544973449e-05
0.9997356480274157
0.9997332776877551
1.1708136803431895e-05
2.9257694549114183e-05
0.9997380282661346
4.314012124155002e-05
0.9997338634365114
0.9997416050685883
0.0013719009775380498
2.0247014474767245e-05
0.023815124873621606
0.9997288703544253
4.9546359210397446e-05
0.9997355299090117
0.9997400391762904
0.9997316531659025
0.9997334757990494
2.255265039969421e-05
0.9997291698715213
2.0242434027939995e-06
0.9997349232314862
0.015041169981793919
0.9997378654779824
9.858983194681846e-06
0.999736993233621
0.9997401483526662
3.011710415997255e-06
0.9997313313516336
4.803413138188947e-06
1.4381509773332547e-05
2.8319239863896382e-05
0.9997287521957509
6.949479878963261e-06
3.5444028659176365e-06
0.9997352037886499
4.223124682567298e-06
1.365988597028829e-06
0.999729162862278
0.9997321760167713
0.9997304147800339
0.9997365249185923
0.9997373646551744
0.999733662776287
1.25577742212842e-05
0.9997333977760424
7.548840011720923e-08
1.7524405346077877e-06
0.048557734905261406
0.9997369013836545
0.9997280150304125
0.9997315585374944
0.9997299998268179
1.990473058119636e-05
0.9997339109180766
9.392517338232619e-05
7.7684802338402e-06
0.9997326059090862
1.851724561628467e-05
0.9997299590202092
0.9997356136153158
0.999739174641023
0.9997343701305873
1.1671960439046899e-05
1.9793458151513984e-06
0.9997340122127453
1.0985757595947567e-05
0.9997353261032768
0.999733551209219
8.4502351075198e-09
0.9997366063571722
0.999730119750815
8.458563934212143e-05
0.9997340307718755
1.6037207219540727e-05
2.0652554189980532e-05
0.9997296236516171
0.9997366123092276
2.530720053766838e-06
0.9997409921737533
0.9997317840690356
4.820159168561504e-05
0.9997318301420548
2.1861314413344725e-05
0.9997315355700601
0.9997332905508166
1.4948069512932956e-05
3.470955653102274e-05
0.9997340775197302
0.9997315112159777
0.9997301638443618
0.9997313002297622
0.9997305291833525
0.9997309334504662
0.9997359514241543
2.107123545648917e-06
0.9997358198555659
0.04892517005753177
1.1758033637026714e-05
7.169254195516123e-06
0.9997351889492
0.023187412387965414
8.924745840505213e-05
0.9997323715868165
4.673567507071034e-05
0.008316193938348418
3.34574741185708e-06
0.9997366569230812
0.9997360647600039
1.3886450366289957e-05
0.9997322126683713
0.9997304973276187
0.9997326754445899
0.9997290371977362
0.9997300447217323
0.9997359089016448
1.5040819670194823e-12
0.9997349209387022
0.9997361525122928
0.9997334094958831
0.9997373277163303
2.017394470485221e-05
0.9997403245625619
0.999733085989571
0.9997302429315058
2.4113111478552698e-05
0.9997290172046794
0.999736530028867
6.382710008011724e-07
0.99973245459941
0.9997311053147262
0.04757789408615853
0.9997372451092978
0.9997369331554278
0.9997336240787724
0.017149441810359628
0.9997360875933374
0.9997335699306207
2.992188532977755e-05
3.3338721923201334e-06
0.0017823958381855123
0.9997363788381557
0.9997400000061121
0.9997359875281832
0.999737823236741
5.195605275930702e-05
0.9997371444911349
0.999732151600058
0.9997259339449639
4.0831274443288756e-05
0.9997348328174857
0.9997353809440385
1.8965683450930164e-05
0.9997314267817704
1.145892904206003e-05
0.00011421151271967303
1.3841719284537515e-05
2.0212980919728787e-05
1.834187657130861e-05
0.9997295543499412
4.9528930987209705e-06
0.9997284795221599
0.9997352932165384
0.999727948777901
0.9997352026116498
0.9997326226531127
7.037891924438807e-06
0.9997366237814234
0.9997355697113679
0.9997294280892663
3.7275591501587265e-05
4.2786953746812014e-06
0.9997344903989475
3.3108038904560165e-05
0.9997323890524206
0.9997386157658102
0.9997298384852636
0.9997333337602481
1.1521468130917555e-05
0.9997396754900619
0.9997336972280256
0.999729905331486
0.9997320411680711
1.6041103545630306e-13
0.9997367000645153
0.9997312614177796
0.999732490353559
7.582859733074633e-06
4.7944191981834666e-05
0.999732328307355
0.9997342879446556
0.0010930728937317857
1.3896089250283644e-05
4.728749667343394e-06
0.9997321803734093
0.9997359280509419
0.9997273358775438
3.1699839754197994e-06
7.077978308612267e-07
0.9997339812899974
0.9997315997963491
0.9997299875908561
1.6489726593231982e-11
5.702732184021466e-05
2.276321611306382e-05
0.99973572453018
5.689333636874863e-06
1.6583918140533616e-05
3.237371186421261e-05
0.9997286464107857
2.679086078775877e-06
0.008196292125428222
0.9997332842398671
2.4062921590961232e-08
0.9997301962400788
3.744600776724759e-06
4.0378644462297566e-05
0.9997287818018138
0.031528787535936686
0.9997321326511408
1.5232865312633034e-05
1.1349118463447877e-11
0.9997326902408926
0.9997378166480122
1.2829210066690309e-05
0.9997365881697371
0.9997310144080951
0.9997321245224602
4.59351243610244e-06
0.9997364698180493
8.134917344786842e-06
4.1911871227618456e-05
0.9997278512841018
0.00010336025220973718
0.9997340102709876
0.9997362390929798
0.9997344057267852
0.9997323322178008
4.133478287744474e-06
0.9997307085276752
0.9997387873592707
0.9997331056573946
9.695495718029897e-06
6.264768700794341e-06
0.9997313768047037
0.00013186091215045678
3.7163947268597495e-05
2.533664613689148e-05
0.999735241791378
0.999736973693569
0.9997344383471497
0.9997321193186769
0.9997321789962468
0.00011993805375039147
4.968591432632943e-05
0.9997343452473815
0.9997307957459559
0.05762611379854897
0.9997324641818127
0.9997349460547846
0.0
6.384512718862306e-05
5.482006832251474e-06
1.3771702653825262e-05
0.006860338381008719
0.006608084843243818
2.359298961864465e-05
0.9997363551835176
0.9997333971393538
0.9997292782805521
1.7698703013694672e-06
0.9997344756393811
0.9997332423342801
0.04580427496159052
0.9997299916309332
0.9997329059062652
0.9997271497690375
0.9997390068869536
4.317520856241718e-05
0.9997374109759856
0.9997291114251293
0.9997346502323881
0.9997350604534928
0.9997316145807199
