0.9997395437723575
6.44369220734266e-05
0.9997369454845986
0.999732347649272
0.9997342585108211
0.9997351911062593
0.9997385334367558
5.771841811796889e-05
0.9997369622166269
9.897686122690598e-06
0.9997372835957347
0.99972995320839
0.9997349176416432
0.9997349335823056
0.9997369056491665
0.9997323097850791
0.9997375070533899
0.9997340389804995
0.9997294596886347
0.9997376658614203
0.9997370624752762
0.9997290828674114
0.035408865777945914
0.9997309259252843
0.9997360327901219
0.9997348220487652
0.9997344791396693
0.9997306182148391
0.0012805058193928324
0.9997315793824423
0.9997313041285452
0.9997339283213448
0.9997297439725816
0.9997311878644497
0.9997381743639747
0.999740020785724
0.9997315035147245
0.9997313194489325
0.9997290770872699
7.870760318513627e-07
0.9997320970615654
0.9997395634072265
0.9997314798632153
0.9997360060797487
0.9997372032829139
0.9997369645023059
0.9997385978205996
0.9997330448644145
5.890394928114661e-07
0.9997273140849622
0.9997369331255722
0.9997356285403521
0.9997312555675333
0.9997336627184232
0.9997253079188361
0.9997346080728824
0.9997336187834988
6.192237195162244e-05
1.9317405481721596e-05
0.9997340251153057
0.9997314914479056
0.9997373904820055
0.9997357338901881
2.187845562710045e-05
0.9997342783241266
0.9997365384990057
0.9997368049417079
0.9997343810498556
0.9997351866376821
0.9997327379243673
4.54238424521576e-12
8.939663963961569e-06
0.9997355431505462
0.9997377243112638
0.9997364125282557
0.9997319380748605
0.9997323128534533
0.9997367616128642
1.963469657102558e-05
0.9997350318886237
6.215462808321811e-05
0.9997305701153413
0.9997312709516146
0.9997321053658317
0.9997288711502008
0.9997247238164751
0.999734489044848
0.9997342816140605
0.9997323052564628
2.890468868246704e-12
0.9997280351743568
0.9997337146231106
0.9997265448998761
0.9997292094063461
0.9997351416690912
1.6209338606859233e-05
0.9997376400419278
0.9997385942540717
0.9997247134036381
0.9997374821505238
0.9997357723584961
0.999733051871081
0.00010350842663978466
0.9997285708305943
0.9997302069419157
0.9997325637872878
0.9997368519113745
0.9997367736421208
0.9997332912193153
0.999736709299702
0.9997338355419036
0.999730691208666
0.9997356716539579
0.99973563011396
0.007508679228414738
0.9997329353865197
0.9997290018978059
0.999734092484658
0.9997289278807144
0.999735793651993
0.9997346659735586
0.9997287774860892
0.999730072967605
0.9997368816781029
0.9997320373216609
0.9997354768733723
0.9997321872172239
0.9997366057030425
0.9997328492394406
0.9997343752613383
0.9997354871004039
0.9997361259216792
0.9997316085609852
0.0
0.9997360251192683
0.9997379221569319
0.9997360134603893
0.9997333248726887
0.9997322346824001
0.9997358732914081
5.646010769085645e-05
0.9997307698732979
0.9997259099290238
0.9997332386219244
0.9997354317090491
0.9997317251328715
0.9997322096498453
0.00015302740675314828
0.999731370342557
0.9997364325390041
3.884976135584257e-05
0.9997327245362936
0.9997315754693865
0.9997346365697243
9.501749346611167e-06
0.9997376915014976
0.999738314737731
0.9997315468757396
0.9997276575697016
0.9997354629201763
0.9997372958151464
0.9997345181837217
0.9997340353279401
0.9997404421610353
0.9997358119516244
0.999731832937071
1.1482867328436758e-12
0.9997366001864223
0.9997386051594801
0.9997365480626561
0.9997304638530246
0.9997348042738899
0.9997316628994699
1.2633559799542383e-05
0.9997361513536327
2.3534851109692562e-05
0.9997378369787702
0.9997380355754588
0.9997355086402738
0.9997273741865411
0.9997289669399507
0.9997361704113272
0.9997329247719297
0.9997380640340298
0.9997352183973278
0.9997320586459264
0.9997302925666488
0.9997367676047852
0.9997335001726779
0.9997396519308841
0.9997351064272648
0.9997322954707462
0.9997306942201893
0.9997390894283278
0.9997303351056107
0.9997310252969188
0.9997374773710312
0.9997287532904252
0.9997340177413002
0.999733813428415
0.9997346070314849
0.9997305493827275
0.9997334955228072
0.9997310681877307
0.9997340920711446
0.9997305615481696
0.9997321186823737
0.9997346220249207
0.9997292677089732
0.999732679978476
0.999732871327247
0.9997357016023536
0.0001524976744797649
0.9997359386131996
0.999734575086674
0.9997320930416441
0.9997340041690588
0.999731981431384
3.939104755250501e-05
0.999734714470272
0.9997374041879846
0.999735123286012
0.9997359146371405
0.9997337828153448
0.9997284436382897
0.9997342662365847
1.1778189000958101e-05
1.9172828659256216e-05
0.9997320341551481
3.114199933236537e-06
0.999733663852517
0.9997371091415385
0.9997370518877242
0.9997327988172119
0.0
3.6059221255323804e-05
0.9997381508441401
0.9997373818754113
0.9997316884225952
0.9997314804463538
0.9997315294757273
0.999737090210198
0.9997277771085603
0.999731119661804
1.9993989471224703e-06
0.9997358152061159
0.9997389579439668
0.9997265409332768
0.9997335315446174
0.9997351609066486
3.696839818923654e-12
0.9997371910054058
0.9997317939538926
0.999732838698597
0.9997366981712037
0.9997365342270707
0.9997350387115458
0.9997383682554377
0.9997348118376413
1.7867653428010166e-05
0.9997357034663635
0.9997381204866311
0.9997312032070964
0.9997340956209164
0.9997359663615999
0.9997375143249552
0.999731884189111
0.9997372429438335
1.6455523242044274e-05
0.9997386303376682
0.9997323631184635
0.9997245906874985
0.9997409845895421
0.9997349503306975
0.999736472686607
0.999734722142618
0.9997331022260484
0.999735125636091
9.758214029695414e-05
0.9997345850733641
0.999731178091462
1.93054152562096e-05
0.9997306598268755
3.2495660170595145e-05
0.9997312056611175
0.9997346711961914
0.9997332121081987
3.827366622792312e-06
7.848324547589026e-06
0.9997309495834603
0.9997326520540967
0.9997355189765241
0.0
0.9997333375990457
0.9997343706962227
0.9997320052007904
0.9997337297385399
6.0104321970200195e-05
0.9997355224929365
0.9997273570924136
0.999735435011286
0.9997394487117849
0.9997293697619979
0.9997346773351777
0.9997329062884066
0.0
0.9997325641334146
0.9997351559941747
3.380421016931018e-05
0.9997289349101113
0.9997382838534684
0.9997351216056123
0.0
0.999729013127352
0.9997345421985087
0.9997307439272018
3.043732561044017e-05
0.9997300890505461
0.9997349086756857
3.227371567894527e-07
0.999732051846687
0.00814025242242597
0.9997310190069049
0.9997344344969203
0.9997332405589262
0.9997328798386724
0.9997295643617525
0.9997379018238264
0.9997322468382512
0.9997350898698244
0.00014003603584706705
0.9997320164368202
0.0
0.9997350251785164
0.9997364575815104
0.9997344786964495
0.9997376890179448
0.9997308720706202
0.9997368424633793
0.9997314475713838
0.9997349042926529
0.9997334392361789
0.9997376676923732
0.9997388533238356
0.9997323597138028
0.9997378170108496
0.9997345257711062
0.9997361055355439
0.999733215795753
0.99973500981294
0.9997421951517546
0.9997329790612078
0.9997376691600828
0.9997364094599474
0.9997383581222462
0.9997363140244189
0.9997321709758871
0.9997367136425778
0.9997353677718622
0.9997304348879393
6.89818702289446e-06
0.9997375681523107
0.9997358247804561
0.9997332990859956
0.9997308603223151
0.9997331512257782
0.9997322795387232
1.5869821309183484e-05
0.9997309193439674
0.9997349780286708
0.9997323540155167
0.00010105190612727997
2.654204356056994e-05
0.9997316505786894
0.9997308665988147
0.9997337118545502
0.9997332449700806
0.9997309218819332
0.00014542109140981417
0.9997343243772042
0.9997359879220645
0.9997372497156178
0.999734813369223
0.999736971993188
0.9997354882307705
0.9997334937713046
0.9997383443869211
0.9997336111469185
0.9997319131697467
0.9997332580692994
0.9997350096176756
0.9997367494331885
0.9997369833424553
0.9997367200255972
0.9997325398585964
0.9997369157390698
0.9997317848871985
0.9997333516238064
0.9997303311821119
0.999735437557808
0.9997349076117836
0.9997306540328639
5.1947050715764036e-05
0.9997389914786884
0.9997344174037263
0.9997372197008869
0.9997310945975283
0.9997387832239636
0.9997381806951013
0.9997322753726837
0.9997296877714908
0.9997339482259692
0.9997299291786442
0.9997362290613029
0.9997314577981873
0.999730127856663
0.9997295214427925
0.9997365511182246
8.032114888481323e-05
9.376069404112276e-05
0.999728945949329
0.9997297852223408
0.9997296724231872
0.9997350954739948
0.9997315607865269
8.010597069788849e-05
2.9058337864859565e-06
0.9997389660708358
0.9997276050045505
0.9997345865020655
0.9997341570154041
0.9997340348584475
0.9997311199945517
0.999733856037528
0.9997329758558567
0.999732458947998
0.9997320430015904
0.9997349618242516
0.9997395729442874
0.9997322148906704
0.9997375275699603
9.99348963533296e-06
0.999735576660731
0.9997307852366714
0.9997360136558712
0.9997292887583984
0.9997338240294894
0.9997315210619828
0.9997351323785468
0.9997349107220519
7.966270531321461e-05
0.999734929128123
0.9997347364516338
0.9997317580920987
0.9997402441702263
0.0
0.9997371886393825
0.9997357214823449
2.5480737300562627e-05
0.9997270253528792
0.9997337785403014
0.9997313778378822
0.9997352303779715
0.9997396318219172
0.9997325764739852
0.999734210856002
0.9997405665349467
0.999736572112263
0.9997359017182342
0.9997310454625726
0.9997365718707658
0.999728710406235
0.9997345922095631
0.999731687175947
0.9997314782546192
0.9997315632112327
0.9997312462412299
0.9997326480464236
0.9997359849659981
0.9997351675595886
0.9997320367569089
0.9997289180767087
0.004280139569205976
0.02915796060694051
0.9997313721834846
0.9997296227231379
0.9997346227899001
0.9997360655062046
0.9997302582396899
0.9997331202543508
0.9997401165374823
0.999735533380527
0.9997347939799639
0.999736066300567
0.9997369743427327
0.9997323138110673
0.9997348711666522
0.9997350509800303
0.9997298721382812
0.999739430900525
0.9997312507854139
6.172818735896515e-06
0.9997411090543807
0.999735270127556
7.480562216103382e-05
0.9997332495531405
0.9997309422276756
0.0001653567202685593
0.999730663379058
0.9997309940431613
0.9997332270061372
0.9997327860671703
0.9997359519934476
0.9997333126224546
0.9997352912628527
0.9997367366029544
1.7668421711968976e-05
0.9997290638404293
0.9997311337328143
0.9997329581019425
1.0679944029671547e-06
0.9997339334532924
0.9997337455998602
0.9997317895285154
0.9997298269031034
0.999733948682144
0.9997330988093552
3.95917621254124e-05
0.9997347486337864
0.9997375920490205
0.9997385732181711
0.9997354813791748
0.9997354704484653
0.9997351959946216
0.9997362217047303
0.9997401883808003
0.9997333927319799
4.12196363882238e-05
0.9997406399158127
0.9997370355862764
0.9997356877685464
0.999733790528433
0.9997399513844007
0.00016788271989421358
0.9997325176524553
0.9997310294152278
0.9997348056460327
0.9997282456013122
0.9997364796453501
0.9997359252330731
0.9997334682174942
0.999739527912589
0.9997300590482968
0.99973364788147
0.00015734692718888323
0.9997332231593573
0.9997337022952104
0.9997339646372723
0.0
0.9997308079680864
0.9997356173984635
0.9997371537924821
0.9997327701233064
0.9997304943730101
0.9997319423321709
0.9997309003908759
0.9997396530869093
0.9997306058494496
0.9997327306763341
0.9997325490480811
0.9997339637441471
0.9997335820844355
0.9997365547062296
0.9997283062391257
0.9997330460870758
0.9997385036545681
0.9997371674972783
0.9997357659024959
0.9997344122779667
0.9997347326036365
0.9997340632431168
0.9997280297585992
0.9997348511933658
0.9997342271242828
0.9997367673631524
0.9997297486220897
4.7639449092380455e-06
0.9997281734085585
0.9997366036736963
0.9997325008475402
2.483648081734331e-06
0.9997363880877532
0.9997338717953358
0.9997301622209616
0.0
0.9997325019477719
0.0
3.499981418275407e-05
0.9997360996741297
0.9997354951668203
1.1993815494628308e-05
0.9997350794442974
0.9997352521379299
0.9997342200235292
0.9997322326922462
0.9997351652154761
0.9997347019013381
0.9997375510887907
1.646719590050518e-05
0.9997328937541442
0.9997293951805071
0.011973478025346956
0.9997310919152034
0.9997303409598275
8.774786364734139e-05
0.999734472041837
0.999730696479234
0.9997346240898649
0.9997348449529946
0.9997304006605694
0.9997312342576556
0.9997443922848036
0.9997358537497256
0.9997351377120195
0.9997376149879409
0.9997290286800962
0.9997329371729478
1.0117057814538067e-05
0.9997339343316111
0.9997385745963723
0.9997296459611043
8.144689725777853e-06
0.9997340046142235
0.9997343018155659
0.010966793648184028
0.9997350961023546
0.9997328486438025
0.9997280552952288
0.999729493339509
0.0
0.9997323574639778
0.9997306757233254
0.9997369765719584
0.999734345432596
0.9997323501284248
0.9997336823271432
0.9997349395664415
0.9997312760869109
0.9997332552164553
0.9997338967276375
0.9997382239515724
0.9997313755707933
5.9870371739224575e-05
3.145993311079519e-05
0.9997364075210217
0.9997284410113229
0.9997330136166634
0.9997333394381935
0.9997358712607909
0.9997334207439246
0.9997321741175378
0.9997320457444817
0.9997374793809274
0.9997362512371779
0.9997326586835552
0.9997309832606731
0.0035760024310406654
0.9997342151268975
0.9997341199583976
0.9997320711859278
0.9997294196398515
0.9997325220970128
0.9997359225982627
0.9997380336925297
0.9997327503414899
0.9997330568673628
0.9997342842499932
0.999735582987369
0.9997351524621048
0.9997307986826836
0.9997330155002088
0.9997356776683375
0.9997269835142706
0.9997401564628582
0.9997364139568565
0.9997356578341703
0.9997331482951863
0.9997331285359905
0.9997324524274848
0.9997340254858396
0.9997346998912457
0.9997303964265742
0.9997335015058653
0.9997366505798752
0.24993482056523525
0.9997346192978346
0.9997345614834732
0.9997354180489024
0.9997369779760324
0.999733197400701
6.5826588818101446e-06
1.9825477084768905e-05
0.9997377771809595
0.00012141192920838189
0.9997314197782199
0.9997296139795813
0.9997308646082618
0.9997373374325879
2.1703100697229284e-05
0.9997396222712099
0.9997363526792044
0.9997330261529782
0.999735924196682
0.9997308012505481
