0.9997305153901305
2.6030726063112283e-06
0.9997388234534362
0.9997362405654874
0.999731595573652
1.5884329326278568e-06
0.9997348166148535
0.999735341819164
0.9997354418720271
0.999737323614038
0.02145221210254944
3.91270743382629e-05
8.153772038095332e-06
0.9997327686171165
0.00012199254844679133
0.9997352997640493
0.2499509797097005
0.999735346387245
0.9997355631748932
0.9997316042261881
0.9997396793383536
0.9997289689307717
0.9997373075986885
0.0
0.9997379799169536
0.9997328738051141
0.9997323478703829
0.999729316718123
0.9997356140710425
0.9997397815708552
0.9997346545338252
0.999729143106351
3.954689002833813e-05
0.9997386954811115
0.0
0.9997338782472444
0.03070984453300464
0.9997361467287018
0.00015911763185671754
0.9997369513472874
3.924366083473181e-05
0.999737722290248
0.9997335177405945
0.9997345545861304
0.9997331367791314
0.9997321480951591
0.9997298705041129
0.9997373862367643
0.9997345972885636
2.0116939933208003e-05
0.9997373010483278
0.9997372835740842
0.9997335763470281
5.162604825987586e-06
0.9997330497630367
0.01696231422856789
0.9997412047354952
3.038260434430499e-06
0.9997339713288956
1.8349454343972872e-05
5.884576675707545e-06
0.9997326784633552
0.0
0.9997339423752821
0.0018656568219016384
0.24976430918020892
0.9997353883869728
0.9997369026221646
9.47886685850411e-05
0.9997380974285922
0.9997364635238775
0.9997310679324769
0.9997312511459585
0.9997359595737154
0.9997301924177261
0.9997288706527833
0.9997362652779763
7.979832767902403e-06
0.000140967814226719
1.312149159355981e-05
0.9997341428994531
0.9997364370944227
0.9997339624909214
1.5585658019676867e-05
0.9997343285886263
1.976670246319154e-05
0.9997370238505723
0.9997356720569753
0.02467169680501362
0.021621549624682393
0.00018420228330481506
0.9997384092869281
8.81370269832507e-06
0.999735909302949
0.9997349708601553
0.0009556948068631266
0.9997327929050736
0.007532063883141709
9.76316201944472e-06
0.999732907620574
0.003315451439063224
6.5547471771992734e-06
0.9997356947900801
0.9997306122799947
0.999738724501149
0.9997342500400969
1.3509990666195698e-05
0.9997366836111472
0.9997308988104092
0.9997378975069986
0.031103340113384937
4.20846153055768e-05
0.9997301425033527
1.1413885667729906e-05
0.9997363940916987
0.9997370442514174
0.999730520394841
0.0
0.999735355172553
0.999739036363124
0.9997337921876875
0.9997308636292126
0.9997374855116129
0.9997319130189225
0.0018360147899247007
0.002063393306980836
0.9997353743448394
5.955888684198301e-06
2.3361443230245883e-05
3.246164340970382e-06
0.9997320837682788
0.0001785192394689098
1.3270706647603513e-06
0.9997326031010084
0.999734301393562
0.9997321494775169
7.050345252420151e-05
0.006086004709333392
8.38895550221371e-06
0.10254052173837239
5.107537020629306e-06
0.9997370184943081
0.9997328750922075
0.9997279022100573
0.9997324983815091
0.9997381079023554
1.5572939681539858e-05
0.0016926549671433173
0.9997366914981939
0.9997362373197279
0.9997325061477456
9.468033926315751e-06
0.9997325768198317
0.9997357524218649
0.9997363315642409
0.9997342639856446
0.9997308159899113
0.9997326215963425
0.9997330684301043
0.9997306510843087
0.9997325960483985
2.2407381444388127e-05
0.999736571963167
0.9997321306718383
0.9997357438775434
0.9997359597769093
0.999730942246766
1.2626189738922672e-05
0.0
5.634941880268592e-06
0.9997295204147367
1.0041268298129001e-05
0.999736554641535
0.9997340506321608
0.9997306764390684
8.938168603520463e-05
0.9997277793384963
0.9997320414402623
0.9997386068558711
0.9997356425603835
3.3225350492837835e-06
2.76166525762526e-06
8.63476418091647e-05
0.00825599665554528
0.9997323148612682
0.00010275949253211993
2.828716181426147e-05
0.9997360133697649
0.9997323349759769
2.7764720926023103e-05
0.9997299140064503
0.9997347996290736
1.0304121516125955e-06
1.85716399945873e-05
7.400005951631998e-05
0.9997340807459193
0.9997377607473625
0.9997319207097783
2.2899531991787545e-05
0.9997373462020476
6.399205992025862e-05
1.925873075450254e-05
0.9997356842584874
0.9997345137773317
0.999730766489654
0.008250302839222736
1.2373557832145947e-05
0.9997340279339589
0.9997369057053368
0.9997299728988762
0.999732079046021
8.560623945947583e-05
0.9997353811855229
0.00044829642679768074
0.999732349825303
0.9997318031612641
2.1643115785455292e-05
1.3648606522927254e-05
8.234425075811277e-06
0.9997340724013571
1.7917782390278848e-06
0.0013770342940968325
0.999735823453705
0.9997290436595012
2.3900791090047143e-05
0.9997331359009451
1.903842867482034e-05
0.9997300828992842
0.9997313409789633
6.016519562181077e-05
0.9997331799414584
0.9997373330704968
4.2854248217337565e-06
0.018623793019058473
1.7747103586183503e-05
0.999733996631821
0.9997343599553878
0.9997345646698051
8.1738697448284e-09
0.9997336456462527
0.999737529550929
2.7537839931754354e-05
3.87877612470983e-06
0.9997332981384823
0.9997382108002495
1.060945711782739e-05
7.276554655012774e-06
0.9997326580661764
0.9997344978721303
5.757490241172287e-06
0.9997361450013605
0.9997359448416874
5.7112372116390025e-06
2.2013819523112574e-05
6.24724434665866e-05
0.9997367260461555
6.648462395386592e-06
0.9997355041411045
0.99973443189602
8.228211736382996e-06
0.9997377685726745
0.9997325499538477
0.9997337876574366
8.04267509935913e-06
2.1767451689929642e-06
0.9997352860786496
0.4159381309475884
0.9997381209672381
0.999731604772221
1.82270721247872e-05
1.49869016846919e-06
0.9997369929894291
3.137293219025438e-05
1.8253094351037724e-05
8.938746168434645e-06
0.9997362279155372
0.9997347485010298
0.9997369369594931
2.4532619494759183e-05
1.0275284307421288e-05
0.9997287751453882
0.9997351326497478
0.9997328710667793
1.4191057491432764e-05
7.682068523751796e-06
0.0016301422606108413
0.9997349831721911
0.9997377598524063
0.9997321222308014
0.0006725040007631396
0.9997344643795365
1.9731715161102618e-05
2.066054964240035e-05
2.0497767121794378e-05
0.9997394054289028
0.0
1.4360930669351192e-05
6.003761566681978e-06
0.006984659034299601
0.999729634245359
0.9997332688913851
0.9997368767912647
1.6403120894890014e-05
0.9997308810986054
4.870206285222324e-05
0.9997250964452946
0.9997348808000159
1.5996578731687495e-05
0.9997381356837767
0.9997300663311062
0.0
0.9997375126007637
0.0001368548164226876
0.9997306805035826
0.9997322293709332
0.9997357465064963
0.9997367092744791
0.999732179490109
0.0
0.9997353353063799
0.9997324368134924
1.6336755780391823e-05
0.9997354920028207
4.205207626011935e-05
0.9997297131892108
0.0001643568298360107
0.9997346440557892
0.9997292161585212
0.9997367677637696
0.9997349803970751
0.9997339195694905
4.1249966692547894e-05
0.9997322926290034
1.8939100102680742e-05
0.9997332442596818
0.9997337671891707
3.751246860289615e-06
0.9997310033820903
0.9997347221747269
0.9997290095496049
2.5573430564755765e-05
0.9997345725698313
3.1413538873339065e-06
0.9997364797896583
0.9997342094589563
0.9997369166013609
0.9997316093550807
1.811578651043815e-05
0.9997330572903546
0.9997366270369725
0.9997338755921843
0.9997412825745529
2.546356181647872e-07
0.10511998876679073
0.9997356873029412
4.815745522637134e-06
4.5237280940975345e-05
0.999740642955623
0.00014011943887223396
1.5454902297521222e-06
6.818347852429905e-05
0.9997298594737729
1.3935158591222265e-05
0.999735061025124
0.9997372266720954
0.9997366749248641
5.117180756796132e-05
0.9997358948576995
1.0115965331969172e-06
0.999735499071277
1.7295180865746994e-05
6.60826043346718e-07
0.9997354445502981
0.035081229956985184
0.9997335184838224
3.339796655779364e-07
0.9997367679217528
6.225351020434433e-06
0.014891596615197435
0.9997307814077785
0.9997319688325473
0.9997335038397845
2.289235213988702e-05
0.9997342007916964
0.9997311929217219
0.9997334255527326
0.9997331281294952
0.9997277937125166
0.04149232773301338
1.0684814376384597e-05
0.9997320993116301
1.0266323045446056e-12
0.9997302256122864
0.9997352518987979
8.525019133125987e-06
0.9997283102195215
0.9997358462753962
0.999733454022415
0.9997361353226591
0.9997284913614921
0.9997371308296443
0.9997284741222084
1.3938316325254738e-05
0.005008564749141211
0.9997332992676066
7.568776456818189e-05
0.9997344318506483
0.9997389446487908
0.9997336905963814
8.01862566984284e-07
0.9997345521179738
1.7097623225049424e-05
8.962440478016629e-06
0.0
0.9997392879319627
0.999736083133867
0.1096169245646537
0.9997363386219663
1.835822906265472e-05
1.6423280563982872e-05
0.9997336499445838
0.9997306801616825
0.9997318967264348
0.9997308680325832
0.9997366451890273
0.9997324727109237
0.9997355103760627
0.9997354235761383
0.9997308695416411
7.287773579848151e-05
0.0
2.0213510091738343e-05
0.0
5.907913016512564e-05
1.1245899804183545e-05
0.9997346484372007
0.008036170014042983
4.888908722789497e-05
0.0018419494744634092
0.9997295377862062
0.9997295381369293
5.610211005587247e-06
0.007277602093364663
0.0
0.9997327590197741
0.9997363592153738
0.999729932615308
7.094199634742558e-06
0.999732085602063
0.9997346081626312
0.9997305924018276
0.9997343497759253
0.9997315174698689
4.3729989566707e-05
0.9997396222306044
0.09018393262262983
0.9997365928680849
0.9997329079512883
0.999737834772199
0.9997322297339677
0.9997354378259914
0.999735638759168
0.9997377210819354
0.9997321907020668
0.9997324566614842
0.999735371789883
3.6760103613542764e-06
0.9997335237541424
5.789651740041189e-05
0.9997336631557517
0.9997382908931495
9.477494258656793e-06
0.9997311856844581
0.037971181668973626
0.9997297639215015
0.08737090778951406
0.029784780895608043
0.9997366613724465
0.9997336233138368
2.632193947925405e-05
0.09824447292654312
0.9997367743942291
0.0
0.0
0.9997321252196864
0.9997343149067853
0.9997324803493912
0.002631583017410207
2.6391857388370073e-06
0.9997342304595989
9.376995037663396e-06
5.1239591672033045e-05
0.9997396905958869
1.693398892660994e-05
0.9997339854790509
0.9997349178500622
0.9997352874391124
0.999735537154177
0.9997312946128393
1.7903584545940109e-07
0.9997317187315274
0.9997344656464606
1.6738884371679886e-05
0.9997301803275501
0.9997316730933697
0.9997343870998778
0.20542389949725182
4.986274106752845e-07
0.9997350864265422
0.9997284298442063
0.0017846888811462968
0.9997374046811394
0.9997339473742308
0.0
0.9997353012297786
0.9997356139366891
0.9997292947413712
0.9997362317112001
0.9997350375770251
1.198424407308374e-05
3.8102661268946242e-06
6.0721697389580055e-05
0.9997343175986043
0.9997309004503943
0.9997352740666761
0.9997308837837645
0.9997343440706163
0.9997328272775241
0.9997364809704771
0.999733129909731
0.9997320502914196
5.6980341750824824e-05
0.0014620950839569023
0.9997375170435366
0.9997364434536118
1.0757985816400097e-05
0.9997356073772155
1.162986705284233e-06
0.9997379964119745
0.9997325130461936
2.4757111305725325e-05
0.9997341263525724
0.9997325193735247
0.9997340684249556
0.9997328165614149
0.999732815421936
4.1224276089392044e-06
0.9997311007490899
0.9997338849003312
0.9997334375566787
6.725940571137446e-05
1.5193088158912315e-05
4.297192420326396e-05
0.9997324860401587
0.9997330974804081
0.9997331520716146
4.598001797276186e-05
2.8858162565241017e-06
9.990381962162422e-06
0.999735088810348
2.251094054247993e-06
4.751238660578839e-06
0.999739097228627
1.146029376164458e-05
0.999732163693329
0.9997347751063469
0.9997319025591387
0.9997297194222465
0.9997402714557186
0.9997307009847864
9.733232604794782e-06
0.9997243014361883
0.9997370208408098
0.9997385006955634
0.9997306830747938
4.6124511648756336e-05
1.2843958869669243e-05
1.556364408544374e-05
0.9997319727867863
1.2948950675174979e-05
0.9997338960812597
0.999733501217541
7.092556115442994e-06
3.265729775739281e-13
2.2924922478980386e-05
0.9997307396646287
0.9997357740639317
0.9997346753266926
0.9997287401171188
0.9997333832820554
0.9997312017071842
0.9997345330672908
0.9997383978119768
7.519268259254037e-05
7.615480051001994e-06
0.999733145515774
0.999738647849727
2.6108307054055767e-05
0.9997370126092343
0.999734354893163
0.9997378283795245
0.00010179162159181649
0.9997346825031801
0.9997364084472049
0.9997361647175081
2.442731936702436e-05
0.001484064409822461
0.9997330882729524
0.999737527767768
0.9997290945701403
0.9997331738395752
0.9997360923763141
0.9997308606857152
2.4297651142158633e-05
0.9997383236637439
0.001473448512012545
6.080184439706235e-05
5.2450960442765637e-05
1.3861138216944808e-05
0.9997370866588631
0.005778711220257157
0.06522720349899133
0.9997351059008439
0.9997372571677832
2.0338913863524226e-05
0.9997339072629445
2.8741768554339796e-05
0.9997356234641208
0.9997374216684755
0.9997350985936727
3.242080061124304e-05
0.9997363507189126
1.7295041925916955e-05
5.455819557155318e-05
0.9997362579376607
2.74605327456129e-06
0.9997358626473047
8.531113408241304e-06
8.83296480393872e-06
0.1402212886795774
9.871314566472506e-06
2.7092787418644466e-05
0.9997335477992815
0.9997350791081964
0.9997397398279879
0.014008543475632797
3.874739121576965e-05
0.9997333666617875
0.9997339485606445
0.9997300108003762
0.9997360735452668
0.9997338267087501
0.031209315200383076
0.9997324398708283
0.9997380602440711
5.879646363576862e-05
0.9997305107150354
3.3364701485536354e-06
0.00030669431395385926
0.9997367780282592
0.9997335698022123
2.2094996163250395e-05
6.089133854782146e-06
5.7631911402288225e-05
2.4343759700437894e-05
0.9997365070041646
0.9997325074786583
0.9997335958115551
3.875659358268757e-05
0.0012816873465913382
6.782996954335224e-06
6.465768658419214e-05
0.9997296002318109
0.9997333630691303
0.9997334656051645
0.2500107317675831
