0.9999972476133941
2.832516287719651e-05
0.9999972450572828
5.845296154150735e-06
1.7111928189980262e-05
3.674929017573594e-06
0.9999973549184603
0.9999974570143617
1.1502736855074452e-05
0.9999972013437649
0.9999972015543569
0.9999974359373698
0.15289257624112182
0.999997300212082
0.9999973459474896
0.9999973300319649
0.9999974155175696
0.9999972125239517
2.715016653141891e-05
0.014899349528176948
0.049943219783990314
0.9999974583536221
0.9999973093628369
0.9999973208408947
9.814941626216996e-06
3.95184121860052e-05
0.9999973399692682
0.9999971755250605
0.9999973632826599
0.9999973385621528
0.9999973931750408
0.9999974656743519
0.9999972524175597
0.9999972370418908
0.9999973114292461
0.9999972731013231
0.9999972403397347
1.1025619146941819e-05
0.9999972708618161
0.9999974199320183
0.9999973195139612
0.9999973213569934
0.9999971102344927
6.357428133139865e-05
0.9999971790452155
0.2497209163279751
0.9999972748874415
0.9999972598352074
0.9999972753700309
0.9999974459468678
0.9999973627840172
0.9999974171840624
4.8770146152022175e-06
0.9999972939703193
0.9999973228495601
0.9999973636211187
0.9999972956363888
3.06376540292233e-06
0.999997230422235
0.9999972957470619
0.9999973198968698
0.9999972547907157
0.9999973946025887
0.9999973726419038
3.418377261339023e-05
0.9999971585634583
2.3072704594882476e-06
1.609793545236107e-05
0.999997341962989
2.113601345218161e-05
1.0007177697219446e-05
0.0022347843959971622
0.9999972633399472
1.1551277565950917e-06
0.99999734053975
0.9999973396531098
0.999997260615686
0.9999973521829489
0.10871639888178303
0.9999972832756008
0.9999973597368447
0.9999972637325989
2.0164824083731327e-05
0.9999974282444456
0.03240612673255195
0.9999973500044413
0.9999973158468218
0.999997464863343
0.99999746821658
5.084770693766448e-06
0.9999972331806373
2.749441158320252e-05
0.9999975055050498
0.9999973753060954
0.9999972641887973
0.9999974336467007
0.9999973154516666
0.9999973201056929
0.9999974953917556
1.677222937389853e-05
0.9999973211723151
0.9999974140812025
0.9999972541197775
0.9999973047334876
0.9999972601223575
0.9999973241727133
0.00018493673833344616
0.9999972510081018
0.9999973104495467
0.9999973076850399
6.7011504201306595e-06
0.0016860261147034243
0.9999973673412396
0.9999974439893885
0.0160941032412293
0.9999970975470971
1.1844070835035512e-05
0.9999972505774322
1.7918105529547498e-06
3.253182753971098e-05
0.9999973629322413
0.9999973981377197
0.9999974312462795
9.030684028605002e-06
0.9999973017293323
1.6761568449523362e-06
0.9999973880905517
0.9999973814076829
0.9999973613028853
0.999997300264365
6.737721207852084e-05
3.7285274108942873e-07
0.024455524816030007
0.9999972760183039
0.9999973858617117
0.9999973129354628
5.734285326031892e-06
4.046853760304742e-05
0.9999973776018616
0.9999974798574408
0.0020420657431259428
0.9999972795438582
2.895237934909509e-05
0.9999973272074738
0.9999973317725019
0.9999972344074631
0.9999974119481146
0.9999974978718347
0.9999972134444525
0.013052114582433006
1.9924227023922405e-05
0.9999973996024206
0.9999974544997005
0.9999971343373213
7.289245483791106e-06
0.9999974531799862
3.6568317220105176e-06
0.9999972588715864
1.1541915407781371e-05
0.9999972868059417
1.3791815882015947e-05
0.9999974413742037
0.9999974279804307
0.9999975361833807
0.9999972483420816
0.9999973348361809
0.9999973975640665
0.9999973682848311
3.3903030752790798e-06
0.001992614394990831
0.9999972358533441
2.5854062135103493e-05
0.99999744003605
2.560503963462966e-06
0.9999972748765299
0.999997366049518
0.9999972572405307
0.9999973784484069
0.9999972094684656
2.942833801197714e-05
0.9999973253470512
0.9999973421461626
4.4091159936753154e-05
0.9999972855128554
0.9999973046817766
0.9999973551931288
0.9999973186962704
0.9999974047227943
0.25001048147664556
0.9999972911327459
0.9999972973337632
0.999997305971786
0.9999973279083982
0.9999972391889566
0.9999974122833436
0.9999972072961743
0.9999973287904232
0.9999974291231942
0.9999971688197367
0.9999974284255725
4.564668016315768e-05
1.2632613292429572e-05
0.9999972489916666
0.9999971638262678
3.080878735079808e-06
0.9999973409303788
4.890278360538283e-07
5.963930326428023e-05
0.9999973921063517
0.9999972821763518
0.9999974627043847
3.2643578952611202e-06
0.0326187706402747
0.9999971599773361
0.9999972849821049
2.902867585286048e-05
0.005027958812805566
0.9999972433751457
0.9999973820141328
0.9999972578894081
0.9999973987812096
0.9999972648813326
3.406655064553819e-05
0.999997383130093
0.9999973364749534
0.9999974439775441
3.5265478749125533e-06
0.9999972526758554
0.031712010621321556
0.9999972825918984
0.9999974673464997
5.1235007724748914e-05
0.9999974403726798
0.9999971645922779
0.9999974682448207
0.9999973049310547
0.9999975069160862
0.9999974176085781
0.9999973301214066
0.9999972731466509
6.619799674675085e-05
2.0496621136701167e-06
4.566317738146288e-05
0.99999715233059
0.9999973820912001
0.9999974485002938
0.9999973842111629
1.3755233531078156e-05
1.7875255550766584e-05
0.9999974118059454
0.9999973283814236
2.5497237223361763e-05
0.9999972916763941
0.9999971802274743
0.9999972051689604
0.05627734261919687
2.6761525545111715e-05
0.015432810420855616
0.9999974351881685
0.9999974388289122
0.9999973649792101
6.712090601451686e-06
3.1119912637458435e-05
0.9999973758404666
0.9999974509813846
0.9999973220455577
0.0019405165290839884
0.9999973273361301
0.9999974522219431
0.9999972538901084
0.9999973298316313
3.846572491540064e-06
1.3641332073309233e-06
0.9999972715813653
0.9999973656028538
0.9999973787334051
0.999997264099166
2.4026917714697816e-06
0.9999973729239712
0.9999973608595649
0.999997163829757
1.612391625092178e-05
0.9999973442213415
3.9406898198520337e-05
0.9999974064559475
1.3707775008969406e-05
0.9999972514137971
0.9999972489705284
0.9999972788639631
9.400803962235772e-05
0.008229659548044155
0.9999973454812637
3.2221772912806405e-05
0.9999973965396801
0.016486325357175348
0.9999974792036307
6.576013728947017e-06
0.9999973876043549
0.9999972560196705
0.9999972483123709
0.9999972661685512
2.2068859366159898e-05
0.9999975379043962
0.9999974040193159
0.9999971924829533
0.0001040716460290344
0.04846523405008653
0.999997344520355
0.999997325906056
0.9999973081720879
0.9999974780334413
0.9999972833449989
5.334940550688753e-06
4.5451779749857655e-05
0.9999973882038257
0.9999973599020943
1.540957378501857e-05
0.9999972982404411
9.627533761552814e-05
0.0
0.9999973765139958
1.1609029338745446e-05
0.9999972808375771
0.9999972136746071
1.4645839440863329e-05
0.99999747138244
3.228224428476357e-05
0.9999972827548578
0.9999973356840578
3.314439043387951e-05
1.759425435373659e-05
0.9999972855807012
0.999997335813304
1.3187161929989356e-05
0.9999972107588525
0.9999973106173211
1.742754533966392e-05
0.003808375345716651
0.9999972556138013
0.9999972150055011
1.3101258430258474e-05
0.9999973646159409
0.9999974079212033
0.11188499086510506
0.034071585769010815
0.99999735700311
0.9999972239998524
1.6244283728895898e-07
0.9999971965398682
0.9999972970402384
0.99999735451164
0.999997402430153
0.9999971998880068
0.9999972920025179
0.9999973998622844
0.9999973766314808
0.999997468107983
2.2045622513681177e-05
0.9999972466474946
0.002552712284553223
0.9999973145469795
0.9999973305483356
0.9999973138025309
0.9999973357534304
0.9999973582786469
0.9999973030878833
4.104673957898948e-05
0.9999972563628517
0.9999973251776239
0.0003811502127001485
0.9999973692790638
0.9999973814890779
0.9999972863076562
0.002474017005404055
0.04448829631208208
0.999997193214127
0.9999971661673065
0.9999972831280896
0.9999972969274967
3.256664397769436e-05
0.9999974577101425
6.205333847706048e-06
0.9999973584362177
3.7464459115732414e-06
0.015934300281992074
0.9999972883675131
0.9999973764505333
0.9999973245263959
2.2314939537805242e-05
0.9999973258338185
0.9999972722620069
0.9999973887032186
0.9999974666581823
0.9999971542352994
0.9999974298916523
5.0776038734722195e-14
4.83911213515049e-06
0.9999972612096261
0.9999972418561474
4.148971218033069e-06
0.9999972255037908
0.9999973429712116
1.629387269830007e-05
0.9999972398275362
0.9999974069246053
0.9999973413379376
5.429817987166858e-05
0.030469082804668122
0.008657054462545442
0.9999971705615497
0.999997175172416
0.9999972606548275
1.8531862776162257e-05
0.999997214378162
0.9999972381171144
1.4623889965681777e-05
0.9999974237560377
0.9999973762023391
0.9999973431757444
0.9999974648617278
5.5677469020492226e-05
0.99999717004713
0.9999974335839078
0.9999974696783244
0.9999972220879497
1.0686544975695548e-05
0.9999973606072711
0.0163673807810756
0.9999972247194027
0.2500860133344052
0.9999974557595319
4.280825183940538e-05
3.8689745703993565e-05
0.9999973496168781
0.9999972761761785
0.9999972560504489
0.9999971933484362
7.733377801903731e-05
0.9999974457142367
2.8345829084152657e-05
0.9999972906092285
0.9999973374545786
0.9999973909085528
2.7797768951114058e-06
0.014928318533344084
0.9999973923770198
0.9999972995367031
0.0026204809403310315
3.5562196872101733e-06
0.0019152956557686393
1.2272546263291773e-07
0.9999973707326059
7.812290857503237e-06
0.9999972425006383
0.9999972492164747
0.9999973684391452
1.2773288500691847e-05
0.9999974102169719
0.9999975135195076
2.5614802636830286e-05
0.9999973764627116
0.009250179348853601
0.25000444900275126
0.9999973277701861
0.9999973399896244
0.9999973006155334
0.9999972861713788
0.9999972867788608
4.071098141529742e-06
0.9999973420988388
0.9999972874419029
3.696680891390141e-06
0.999997389051749
2.970497349292841e-06
0.9999974245336265
0.9999973367959135
0.9999972826542386
0.9999972571024959
0.999997314586463
1.271016505495631e-05
0.9999972278690978
0.018962943641184952
0.9999972695259816
2.5231663320736284e-06
7.356173275695248e-05
0.001476805682106868
0.9999972827822783
0.9999973548978286
0.9999973713815055
2.5060969380975762e-06
0.9999973511320341
0.999997284623321
1.1013484325365055e-05
0.004194098655128999
0.9999974286543122
5.676396641218574e-07
2.397569314976689e-05
0.9999972513176246
0.999997319296245
0.9999973521144265
0.9999974087299259
2.810290475734994e-05
0.00685214531870693
0.9999972530611857
0.9999973525526081
2.282883553361239e-05
5.1057547315488914e-06
0.9999973580019104
0.9999973779701973
0.9999973186199667
0.9999973531565638
0.03072081187287064
0.9999972637843569
0.9999972482615257
0.9999971862109258
0.999997433650664
0.9999972313291884
0.999997209768808
3.7237510232177136e-05
0.9999972534154707
0.9999973604519513
2.8497117559009238e-05
0.9999973826173123
0.9999972943458302
0.99999740186612
0.9999972335665076
0.999997360904968
0.9999974266193443
0.9999971576116647
0.9999974127132323
0.9999973145407287
0.03221887644569983
0.9999974303835117
0.9999974110437072
0.9999973194969808
8.668929655193455e-06
3.7176672801871522e-06
0.9999972884039591
0.005140254140370334
0.9999973366342633
4.529408901645321e-05
0.001730629531865471
0.9999974175794507
0.10269185320644122
1.8995420895385344e-05
0.9999973411617195
4.3906208250442236e-07
1.1749187513190772e-06
0.9999973113135843
1.3885868870460474e-05
4.620038658421509e-05
0.999997553552035
3.620755021652243e-05
0.999997291414803
7.908465750993992e-05
0.9999973828892296
0.9999972680835467
8.215717157476582e-05
0.9999975397753492
0.016101260752835876
3.308213244432929e-05
0.9999974338123635
0.9999974568303247
0.9999974887690684
7.400660545862876e-06
0.9999972808366367
5.237597963741182e-05
1.1540222711027108e-05
0.9999973633824644
0.9999973968027034
0.9999973378299581
0.999997232977888
0.9999973806201754
0.9999973934850767
0.9999972610515601
0.9999972463941496
4.486560715523555e-06
2.545557316316879e-05
8.310163516283613e-06
0.999997236981545
0.9999973115853352
0.9999973790229036
0.9999972556715425
4.141188333692069e-06
0.9999973925053591
0.9999974291217352
0.9999974266350127
0.003461992141076551
0.9999973589859494
1.8208417430753184e-05
0.9999971426009716
0.9999971454251854
0.999997270853985
0.9999972684721651
0.9999974241805756
0.9999972418043742
0.9999971708996883
0.999997304833857
0.999997352703588
0.9999973600901032
0.9999972816315608
0.9999973814954821
0.9999973478001987
0.999997405384175
2.8612016566966565e-05
0.9999974884972811
0.999997320345582
8.783814409526595e-06
0.9999972846535422
0.9999973706854471
3.22375535262335e-08
2.0017893849485495e-05
0.9999974930649582
0.999997431193718
0.2065734174739573
0.9999972391615259
2.0625157644228628e-07
0.999997249683478
0.9999973438393172
0.9999972362337237
0.9999973274107155
8.933989188752544e-06
1.5999452713998698e-05
0.20679788746642255
0.9999974188786833
0.9999973484521454
0.9999973987055536
0.9999973445598698
0.9999974027468526
0.9999972862490704
0.05739969689128379
0.9999973150203831
0.999997259590396
0.9999972428901335
0.9999972487999083
0.999997421069502
0.9999972852920952
0.999997179833905
0.9999973633194484
0.9999973000963402
0.9999971632207149
0.9999974858943085
0.9999975309555514
1.0362283971261158e-05
0.10828354983692962
1.198552830042941e-06
0.9999973912409822
0.9999973587934631
0.999997361066569
0.9999974343777767
2.8724570486888213e-05
0.9999972943356942
0.9999971770868206
0.001780573540913043
0.9999971638762336
0.2500611326444232
6.053604434507203e-06
0.9999973981450259
3.3613621513414895e-06
0.9999971988687162
1.6172619362836626e-06
7.850318952567245e-14
0.9999972859990598
0.0052577685177605795
0.9999974476389334
0.9999974201823906
0.9999972163105212
7.525465740823151e-05
4.220257094768448e-05
0.9999973726660247
0.9999973498146443
0.9999974454032837
0.9999972096656935
0.9999973284341481
8.991363796008628e-06
0.9999973071324012
0.9999972796803958
0.9999973389819775
0.9999971783610073
0.9999974486179424
0.9999973741027811
0.9999972364007255
0.9999972549498093
1.9685777696563684e-05
0.9999974464764002
0.004985691087102294
0.9999973851993003
0.9999971544774221
0.9999973210659283
0.999997322729709
8.979021077021743e-06
0.9999973826442725
0.0024673919139317816
1.7856504215157579e-06
0.9999973105589093
0.2062402240764367
0.9999973449336392
0.9999974153732135
0.9999973507276435
7.806960226559538e-06
0.9999973087444277
0.9999973741464931
