0.9999972385694399
0.9999973685385964
0.9999972115026009
0.9999973244796391
0.9999974331416225
0.9999973801834082
0.9999974053116718
0.9999973776135366
0.9999972686976302
0.9999973686614988
0.999997277472564
0.9999972788780341
0.9999973089229001
0.999997467549942
0.9999972952155873
0.9999973490220387
0.9999973290369548
0.9999972998960883
0.9999973525352218
0.9999973317880383
0.9999973193733814
0.9999974054886351
3.181205368572364e-05
0.9999973123413477
0.9999972564941478
0.9999973027119747
0.9999973296044267
0.9999974215686483
0.9999973151102304
0.9999973427110622
0.9999973011291907
0.9999972584437388
0.9999973910790544
0.9999974830748494
0.999997503756743
0.9999972968695157
0.9999972511158609
0.999997431197173
0.9999973338303706
0.9999972389039625
0.9999973456236269
0.999997349014092
0.9999975461791563
0.9999972971846116
0.999997454359538
0.999997353155766
0.9999972317570556
0.9999972009989062
0.999997248638975
0.9999972571836984
0.9999973982708779
0.99999733371184
0.14437206423913984
0.9999972914057389
0.9999972167838088
0.9999974876252856
0.9999973755259786
0.9999973282508905
0.999997341908829
0.9999973845970404
0.9999972154884292
0.9999972254926635
0.9999973513261114
5.2963521852296135e-15
0.9999972878165324
0.999997323695537
0.9999973742888767
0.9999972220281342
0.9999972050541481
0.999997339564161
0.999997177586265
0.9999973992819032
0.9999972958923167
0.9999973758495997
0.9999973033946052
0.9999973471463338
0.9999972724054417
0.9999973335587438
7.3217601821446475e-06
1.7394887278349283e-05
0.9999972288879699
0.9999971387793495
0.9999972325122503
0.9999971903052715
0.9999974057726301
0.9999973103003631
0.9999972175550783
0.9999972884393052
0.9999974117479188
0.9999974176652775
0.999997412396222
4.7220840722351605e-05
2.6375366104388683e-06
0.9999973496816678
0.9999972781689188
0.9999972867449111
0.9999972244823162
0.9999972372080879
0.9999972934895366
0.9999973001240587
0.9999974015176296
0.9999972901268965
0.9999972549271781
0.9999973481669858
0.9999971918983044
1.6658071802324478e-05
0.9999973691526263
0.9999973800988555
0.9999973147604811
0.9999974134538318
0.9999974060226644
0.999997420953856
0.9999973605161327
0.99999731898892
0.9999972719823631
0.9999973508978796
0.9999973774177751
0.9999973579650019
0.9999972930935788
0.9999973591062267
0.9999973794375552
0.9999974487183557
0.9999973427779112
0.9999974672987095
0.9999972053445451
0.9999972838157557
9.926272012633493e-05
0.9999972585056682
0.999997270638575
0.999997367503826
0.999997262266896
0.9999972617648987
0.9999972425308552
0.9999975559927319
0.9999974677499627
0.9999974085222955
0.9999973542397348
0.9999973687996557
0.9999972681375039
0.9999971624034222
0.9999973515341906
0.999997219126963
0.9999972860558517
0.9999972941797084
0.9999973195989906
0.999997337896817
0.9999974430397913
0.9999972507963873
0.999997409756634
0.9999972894268121
0.9999974801819085
0.999997224982441
0.9999973229903406
0.9999972071681116
0.999997294390651
0.9999974802344341
0.9999972038115748
0.9999973520572182
0.9999972340311565
0.9999972857080979
0.9999972816458473
0.9999973692261362
0.9999972727268841
0.9999972969463936
0.9999974570749554
7.833288513840066e-06
0.9999973682377854
0.0022646297154343925
8.413416856516643e-07
0.9999973505897068
0.9999972938718109
0.9999974743638351
0.9999972971018046
0.9999973168248588
6.858685277842506e-05
0.999997390148154
0.9999973173617925
0.9999973890185617
0.999997324827277
0.9999975812856633
0.999997281807943
0.9999972835601854
0.9999973702434762
0.999997402417055
0.9999973281934885
0.9999973009308389
0.9999973386076033
0.9999974993660913
0.9999971838252771
0.9999973053219126
0.9999974167132691
0.9999972391610803
0.9999972741060925
0.9999972591313369
0.999997382688276
0.9999971836236264
0.9999973123558841
0.9999973579408733
0.9999974593077956
0.9999973075895022
0.9999973790783687
0.9999972813638797
0.9999972506631681
0.9999973858499183
0.9999974512188088
0.002221403394515171
0.9999973634704556
0.9999974082076153
0.9999973171505494
0.9999972655583019
0.9999973768480108
0.9999972811056905
0.0
0.9999974753288164
0.9999972973721734
0.9999973472784187
0.999997351000702
0.9999974414157323
0.9999972583871461
0.9999972733795109
0.999997534658132
0.9999973885072554
0.9999971916361106
0.9999972553051435
0.9999972460979867
0.9999972616568825
0.9999972023205864
0.9999972702455314
0.9999973132666339
0.9999974397105148
0.9999974434558547
0.9999972644196363
0.9999973072543771
0.9999973967766378
0.999997267166692
0.9999974935262216
0.9999974596666528
0.9999973020270531
2.2548835271733745e-05
0.9999972197587723
0.9999973364204098
0.9999972735384844
0.9999972259819869
0.9999974761072061
0.9999972129286877
0.9999973641148837
0.9999973235605883
0.9999972803491372
0.9999974411659818
0.9999974058651282
0.9999974605431994
0.9999972209204536
0.9999974439077188
0.9999972894822908
0.9999972982781905
0.999997400210715
0.9999973065253283
0.9999973089077128
0.9999972729743276
0.9999972858918245
0.9999973415576382
0.999997269192481
0.9999971895080252
0.9999972984896839
0.9999972650383226
0.9999973249138199
0.9999972006985359
0.9999971928338615
0.9999974216832742
0.9999973697565432
0.999997221189928
0.9999973417536312
0.9999973941586883
0.9999973295808764
0.99999741238212
0.9999973410151045
0.9999973016599409
0.9999972617803832
0.9999973224054184
0.9999973299808828
0.9999974093303682
0.999997334191029
0.9999974490144499
0.9999972704692498
0.9999974739270879
0.9999974401013207
0.9999972757223703
0.9999974786474345
0.999997314118181
0.9999973949339327
0.999997424025006
0.9999973424526812
0.9999974037736392
0.9999973268193368
0.9999973792843322
0.9999973917538111
0.999997303954302
0.0590443484517207
0.9999971927673473
0.9999975103757978
0.9999972596392264
0.9999974426381676
0.9999973715519487
0.9999973697520199
0.999997265312107
6.551692447356915e-05
0.99999728739355
0.9999973829274328
0.9999973905374387
0.9999974521317065
0.9999972202345209
0.999997277465941
0.9999973619284278
0.9999972558269586
0.9999974122389251
0.999997339197982
1.2172433296110402e-05
0.9999973539450329
0.9999972159101211
0.9999972886971106
0.9999974054366844
0.9999973861963163
0.9999971852520068
1.1782943494317587e-06
0.9999972686990033
0.9999972810499443
0.9999973735352561
0.9999973111749776
0.999997354126184
0.9999972925685652
0.9999971327579458
0.9999972762504932
0.9999974495752614
0.9999975137736893
0.9999972903144843
0.9999972591765278
0.9999973850813376
0.9999973910883367
0.9999974148225036
0.9999974733654927
0.9999973853196867
0.9999974061162588
0.9999973814955034
0.9999974256973102
0.9999972153485762
0.9999972767512955
0.9999972231793465
0.9999972319301138
7.767466457697145e-05
0.9999974242241523
0.9999974604899813
0.9999973571953804
0.999997323816782
0.9999972898080602
0.9999975205033167
0.9999973406102327
0.9999974018875779
0.9999972345032806
0.999997387203535
0.9999972493755985
0.9999973807383283
0.9999974206944343
0.9999972819818367
0.999997327536636
0.9999973955493657
0.9999973213906871
0.9999972133870221
0.9999973499800046
0.9999972574697159
0.9999972734386802
0.9999974009167768
0.9999974399991675
0.9999974715588158
0.9999973021558907
0.9999974334049311
0.9999973658374007
0.9999973156557134
0.9999973752551065
0.9999971601027938
0.9999972569582848
0.9999973500398217
0.9999974656612854
0.9999972497999816
0.9999973445839616
0.9999973588525339
0.9999974737112495
0.9999973354773061
0.9999972639059297
0.9999974281859076
0.9999974924915636
0.999997280213985
0.9999974125378439
0.9999973099104341
0.9999972781490873
0.9999973869560786
0.9999972095581726
0.0025436017443878937
0.9999973398573537
0.9999973511100899
0.9999974393266801
0.9999974196758766
0.999997347198026
2.1293823876712652e-05
0.9999973183012243
0.9999974086270248
0.9999973589666815
0.9999974298815208
0.999997480359863
0.999997433029489
0.9999975034976634
0.99999732334803
0.9999974427882591
0.9999974213239582
0.9999973913899741
0.9999973564575129
0.9999974043693743
0.9999972378796569
0.9999972090763254
0.9999973038746403
0.9999972398589464
0.9999972829171182
0.9999973460415731
0.9999974591359566
0.99999740344518
0.9999974408392784
0.9999973385322203
0.9999974582265694
0.9999973199471068
0.9999972484546746
0.9999973436634076
0.9999974289943155
0.9999973224382819
0.9999974256010391
0.9999973473437486
0.9999973059819064
0.9999973025223706
0.9999971131319917
0.9999973789367962
0.9999973243390831
0.999997299062935
0.9999974991419559
1.8811600018625924e-05
0.9999974200817363
0.9999973851506018
0.9999972502017437
0.9999973720185211
0.9999973758538312
0.9999973036651969
0.9999972251140127
0.999997260581496
0.9999972412615616
0.999997362954527
0.9999972425587214
1.564157282275149e-05
0.9999972224112835
0.9999971917216123
0.9999971970591194
0.9999973226944315
0.9999975325091353
3.534019580428104e-05
0.9999972697588738
0.9999973484731357
0.9999973522982162
0.9999972592118155
0.9999973275168247
0.9999974077145648
0.9999972347878188
0.9999972799723271
0.999997260840077
0.9999974085012738
0.9999973864660804
0.9999971900522278
0.9999974120170159
0.9999972727427698
0.9999972332033431
0.9999973806692629
4.2851834882498415e-05
0.9999972394966443
0.999997150553756
0.9999973192068973
0.9999974323010576
0.9999971737563728
0.999997426166534
0.9999973017886257
0.9999972061799007
0.999997352641991
0.99999732650586
0.9999972993808476
0.9999974544022208
0.9999974303176967
0.9999972909327981
0.9999973138839026
0.9999971698919199
0.9999973321076543
0.9999971394483811
0.9999972352897717
0.9999974223548467
0.9999974107276698
0.9999973309258361
0.9999973399042121
0.9999972968996872
0.9999974071573641
0.9999972963490138
0.9999975003229298
0.9999972597631633
0.9999973500392486
0.9999974238003612
0.9999973545517445
0.9999974051384213
0.9999971699751112
0.9999974517687489
0.9999972997291403
0.9999973699055419
0.9999972499601106
0.9999973276725119
0.9999973374276974
0.9999972276640986
0.9999973498699223
0.9999973201907196
0.9999972079030038
0.999997304976853
0.9999973996559803
0.9999971995576549
0.9999973594059058
0.9999975012269418
0.9999973997280619
0.9999971985783955
0.9999975207565547
0.9999973762967401
0.9999973088280609
0.9999973644004265
0.9999973184661395
0.9999973401872243
0.9999975413941242
0.9999973565751202
0.9999971155822026
0.9999973540842412
0.9999972685712921
0.9999974441096289
0.9999974066344145
0.9999973663129934
0.999997453844427
0.9999973380728624
0.9999973372745832
0.9999975007844583
0.9999973028033808
0.9999973547488176
0.9999972809278919
0.999997484145782
0.9999973517939609
0.9999972768113622
0.9999973051590026
0.9999971779396083
0.9999973972865575
0.999997339271306
0.999997216256038
0.9999973781863493
0.9999973153948071
0.9999973799926568
0.9999973725445565
0.9999972538114394
0.9999975211306277
0.9999972940934134
0.9999972629813901
0.9999972584046347
0.9999973280302786
0.999997444582667
0.9999973400666995
0.9999972537562033
0.9999973473210403
0.9999973445054559
0.9999973020929607
0.9999972772365735
0.9999973160438972
0.9999972441270357
0.9999972715506037
0.9999972043316343
0.9999972224180574
0.9999972770359331
0.999997255153576
0.9999973288887014
0.9999972060506372
0.9999973636543439
0.999997247046869
0.9999972539780746
0.999997390795154
0.9999971394564569
0.9999972497285866
0.9999972941846795
0.9999973739404863
0.9999973349686998
0.9999973437916901
0.9999973961475107
0.9999973548556164
0.999997244716489
7.361765854095622e-05
0.9999971741087395
0.9999972841523063
0.9999974211968129
0.9999972976399518
0.9999972936303877
0.9999973269531945
0.9999972110898184
1.4526416823268028e-05
0.9999972294159779
0.9999972655527595
0.9999973520455597
0.9999971971109404
0.9999973088467689
0.9999973988544653
0.9999972446792643
0.9999973226911808
0.10932553632880276
0.9999973956186043
0.9999973737435223
0.9999972961065832
1.99404603147287e-05
0.9999972785001183
0.0
0.999997293232771
0.9999973497611012
0.9999973795418348
0.9999972410671196
0.9999973397868417
0.9999973247666163
0.9999973363908348
0.9999973993613487
0.9999973886877035
0.9999974699514333
0.9999972325014367
0.9999973041481555
0.9999974093105707
0.9999972573257779
0.9999972903302209
0.9999973391180731
0.9999972881896029
0.999997239007663
0.9999973821082033
0.999997391113636
0.9999971334823353
0.9999975857111311
1.5814533514700905e-05
0.9999971755883043
0.9999972643791413
0.9999972592229652
0.999997219106892
0.9999973377709954
0.999997375007009
0.9999972338242935
0.9999973227383041
0.9999973672080537
0.9999973742044019
0.9999974039406476
2.4329061205952945e-05
0.9999973580598948
0.9999972386671934
0.999997454613971
0.9999972956791887
0.9999973476804301
0.9999973325632296
0.9999973020586547
0.9999973501068982
0.9999971653481943
0.9999972683366406
0.9999973299418545
0.9999972382151756
0.999997203543901
0.9999974990803855
0.9999974588155939
0.9999972855016979
0.9999971703631443
0.9999973812904954
0.9999973728186597
0.9999972539819875
0.9999973064174816
0.99999734120956
0.9999974011183191
0.9999972669594892
0.9999973126289836
0.9999973065116295
0.9999972424683018
0.99999730827539
0.999997353149257
0.9999974491855494
0.9999973843283441
0.9999973336089267
0.9999973772361053
0.9999972248751032
0.9999973435986944
0.9999972286466637
0.9999973704261791
0.9999973109768894
0.9999971649395331
0.9999974138542975
0.9999975076640362
0.999997318748044
0.9999973711399697
0.9999974253568192
0.9999973397821403
0.9999973745083424
0.9999972967507459
0.999997158533353
0.9999975336278302
0.9999972996367497
