0.9997328793708146
0.9997372253145708
0.9997310956328621
0.9997323115370372
0.9997359170647402
0.9997359113537378
0.9997369343878342
0.9997324613429218
0.9997385222013324
0.9997331468799969
0.9997371025664246
0.9997342485937494
2.439716346483528e-05
0.9997323602595249
0.9997351135695385
0.9997326499258588
0.0019695024933629856
0.9997302406984536
0.999739081350047
0.9997296940403784
0.9997260907377978
0.9997322100642894
1.4656533319695821e-05
0.9997346451667791
2.777360941392634e-12
0.9997363579455296
0.9997341139745616
0.9997402815345676
0.9997313256489544
0.9997405130957634
0.9997358894572396
5.9308102237755664e-05
0.9997363838463637
0.9997366958386312
0.9997390929259424
0.9997347585338935
0.9997317075926128
0.999732073247194
0.9997300665743847
0.999737343570296
0.9997245919982775
0.9997337490774016
0.9997333513185422
0.9997331367722123
0.9997360336515624
0.9997366691298588
0.9997343231148341
0.999733067164
0.9997326318941375
0.9997322256499679
1.6670425503183325e-05
0.9997303901202127
0.9997322985824206
0.9997298680505475
0.9997368452476849
0.9997326765454344
0.0
0.9997352454348671
0.9997358604596339
0.9997394612522789
0.9997389278878319
0.9997418283140665
0.9997324956197741
0.9997361638415587
0.9997318452124995
0.9997380125144006
2.317858986434323e-06
5.470079251408238e-06
0.0
0.9997303832587296
0.999730862497529
0.9997319730967854
0.9997353416298544
0.9997330089812678
0.9997276801486774
0.9997322041052563
0.999736973791537
0.9997328668760684
0.9997333028580397
0.9997345900433525
0.9997356365297257
0.9997362245419495
0.9997338899750977
0.9997307346663039
0.999735813800607
0.9997309102178573
0.9997316438495533
0.9997330264631393
0.999734702355677
0.9997353254418277
0.99973693127947
0.9997297949288938
0.9997380463870605
4.302024613090119e-05
0.9997335639352046
0.9997352301633439
0.9997288208668341
0.9997372583403881
1.0271644102685508e-05
0.9997391868736173
5.087175109438693e-06
4.826512360560477e-05
0.9997347613687195
0.9997295324859662
0.9997352013275476
0.9997377631811616
0.9997343526497626
0.999732486090642
0.0018815143780502616
0.999732660384454
0.999736925693492
0.9997292698452231
0.9997320653015692
0.9997353959153785
0.9997348911360894
0.9997339373816088
0.9997366655857138
2.338646704644879e-05
0.9997319973418101
0.9997335451217118
0.999730005137735
0.00016387886521217036
0.9997367262550467
0.9997318252242943
0.9997349580539129
0.9997294176115866
0.9997312384328094
0.9997362958273451
0.9997303587954418
3.302233283421231e-06
0.9997369875145945
0.9997323182339075
0.9997337494886135
0.9997413794194264
0.999734411427559
0.9997293657680866
0.9997381725249113
0.9997350573760906
0.9997352702825099
0.9997345525226097
0.999735522938764
0.9997366697185788
0.9997312054503764
0.9997361724060685
0.9997373478219408
0.9997394175840799
0.9997351791556297
0.9997339495016478
6.188382746460739e-06
0.999736617857419
0.9997304742298868
6.810367790832718e-06
0.999734602510934
0.9997350697374405
0.999733741820465
0.9997325108067168
0.9997341771401165
1.557269110084689e-05
2.947659312034153e-12
0.9997321130163783
8.166000617199477e-05
1.475344977892266e-05
0.9997347611131242
0.999723483798646
0.9997320463390653
0.9997360409101576
0.9997400641301515
0.0
0.9997336989344603
0.9997289541614848
1.1699259918153031e-05
0.0
4.30865498319007e-05
2.0397696256298707e-05
0.9997303053732735
6.511519639315604e-05
0.9997336593859354
0.9997335041271144
0.9997294188221778
0.999730189983972
0.9997338346851216
0.9997371070976886
1.4833133625288235e-05
2.4826768171245742e-05
0.9997368399362242
4.930331843955459e-06
0.9997323579154742
0.9997288296009179
0.9997332536608932
0.9997368998379242
9.346282120414557e-05
0.9997390571210669
0.9997359574118315
0.9997339597504951
6.435789972280197e-06
0.9997335359727643
6.839750534060229e-05
0.9997357991064064
0.9997297908195873
0.9997324791037802
0.9997320123700343
0.9997385058282632
0.999736414496799
0.9997330258807684
0.9997335602395844
0.9997323345562351
0.9997344456368814
0.999731293468832
0.9997354900795846
0.9997381469130069
2.0552883589699514e-05
0.9997318884868208
0.9997359797315802
0.9997330911635703
0.9997361291803029
3.0665533141335785e-05
0.9997322558763516
0.9997363679539798
0.9997359541066517
0.999734171396055
0.999734229396648
1.914257218369671e-05
0.9997349701255557
0.9997324115191162
0.9997369673760343
0.9997348063195385
0.999735507828385
0.9997393373746595
0.9997395593494199
0.9997328672587645
0.9997369959534266
0.9997336065610625
0.9997313929177196
0.999733924632978
0.9997291933984283
0.9997368526916158
0.9997339650092696
0.9997293112885742
0.9997357939444688
0.9997351340279723
0.9997375644698887
0.9997378034385925
4.663927988049709e-05
0.9997374152361406
0.9997353776301138
0.9997364558476742
0.9997360897738949
0.9997380398746724
0.999735070418017
0.0020161228240672302
0.9997329523032604
0.9997292783956017
0.9997288156244684
0.9997372836465238
1.988720561008113e-05
0.9997349545838435
0.9997336857622651
0.9997346138125002
0.9997309027922813
0.9997333661994188
0.999733840539422
4.453309045416555e-06
0.9997361810395355
0.9997361877617171
0.9997343504338774
0.999732871481796
0.9997371901960956
0.9997351926243152
0.9997336838049063
2.142761060697684e-06
0.9997297044133242
0.9997297785617582
0.9997355959218049
0.9997348292504187
0.999730212719109
0.9997354917544401
0.9997322150380685
0.9997337502394342
0.9997296755631833
0.9997293304790017
0.9997368249097983
0.9997327834977652
3.276480914818003e-05
0.9997284573509873
0.9997328757083332
3.7914888472979992e-06
0.9997348187598846
0.9997339303132261
0.9997321966148491
0.999734249899568
0.9997299563741626
0.9997324772536204
0.9997409404438735
0.9997336594314733
0.9997414500634036
0.9997339998271723
0.9997345929010819
0.9997350984679708
0.9997373246776894
0.9997345830565066
0.999735797267305
0.9997351408615952
0.9997344485548214
0.999735057096504
0.999735118568693
0.999733451810963
0.9997349364781711
0.9997329568427161
0.9997292096483685
0.9997357077687842
0.9997309553825644
0.9997359869916217
1.718721564667446e-05
0.9997355353017049
0.999730990854593
0.9997396860598916
0.9997381214159522
0.9997322026671805
0.9997301880612287
0.9997307697798021
0.999735317820128
0.9997319220757104
0.9997333559590933
2.094848006073199e-05
0.9997389166753599
0.9997402346404675
0.9997280470288543
0.999732149365949
0.9997332565607692
0.9997345163362621
0.9997333009058743
3.191111837628687e-05
0.9997350255594953
0.9997374055354485
0.9997353298954457
0.9997348620347143
0.9997390150355718
0.9997358126505733
0.9997344202911236
0.0
0.9997336546489503
0.9997369444738042
0.0
0.999736334766806
0.9997356811642749
0.9997312382670376
0.9997350444818117
0.9997320277722964
0.9997337918623465
0.9997333204696609
0.9997322126766507
0.9997278532210722
0.9997339017684732
0.9997374060147639
0.9997336118594038
0.9997328909498299
0.9997323580461775
0.9997331977747689
0.9997286853821049
0.9997331341603505
0.9997315945672921
0.9997383581484427
0.9997374024375448
3.1088834425474186e-06
0.9997354121272908
0.9997299794903522
0.999731861416647
2.6069364785761776e-06
0.9997343531576781
0.9997332862954726
0.9997349644415156
0.9997338963056859
0.9997376046404938
0.9997391358166428
0.999732692830615
0.9997355944938084
0.9997279174494135
5.743766253568148e-05
0.9997362993377251
1.4255260143409955e-05
0.9997327347855213
0.9997288899420529
0.9997307549952419
0.9997349637781329
0.9997320127856241
0.9997323127666968
0.9997342420730985
0.9997313434484728
0.9997321692544935
0.9997380273431514
0.9997363309218396
0.9997351882222228
0.9997347515703733
0.04813127473851149
0.9997343637183602
0.9997304955792872
0.9997337187866714
0.9997350476537384
0.9997300116038591
6.03822939653331e-05
0.9997372589369864
0.9997367504329775
0.999732640684936
0.9997373523522463
0.9997374770102037
0.999735678140526
0.9997377028900084
0.9997343516751119
4.395936544433144e-05
0.9997367683026191
0.9997340041346507
0.99973478122221
0.9997347604315365
0.999737866660757
0.9997368750341302
7.1415470771388335e-06
3.827085651016347e-05
0.9997380312277956
0.999732774967478
6.5153236261838215e-06
0.9997371921880833
0.9997326247924415
0.9997322509242395
6.30198443372017e-05
0.9997382152532882
0.9997362924350678
0.9997345337883601
0.9997319114745222
8.464153603576418e-07
0.999734818662062
0.9997323640314598
0.9997289253867484
0.9997342257108232
0.9997337978773232
0.9997318345206506
5.0287553781271675e-05
2.7395723701287978e-05
0.9997292297182838
0.9997317200361523
0.999733405870551
0.9997298059706434
0.0
0.9997320796675574
0.9997335487920578
0.002443536100507829
0.9997340391439976
0.9997343359214972
0.999730862505204
1.5185782840884e-12
0.24983786316887432
0.999732978757486
0.9997345949376807
0.9997373666977583
0.9997374452472451
1.0669965072955456e-07
0.999731530872189
0.9997326923202398
0.9997260745162883
0.9997315368931349
0.9997293734217859
0.9997340240028477
0.9997351795111158
0.999733547002171
0.00013103530892584546
0.9997332616049339
0.9997329834309631
0.9997314875700578
1.301004587819336e-05
4.8925600254222144e-05
0.9997322757033598
0.9997348765107736
0.00021315560666806211
0.9997356063880651
0.9997360971936109
0.9997351525409937
0.9997316678076665
0.9997357670060584
0.9997395498204227
0.9997382376751403
0.9997341756345673
0.999732403523048
0.9997387398596282
1.907877228659386e-05
0.9997283110334384
0.9997302738078797
0.9997368998455598
0.9997299456391439
0.9997342923336693
0.999732659661146
0.9997346964648602
0.9997315394265401
0.99973398559873
0.00011989860481780381
0.9997360677448016
0.9997336563054413
0.9997296507472502
6.97291582702328e-06
0.004102743843269274
0.9997349403809263
0.9997310475106165
0.9997356748031917
0.99973519010358
0.9997329739522713
0.9997382198055359
0.9997365046440296
0.9997341189180926
0.9997385673654408
0.9997370350594735
0.999728062872896
0.9997320227446967
0.9997354138563311
0.999733592612202
0.9997325928964474
0.9997344374901453
0.9997355053672431
0.999730524334958
1.8025407965474785e-06
2.7462483407506575e-05
0.9997313140596589
0.9997381270996079
0.9997305680431758
0.9997358276991952
2.1960898798167404e-06
0.9997330651486336
0.9997309879328506
0.9997349157097646
0.9997338078773672
0.9997332098233519
0.9997294449064975
0.9997312055741547
0.9997316398720327
0.9997289051667955
0.9997322926536231
0.9997325764448193
0.9997391149983388
0.00010459738004040362
0.999735150108046
0.9997321221661609
0.9997368072628594
9.367544153997093e-05
0.9997327109335865
0.9997322599479864
4.147825731632594e-06
0.9997326934307749
0.9997368476787213
0.9997377468806898
0.9997365747172451
0.999731406424157
0.9997345484933516
0.9997339855486682
0.9997339500461362
0.9997400495566429
0.9997341935785712
0.9997387884186656
0.9997315529012295
0.9997339148219664
0.9997311958446647
0.9997311406491718
0.9997338137810093
0.9997313496401781
0.9997423137496237
0.9997325154661387
0.9997297765145629
0.9997364433474645
0.00865073291462351
0.9997321080067111
0.000325978957766919
0.999727216383607
0.999736203804608
0.9997373739161177
0.9997331865630972
0.9997391616764998
0.9997301989742227
4.216230032193708e-05
0.9997358031366643
0.9997337169618585
0.003334125519610564
0.9997393957641466
0.9997343756918836
0.999733018608785
0.9997266288784437
0.9997371136668834
0.9997375357776301
0.9997343232490418
0.9997378452853108
1.4696501598964197e-06
0.9997249145065922
0.9997335493913165
0.999737779585488
0.9997310957165909
0.9997334510887488
0.9997284740382647
5.4755781270937505e-05
2.5158315315894138e-05
0.9997350413355288
0.9997332646637672
0.9997311638080042
0.9997372924090422
0.9997320565689407
0.9997345988456711
0.9997333021704546
0.9997384747982188
0.9997352167541045
0.9997353208476133
0.9997320849444482
0.9997357108495951
0.9997320421677344
0.9997351088073301
0.9997311696073404
0.9997364008705201
0.999735470068717
0.9997387321901052
0.9997329342625679
0.9997386835626232
0.9997312569667455
1.9726420610010732e-05
0.9997361730379147
0.9997352550736588
0.9997318441522266
0.999733716831642
0.9997311837167588
0.9997371077930401
0.9997311826530251
0.9997315756757791
0.9997324762429297
0.0001225092425735582
0.9997307210850266
0.9997336826702747
0.9997311259740916
0.9997331635307337
0.9997321938770115
0.9997351104858688
0.9997319404054169
0.9997319507010646
0.9997337854623964
0.9997326716348537
0.9997367475847297
0.9997348202483002
0.9997333331249535
0.9997286139125134
0.9997324198487363
0.004514479168775653
0.9997339587000046
0.9997319995756844
0.9997288721710819
0.9997339919553384
0.9997356895140586
0.9997301962596695
0.9997381618073332
0.9997350284297011
0.999738088064944
2.014479030986625e-05
0.9997375906923568
0.9997346131279402
0.9997323175862634
0.9997340226705148
0.999738327604333
0.9997389724985551
0.9997383921422384
0.9997353774510617
5.4092814139024246e-05
0.9997372074613693
0.9997282243029321
0.99973048420089
0.9997337215649669
0.99973377614591
1.4650826216596975e-05
0.9997362317960028
0.9997356761138533
0.9997289595370606
0.9997312342251499
0.999735093462221
0.9997318423610132
0.9997317685696542
0.9997389477181703
0.9997352915433283
0.999738092927422
0.9997376439316973
0.06248979135364688
0.9997300240760082
0.9997278503689088
0.9997294321680633
0.9997382420194504
0.9997285319637649
0.00011089817121140468
0.9997376181007381
0.999732689259026
3.3341992286817985e-05
0.9997344149255226
0.9997324908699331
4.431934110577005e-06
0.9997292545571799
0.9997374925335529
0.9997342916061958
0.9997313417187466
0.9997361484329964
1.9178928979357146e-05
0.9997390355014576
0.9997338043483347
0.9997311944172421
0.9997384803018541
0.9997325854417305
0.9997352617689336
5.2934458390631454e-05
0.9997360404435847
0.9997361942545255
0.5019732553881542
0.9997386420052227
0.9997350462706767
5.263020444557735e-06
9.434735101692643e-06
0.9997319870647734
0.9997351040263346
0.9997314331032936
0.9997357042306741
0.9997340896414677
