0.999997225145975
0.99999722103841
0.9999972482363239
0.9999973093427814
0.9999974046270417
0.9999973438404622
0.9999974404913932
0.999997396185006
0.9999973654464965
0.9999973138395255
0.9999971986370918
0.9999972958029301
0.9999972125440553
3.943801432267922e-05
0.9999974526112034
0.9999972033651328
0.9999974526054989
0.9999973688116839
0.9999973958315748
0.9999973962876212
0.9999972802274785
0.9999972596587137
0.9999973512301418
0.9999973036971787
0.9999973369896359
0.999997404527187
6.917665785052741e-06
0.9999972670551321
0.9999972356166942
0.9999974408017775
0.999997229968079
0.9999971032012489
0.9999971665067603
0.9999973474686925
0.9999973108130107
0.9999974140449199
0.9999971822388328
1.0329308505210279e-05
0.999997351980302
0.9999974274261249
0.9999973628618124
0.9999972944837004
0.999997319533544
0.9999972727680513
0.9999974110896334
0.9999973521292316
0.9999972858616277
0.9999974952160104
2.12145599380648e-05
0.9999973520737931
0.9999972773808579
0.9999974335509867
0.9999974558787253
0.9999974516662252
0.999997338021951
0.9999972234163281
0.9999974358146231
0.9999973820183908
0.9999974375876636
0.9999972427256719
0.9999974614558106
0.9999973322916466
0.9999973249393197
0.9999973052056244
0.9999972703936559
0.9999973001541198
0.9999972305940026
0.9999973037903749
0.9999973203942353
0.9999975122302089
0.999997255062922
0.999997374605807
0.9999974201128088
0.9999973992621417
0.9999971596859487
0.9999973497364147
0.9999972470466378
0.999997298072007
0.9999973483229733
0.999997206552709
0.9999973104406324
0.9999973227963195
0.999997267990269
0.9999973588164446
0.9999973960177634
0.9999973096799881
0.9999973668698755
0.999997318641811
0.9999972856261182
0.9999971877856022
0.9999973369819833
0.99999736412931
0.999997415151212
0.9999973039949485
0.9999972996741402
0.9999973029963655
0.9999971781779957
0.9999973535908158
5.014105945658216e-05
0.9999974136979091
0.9999973322588167
0.9999972768930272
0.9999973473740743
0.9999973247067621
0.9999974114383895
0.9999973268697145
0.9999973007870004
0.9999971988637724
0.9999973487558154
0.9999973701792116
0.9999974015622577
0.9999973239016866
0.9999972927806753
0.9999973917199635
0.999997366516615
0.999997352474888
0.9999973129662407
0.9999973209860754
1.1162538324462319e-05
0.9999974395014731
0.9999973459088976
0.9999973935621067
0.999997380004705
0.999997228240646
0.999997344834123
0.9999971442132903
0.9999972157307608
0.9999973027922164
0.9999973066209732
0.9999974043080233
0.9999972433542856
0.9999971420782936
0.9999974054213591
0.9999972918023013
0.9999973425928872
0.9999973718164683
0.9999974035628583
0.9999973650574405
0.9999973302921265
0.9999973459244729
0.999997340188615
0.9999974234494281
0.9999972463570357
0.999997254509495
0.9999973854106795
0.9999972284826001
0.9999972836069637
0.9999972755611282
0.9999973515562292
0.9999973579025213
0.9999972781814421
0.9999973777760125
0.9999972662156661
0.9999972861134149
0.9999972925600475
0.9999972442383048
0.9999973755477465
0.9999973786691297
0.9999974796126199
0.9999973375160004
0.9999974117428853
0.9999972731526352
0.9999972395071403
0.9999973884026023
0.9999973064122754
0.999997299832148
0.9999972297716978
0.999997148559996
0.9999975161710695
0.9999972320837629
0.9999974067656333
0.9999971976685496
0.9999972613685456
0.9999973322789427
0.9999974150885875
0.9999974774275192
0.9999973337262511
0.9999974629386326
0.9999973835161069
0.9999974176525888
0.9999973945682037
0.9999972973388049
0.9999972270917554
0.9999973573091259
0.999997449884708
0.9999973585576684
0.9999973630782715
0.9999973289508418
0.9999973065124316
0.9999972796065603
0.9999972555500961
0.999997288444251
0.9999973248992131
0.9999974517821972
0.9999974666014724
0.9999973641759067
0.9999974137656639
0.9999974307847335
0.9999972997544347
0.9999973087273892
0.9999972791973617
0.9999972101704415
0.9999973463611417
0.9999974371610174
0.9999971871565592
0.9999973022829269
0.9999973615969174
0.9999973970855498
1.2412299832199476e-05
0.9999974703938747
0.9999973485476984
0.9999971939177966
0.9999974572824882
0.9999973626393709
0.9999974361859133
0.9999973886582229
0.9999975313686761
0.9999972549687501
0.9999973644528747
0.999997341475732
0.9999973859070144
0.9999972670455236
0.9999973696836287
0.9999974527596668
0.9999972615245926
0.9999972058799937
0.9999972606121281
0.9999974487529973
3.905104984968422e-05
0.999997292678222
0.9999973236339172
0.9999972916425676
0.9999973201179142
0.9999973493043475
3.6290048564561443e-06
0.9999974359807307
0.9999973469658101
0.9999974746918885
0.9999974835163512
0.9999973708260279
0.9999972696348259
0.9999972918243255
0.9999973662557495
0.9999972688502822
0.99999723713133
0.9999974628690865
0.9999973103753936
0.9999973132197951
0.9999972472251484
0.9999971511351649
0.9999972834074218
0.9999972249651102
1.4455906146284313e-05
0.999997383766576
0.9999973354689901
0.9999974209502018
0.9999973071968615
0.9999973011866884
0.9999972625452991
0.9999974605192483
0.9999971229937638
0.999997219645908
3.6952619106142466e-05
0.9999972741824424
0.9999973246285472
0.9999972750546013
0.9999972614422423
0.9999974212350379
0.9999973595003566
0.9999973599672901
0.9999972682481115
0.9999972774192386
0.9999972656130351
0.9999974118482493
1.6268602980928513e-06
0.9999974893525858
0.9999974545481372
0.9999973092348413
0.9999971815823846
0.9999973859647736
0.9999972493512627
0.9999973799509498
0.9999972043806754
0.9999972945885467
0.9999973369345019
0.999997434258338
0.999997353867731
0.9999973148632829
0.9999972540559198
2.296711583666843e-05
0.999997267432825
0.9999972046240815
0.9999972813980559
0.9999972083936948
0.9999973559908892
0.999997278824458
0.999997357909605
0.9999972556734479
0.999997374501032
0.9999974271799432
0.9999974989606327
0.9999972677806888
0.999997250249985
0.9999972070701327
0.9999973047924892
0.9999972708251166
0.9999973904929171
0.9999972752802555
0.9999971767891922
0.9999974271047172
0.9999973652433063
0.9999973422089472
0.9999972274841232
0.9999974040997992
0.9999974080109922
0.9999972491807189
0.9999974576546161
0.9999973730079681
0.9999972723521673
0.9999972083855796
0.9999972808269801
0.99999730449468
0.9999973565677104
0.9999973624145023
0.999997363928533
0.9999974458405374
0.9999975111012561
0.9999973558529369
0.9999972956896142
0.9999974451687266
0.9999974182362842
0.999997199297498
0.9999973511590324
0.9999973053154668
0.9999973592129967
0.999997407032224
0.9999973712434681
0.9999971501282988
0.9999972881368229
0.9999972918392098
0.9999973047895702
0.9999974076554335
0.9999972817868292
0.9999974274789587
0.9999973086390649
0.9999974090701294
0.99999723116996
0.9999973142382296
0.9999973050591631
0.9999971987772462
0.9999974569288966
0.9999973984801127
0.999997346468087
0.999997306000247
0.9999974854655147
0.9999973015962558
0.9999973610243991
0.9999973953947847
0.9999972240777513
0.9999972726038306
0.9999973564847358
0.9999973210534955
0.9999973883892899
0.9999973055689237
0.9999974882341697
0.9999973049777219
0.99999728672368
0.05849017000609629
0.9999973332330876
0.9999972590139485
0.9999972442319761
0.9999974704772396
0.9999973054719306
0.9999973802744697
0.9999973645562004
0.9999974022138831
0.9999973245757274
0.9999972551205676
0.9999973821038464
0.9999972971144183
0.9999972928248332
6.018067549449158e-05
0.9999972076772611
0.9999973948948293
0.9999973581131872
0.9999972334350667
0.9999973537943923
0.9999972659516372
0.9999972638066356
0.9999972813354393
0.999997249857166
0.9999973749710859
0.9999971577126433
0.9999971957004126
0.9999972813376629
0.9999974306614364
0.9999973476461542
0.9999972705747099
0.9999972201612236
0.9999973827815805
0.9999974200649804
0.9999972411264643
0.9999973101746604
0.9999974353586903
0.9999972016094054
0.9999973047599426
0.9999973726625959
0.9999973906057626
3.354677711283588e-05
0.9999973610075368
0.999997515177118
0.9999973667588857
0.9999973554038676
0.9999972548420796
0.9999973302221634
0.9999972022049526
0.9999974471371215
0.9999972033951438
0.9999972842191018
0.999997527538777
0.9999974575502022
0.999997425749205
0.9999973629874227
0.9999971790206632
0.9999971950099283
0.9999973336019472
0.007707515863434172
0.9999973497483707
0.9999972999478492
3.616248679294101e-05
0.9999973183816991
0.9999973196739239
0.9999973820737061
6.728334771788185e-06
0.016519018359984042
0.9999975300525968
0.9999972388557208
0.999997393711221
0.9999973822827444
0.9999972206441304
0.9999974068347148
0.9999974304000889
0.999997234303104
0.9999972919377422
0.9999972102689215
0.9999972168483369
0.9999971889890517
7.41547672565211e-05
0.999997345890332
0.9999972465810005
0.0
0.9999973389670492
0.9999974662735234
0.9999973183094515
0.9999973692932569
0.999997379094232
0.9999972992942601
0.9999972826356266
0.9999974402659078
0.9999973777083899
0.9999973780327385
0.9999974117175779
0.999997408036237
0.9999973215079504
0.9999973883754717
0.9999974237629498
0.9999972313899149
0.9999972372643805
0.9999973328889362
9.375693232557607e-06
0.9999971795062921
0.9999973369581291
0.9999973346077464
0.999997271979264
0.9999972624723982
0.9999972739448928
0.9999974394709459
0.9999972179864334
0.999997265372785
0.999997296522231
0.9999973447370616
0.9999972513808773
0.999997350013886
0.999997201358059
0.9999974061559767
0.9999972907986829
0.9999972170064346
0.9999974437692527
0.9999972387706878
0.9999973468021065
0.9999973090106029
0.9999974686114156
0.9999972618400891
0.0022502292400084015
0.9999972685183459
0.9999973823567948
0.9999973443087807
0.9999975647933157
0.9999974377263339
0.9999974088579714
0.9999971975190521
1.889225336642289e-05
0.9999972477505771
0.9999973406318668
0.9999973710157187
0.9999971830583159
2.4114541032423333e-05
0.9999972365415812
0.9999973555053034
0.9999973223871471
0.9999973534291557
0.9999973984018439
0.9999973217754472
0.9999974623955936
0.9999973978649362
0.9999974132858308
0.9999972985414246
0.9999973258915384
0.999997259615713
4.4120965909606305e-14
0.9999973172858778
0.9999973616163497
0.9999973487880975
0.9999974806722425
0.999997463743613
1.0325445542596888e-05
0.9999974657718387
0.9999973975253348
0.9999973314125068
0.9999973062513092
0.9999973548095809
0.9999974577467323
0.9999974271868766
0.9999975026071399
0.9999971899450132
0.99999737136718
0.999997305921132
0.9999972438125562
0.9999972501685975
0.9999974622164762
0.9999974186845577
0.9999974005977222
0.9999973225045901
0.9999973361412814
0.9999972921525494
0.9999972590377955
0.9999972579081001
0.9999972643958027
0.9999972469433612
0.9999973153294472
0.9999972437379822
0.9999973205058291
1.2791428326869936e-05
0.9999973512869293
0.9999972925112158
0.9999971982833533
0.9999972085002616
0.9999974191513855
0.9999972980073344
0.9999974570001584
0.9999973322159139
0.9999972584244664
0.9999973640302326
0.9999972694375608
0.9999973156081154
0.9999973110283713
0.9999973743629444
0.9999973292087638
0.9999973288968924
0.9999972559191046
0.9999974132707602
1.201993707375835e-05
0.9999974940755149
0.0001196394460325639
0.9999973892430918
0.9999972775368351
0.999997346749403
0.9999972925595779
0.9999972886045717
0.9999972122904265
0.9999974058489933
0.999997231950337
0.029808796435474464
0.9999971985957774
0.999997459749843
0.9999973196981055
0.9999973292824604
0.9999974185865544
0.999997428544982
0.9999972917195041
0.9999974914695025
0.9999974002795576
0.9999972302860016
0.99999742800873
1.612525426852002e-05
5.0726490682881244e-05
0.9999973551535435
0.9999973985018034
0.9999973912057206
0.9999974215241055
0.9999973493306463
0.9999972980116942
0.9999972631279753
0.999997445341017
0.9999974271485599
0.08532910334011487
0.9999974794345741
0.9999972805979134
0.9999972995449503
0.9999973196936388
0.9999971555920449
0.9999973432300502
0.9999974694047173
0.9999973482239459
0.9999973014149657
0.9999974177327019
0.9999974260084948
0.9999974619637225
0.9999974346304271
0.9999972984381399
0.999997295377975
0.9999974963999554
0.9999973767831601
0.9999973292785205
0.9999974234973197
0.9999974391585064
0.9999973495491522
0.9999972047306803
0.9999973669591791
0.9999973982858272
0.9999973404993255
0.9999972103931148
0.9999972662770706
0.9999973866768278
0.9999973713381969
0.9999971534536176
0.999997280578739
0.9999971588103637
0.9999973266878547
0.9999973989530175
0.9999973436519408
0.9999974423849955
0.999997367236725
0.9999973710948317
0.9999973866854475
0.9999975478345182
0.999997300498016
0.9999973355520726
0.9999972410074057
0.9999974187786654
0.9999974802583692
0.9999973282687515
0.9999974043116675
0.999997383878882
0.9999973737511255
0.9999974067076791
0.9999973198864814
0.9999972508594416
0.9999973863220245
0.9999973322516373
2.122558064759856e-05
0.9999974109315388
0.9999973016110428
0.9999973362609367
0.9999973675864162
0.9999972966758959
0.9999972355728526
0.9999972504195995
7.728184636559146e-05
0.9999974910157107
0.9999971867846343
0.9999972086008528
0.9999973188641812
0.9999973321256451
0.9999973936115346
0.99999720578759
0.9999974130328244
0.999997358494277
0.9999973796728604
0.9999973964546116
0.9999973576002609
0.9999972226963169
0.9999974113307986
0.9999974756181702
0.9999972666892255
0.9999972209530129
0.9999973166363629
0.9999973478531129
0.999997339190278
0.9999972883951053
0.9999973700276744
0.9999973150523053
0.9999972400790895
0.999997266853304
0.9999973289032862
0.9999974798405804
0.9999972283825465
0.9999973376959144
0.9999971682480581
0.9999972300805976
