0.9984044598822767
0.9984128711311985
3.060763713901538e-06
3.156671288125781e-06
0.00011991868728303207
0.00016162605146452755
2.5802793694356384e-05
0.998453493559825
4.735559943127853e-05
3.0893601811456015e-06
0.00015652138409716265
2.675530212063347e-06
7.765132413921633e-05
1.826254802864863e-05
0.9984263608998215
0.00015060180251957444
0.9984484092238095
0.9984376471636766
3.6504210100327816e-05
4.294820118645071e-05
6.669217814563017e-05
7.127707566467634e-06
0.00011598728104367837
5.57248687648363e-05
1.2113760376310951e-05
3.408495371107717e-08
5.38667836044041e-05
0.00010425910941281174
7.375665161750892e-05
0.9984260829242144
6.375724096118008e-05
7.952618604600506e-05
0.9984434959012518
0.9984419783934886
4.8862503271866524e-05
0.00011959495217724258
0.00012880997471734242
0.9984484311543397
4.982858482114024e-05
2.7672253226811172e-05
9.965611674906564e-05
1.8765595552849367e-05
3.083803233064439e-05
4.4856965190438796e-05
0.9984838271734747
1.8436845349641166e-05
0.00013546337906726247
0.9984026328604187
9.070174788126604e-05
1.6265715286555922e-05
1.2090913178591832e-06
0.00015650915808354936
0.9984546673128776
4.129814437385328e-06
3.426079647610509e-06
5.711457155602228e-06
2.6402410967146343e-05
1.6329276976818076e-06
0.9984134280001842
0.9984398702352346
7.719466591866706e-05
0.9984442448594407
5.5686079415177696e-05
0.00029087750587310224
7.343300709283944e-08
2.692912862566279e-05
0.9984262967466213
4.814909685263941e-06
5.4749115576019106e-05
4.808831203004376e-05
1.616546176942191e-05
5.8620010427694316e-05
7.003753432730031e-06
3.093408053936872e-05
2.8193995126842795e-05
5.151371042305624e-05
0.00022539253814998542
7.855804130071326e-06
1.129229804726067e-05
0.9984117992783099
0.998413591359868
5.4616817504940045e-05
9.241212079750185e-05
8.095317727290589e-05
0.00017433583028544607
0.9984278449072799
8.242701205859909e-05
8.785470723271695e-05
0.9984301786949008
1.3360985077252078e-07
9.0143951435535e-05
0.00019607832433935773
0.00010259964903521869
0.9984347425397205
1.146396610271405e-05
4.1423275028459763e-05
1.2013002491802671e-05
1.0610480381219765e-05
4.146466507388365e-06
5.005777386614985e-05
5.5190532033218925e-05
0.00047292177739796887
2.0914531289705162e-05
0.9984094824081153
0.9984556676437782
4.075266347134701e-05
4.628784657976889e-06
6.694638881533763e-06
0.9984201432499568
5.210872462136496e-06
7.762469613415194e-05
1.4415985268751692e-05
0.0001018439539011273
5.106755663272396e-05
5.73490766860839e-05
0.00010043599837689493
0.9984355319301652
4.058757627971911e-05
0.9984329809438353
5.0295860819961955e-05
0.0004768052998802976
1.2776147201418676e-05
8.897416350903564e-05
0.9984145434201406
0.0018716233849219908
0.9984247993895928
3.0003008079130163e-05
3.255718055938523e-05
0.998426564645322
0.998398001429175
1.8253660654442251e-06
6.562445893299082e-05
5.2920934391298715e-06
2.978221015599416e-05
5.936957655950681e-06
0.9984479012568518
4.162101245724965e-05
0.9984163678496073
0.00028384862748788284
0.998451275560726
4.268225015761476e-05
1.0548476330765527e-05
3.311127165314779e-05
0.00023890024181091776
5.851019985093831e-06
2.8459424659053673e-05
0.00011662918641972884
0.00015672922808188192
0.00010116731021714328
3.004994918441064e-05
3.972115589646257e-06
2.11551732448296e-05
0.00012350277784643808
1.8754692068067764e-05
0.998465363774827
9.16973344897876e-06
2.6807509940343752e-05
3.722812838970628e-05
1.4038032660853381e-06
0.0003824146382209019
2.7607203389032143e-05
0.9984328036884627
0.00010443507387624536
5.396400496998281e-06
4.320908839221119e-05
4.114433215578816e-05
0.9984317441581031
2.3300056726733717e-05
6.945341743813152e-05
3.17221485562493e-05
0.9984479637598734
2.7430259850995447e-05
0.998418788955807
0.9984127921412317
0.9984373589811699
0.9984303495958446
1.3252569703955751e-05
0.0001482253851235435
7.900282868312878e-05
2.3220814207512747e-06
4.253258879424442e-07
8.555124784882484e-06
0.00010101456003628288
1.711253824675722e-05
0.00016132885524845533
0.9984388831231923
2.4608033417513283e-05
0.9984372322577304
2.6761827564631027e-05
1.3955850692845562e-06
3.4339020311775046e-05
8.134206336138254e-05
0.00011933215925954232
1.3481380189397639e-05
0.9984344384175914
8.353542216296494e-05
0.0002099594218300117
3.1610197058694494e-05
6.168877395169792e-05
6.227993662793122e-06
1.0991150648082685e-07
1.3425910036168463e-05
0.9984456621295992
1.662669068117902e-05
4.859968068970362e-07
0.004889670381358998
0.9984560216658062
3.701513105836849e-05
0.00021993495627251723
0.9984560187779462
1.792692373521978e-05
0.00022139953685212853
7.439147096618147e-06
2.952628769555854e-05
0.9984245873141946
2.4980608511382035e-05
0.013310598675698993
3.350505423621287e-05
2.1432671744106104e-05
0.9984412220824914
3.945676708305452e-05
0.9984385600057049
3.678879666055537e-05
0.9984306056883144
5.7844221100054115e-05
3.463502549556195e-05
0.00011455657661777267
0.9984484953102807
1.3559829175585998e-05
1.035518323965438e-05
0.00019884932176186506
0.00036611301877647706
0.0001392116030447073
1.59070591124876e-05
1.5055354972068711e-05
0.0001180498644964677
1.1972972097376057e-06
0.998448466265128
2.899941083871924e-05
2.6018252058987635e-05
0.9984448280585868
7.068177142882838e-05
0.9984189627766312
0.9984303103380551
0.00023479496044751745
3.367375501794425e-05
5.0104785445173894e-05
1.3793653433296436e-05
1.2956900645356435e-05
0.9984355933947908
6.4827474051603845e-06
4.970929941811606e-06
0.00010538054460297553
4.0443071228814426e-06
0.0001334933861106104
6.512471696051728e-05
0.9984493260969534
8.184391308554199e-05
0.9984010740834454
6.70503671242293e-05
0.9984417649133209
0.9984362756130583
0.9984042002307014
2.2115595589172745e-05
9.530962927758405e-05
2.347065865413047e-05
7.418489735132676e-05
8.381375319637177e-05
0.9984076043586819
0.0002251054360908076
0.0001514723929952882
5.395856325974422e-05
2.8172917637163078e-05
0.9984280429886517
5.940190996315234e-06
0.9983938606104646
0.9984354759026134
3.958055799130096e-06
0.0001844415636805448
1.3504172749452658e-05
0.00044047406093969844
0.0001335298103074207
4.022520009795425e-07
6.283953995078454e-05
0.0001192151273463959
2.1866020233014876e-05
0.9984339279669915
0.9984626002586504
0.9984257431196053
0.9984183728003139
0.00019930978618780065
8.361050140636366e-05
4.219856417799872e-05
1.3858541803341938e-05
0.9984102995121369
1.8186528227604952e-05
0.0001257456170983796
0.00012964946334698344
6.731556786297378e-06
4.986599500333833e-06
4.723977836846263e-05
0.9984135807479146
0.9984409790819598
1.3419725081619684e-05
3.44713680699161e-05
6.657973407598651e-05
5.245940448884325e-05
0.9984590856189925
7.889412854506755e-06
3.424484443612989e-06
0.9984080631085847
4.3308846793755564e-05
0.9984528137827976
8.668791706932702e-05
0.9984166169164752
2.2421015370903725e-05
0.00012198688339705739
0.998441090935074
0.9984305052196183
0.0003613988569017391
0.9984372543038277
1.4472231362460147e-05
9.320635613838624e-05
0.9984181169670194
0.0004507323570906951
8.291507985583029e-06
0.9984181502571151
1.813867294588882e-05
5.7794991084164844e-06
3.651938021283235e-05
6.476497515075568e-05
0.9984230655942345
0.00022232046547457184
1.8587462031248195e-05
1.9390231500292005e-05
0.9984305961121106
7.814953108509666e-05
0.9984174693965204
0.9984317227690144
5.3822738678971425e-05
4.2374973980460355e-05
0.9984509984500309
8.72226269674466e-06
0.00010585107409922277
1.9561578194029802e-07
4.3010634715162736e-05
7.157446241424626e-05
4.278076271980174e-06
2.9754071001032273e-05
2.265602749353615e-05
0.9984497661270978
1.2843651585486107e-06
0.998434137714204
0.9984315471660212
5.500204596664333e-05
1.3818820146660494e-06
5.5631014201834915e-05
9.287468780293907e-05
0.9984330970640478
5.0978080462937764e-05
0.9984431926846621
0.00015011572318093442
0.9984073159786385
0.998430125284139
3.973960162891804e-05
7.73807923565095e-05
1.996179280886602e-05
3.388452762324385e-05
1.3228896649881816e-05
5.231571102616536e-05
7.170240034777185e-05
8.965908088591346e-06
0.9984488287299105
1.2309104260151074e-05
2.668806693428707e-05
0.9984239217467961
0.00021566890296446809
0.9984294904551064
0.9984472559783247
0.9983958249916014
1.7666982983276512e-05
3.83271996661999e-05
4.905555592764736e-05
7.385226338375421e-06
7.973421927205117e-05
5.4832708971743034e-05
3.778103447807425e-05
7.23907837998362e-05
1.405432263895583e-05
1.830801128535771e-05
0.9984075432447865
8.308815255391027e-05
6.997698102978183e-05
0.00010096341276527841
0.9984333101674073
9.760632355057953e-05
0.9984018949916005
5.635767312129977e-05
0.9984190969817346
5.305485203876485e-07
6.691701329076368e-05
0.998448663310217
0.00011020803297876699
8.024031778332127e-05
1.821707154746773e-06
2.1867210740439984e-05
0.9984278203052332
0.00011911874799710907
4.433301085676045e-06
2.159510712216471e-05
0.9984252867726124
0.9983996189652603
0.00031365448310858733
0.00018080967206582786
0.998428302277054
8.586564572192139e-05
3.18415141382925e-06
0.9984494433909907
3.014212145353211e-05
5.640139178936554e-05
0.00010015586519261035
0.00010677353821070871
8.971403100133321e-06
0.9984601033403444
0.9984241880940689
0.9984045693452843
2.582482381074041e-05
3.1546441116418626e-05
8.129571243682244e-05
0.9984431078861985
3.9222262817117575e-05
3.6561619245388024e-05
0.9984506234731462
0.00014625191325165314
0.00023683519253908544
0.00010882205618584776
9.517100643799532e-06
5.689839612162407e-05
3.0394377034482547e-05
2.1164279863755145e-05
1.1067858267005927e-05
4.290769985797012e-05
3.982175076658967e-06
7.944698884561195e-05
0.9984401619671968
0.9984290790607638
0.9983947056817742
5.159073189524612e-05
7.048011000880688e-06
0.1180483663200235
0.00010333787450466123
8.798520702495588e-06
0.9984461612913436
0.9984375446763417
0.9984397195636898
0.9984276886344182
2.5485552038510884e-06
4.213104461964682e-05
0.0001226615242388192
2.1692741575832946e-05
5.646187635056087e-05
0.00018544747962703778
7.549942956944798e-05
3.866375677463292e-05
6.294772489916091e-07
0.00013791573760117047
6.4547805082597185e-06
0.9984433778924849
6.285419062203236e-05
0.00011920627875617988
1.4703302776784503e-05
8.555141765574654e-05
2.465080267169733e-05
6.037813192436527e-05
1.1108895971732646e-05
0.9984331971653342
0.9984474293325398
8.354636744777109e-05
2.528309307007074e-05
0.0001720595302827675
0.9984231450037947
0.00024551691662456714
0.9984617606627851
8.783689201048795e-05
0.9984533720429035
0.9984176113805637
0.9984514981576565
8.856976332694715e-05
0.9984424466965919
1.1716513047924991e-05
4.3936685014867855e-05
4.050156142714948e-05
0.0002658994042112813
0.998420385580577
0.9984588181424058
2.5664542041012287e-06
5.301764785738362e-05
1.0184024415192122e-05
9.426559923562883e-05
2.7163732876077957e-05
7.523819568543726e-05
0.9984338906788067
2.7126640944677826e-05
6.213137366030998e-06
9.673100243827215e-05
3.4929347960191026e-05
0.9984500174625578
0.9984132561718906
2.2564697463952457e-05
5.201923596122782e-06
3.864784753715348e-05
0.9984139304678048
0.0001419805903312325
2.401856845098237e-05
7.477466554396414e-05
0.9984076208191346
5.329240181472523e-05
9.504660530056736e-06
0.00010906248322956824
0.00019324310817704637
0.998416074950974
2.595231533054741e-05
3.066081294383489e-05
0.12969126896456187
0.9984233948114771
5.855563237207321e-05
0.9984203151432893
3.202382684834038e-05
2.8520800477195696e-05
0.9984521311855012
0.00015695963827607452
9.067606118723415e-05
0.9984176957785951
0.48312315999971905
2.1985777708000657e-05
9.742087017356231e-05
4.3055499733416934e-05
1.470373063327725e-05
2.5739170320606074e-05
0.9984528631746686
1.8600668579103723e-05
0.9984688033480962
0.9984472383878499
0.00010715214228513418
0.9984206765121639
3.396575413354775e-05
8.688989225769634e-05
0.00024489406443260227
4.567114183132372e-05
0.9984054499979911
7.951381218128999e-05
2.8983554042193105e-05
3.182957470996149e-05
1.127786038137463e-05
5.2556665624949726e-05
8.081063187784963e-06
0.9984371021290384
1.942635328663961e-05
0.998433431618005
0.0002318964355864588
0.9984268430059391
3.879334491518698e-06
0.9984142460703179
0.998439812824968
0.9984556380292915
0.9984324023839154
6.17232256998149e-06
7.022229727870227e-05
2.174077583454872e-05
5.039402229954608e-05
0.9984198770546504
0.9984334132931211
3.483675357132603e-05
4.86146085926081e-05
0.9984297455387879
4.758031146883053e-05
0.9984065277695906
3.514550223502549e-05
3.202584615222509e-05
0.9984123900843193
1.6427463156201905e-05
1.592366942172585e-05
0.9984482939367908
7.982654286656097e-05
4.362926972388433e-06
3.540110646045602e-07
8.64375765515965e-05
3.146226718199798e-05
0.00022813805146783912
1.0786561662814322e-05
0.00011819897736307056
0.9984186362877003
0.9984444574481375
7.611775524439719e-05
4.9281796525233315e-05
2.7898197118269826e-05
0.9984224234787752
1.296415977099377e-05
1.0280305702326614e-05
0.00014684144617488392
3.021323253371008e-05
1.8315765020883898e-05
0.9984466530531074
0.0005605952191159493
0.00018388042311969548
1.8190827057483118e-05
0.9984229634397352
0.00015291425379677088
0.9983979458852881
4.3417454240868865e-05
0.0028347087007966993
0.998411554827288
5.5186257793052127e-05
0.9984400034205593
2.0303028887393375e-06
1.887479647403759e-05
0.998433654515719
0.998447813992825
0.9984132979955541
0.9984393760241044
0.9984290398757436
1.3999717260903635e-07
1.607469029380389e-05
1.3388999113265063e-05
4.2011799674282865e-06
0.9984393235787713
0.9984310715493835
1.5446087667459154e-07
4.995641711950968e-05
0.00011335682519498079
5.496940403240086e-06
5.299662182082672e-06
1.4681429773061657e-05
2.6355887828245398e-05
0.00015762409129443586
3.649941885620868e-05
0.9984094084011355
6.837520281619619e-05
4.649686304792893e-05
1.2682433031508664e-05
0.9984406136718225
6.0982742362381135e-06
8.38622375574884e-05
0.9984415965060225
0.9984356171572876
0.06763074238255484
4.7617490379621954e-05
0.9984260205354657
0.9984207804094895
3.976014033571209e-06
0.9984276212470155
0.9984406775615633
0.9984071706588405
4.215149974244884e-05
2.917389025680942e-05
7.880459670129639e-05
0.00014668323091146968
0.9984362920501348
0.00012244809249533565
2.1634311557912287e-06
3.842839506715233e-05
5.421881348205599e-05
0.00030406389930857344
0.00017343780757857438
0.9984089771250493
5.23652885642528e-05
1.0456546177233607e-05
1.575853796050994e-06
3.793774116803679e-05
1.918433340338725e-05
3.766048231766963e-05
0.9984166917087804
6.695012348464375e-05
1.1786177473475779e-05
0.00010919664958979479
0.00022543176135185063
4.847653557855091e-05
0.00014821040358182483
8.002592782344159e-05
0.00020653219208445757
0.00010163240144036307
7.4762604712717385e-06
6.8550655520697695e-06
1.275243889985334e-05
0.00011022972769601501
1.0496005005984461e-06
9.415220723267785e-05
0.00014545415376001304
0.9984085880695448
9.253439402864843e-06
4.573372118640953e-05
3.7813030616984566e-05
0.0002239478001769714
7.716316355317887e-05
2.1718382233409086e-05
2.0251847724233875e-05
1.4139036938713524e-06
9.965411223664941e-05
0.9984194525384498
1.8755198184383085e-05
2.144941312242967e-05
2.0877659286872125e-05
1.2990309098772985e-06
0.9984325272591099
0.9984560416406073
0.00014415847004690564
9.313542046954904e-06
0.9984171902273574
4.209111433906946e-05
1.2515532044970599e-05
7.0840571272014216e-06
0.9984210271111501
0.00012168968073761651
1.5543200100108737e-05
4.3383251571830284e-05
5.01675014632803e-05
0.4689349920876249
0.9984179346916524
0.00011394635226990859
0.9984400036454971
0.998441342685982
0.0001456258084734159
6.649811299299885e-05
5.287359047379777e-05
0.9983919791557943
0.9984612579151472
0.9984189862585195
0.9984470354651866
0.998421498421448
0.9984239069247665
0.00014231373927937156
0.9984557263412625
5.392731267581351e-05
0.0001473917832917861
0.0001399966755155914
1.262809092186731e-05
3.590054872524255e-05
0.9984474298229805
0.9984108225882817
5.0533397482980204e-05
0.00023071225354809205
0.9984311146155446
2.0902961868606347e-05
1.4088235730963817e-05
0.9984416044064689
1.4355065315177563e-05
0.9984125534125096
0.00013525559937781117
4.7014172240786345e-05
3.222346672422005e-06
6.351619829631089e-06
0.9984205977480417
4.5887261448417965e-05
0.0001342984119081366
1.4208374287961576e-05
4.489131543067252e-05
4.1603850452975636e-05
0.9984154699075871
0.00016824480275867316
