0.9997389097785206
0.9997337206603335
0.999729459489473
0.9997389485636801
0.9997379372866866
1.6434453575895046e-05
0.9997364687795586
0.9997333505381659
0.9997376736894474
0.9997380947836121
0.9997290324311762
0.9997343484843778
0.9997313258402181
0.9997350942152963
0.9997353758774435
0.9997336333270684
0.999737741060446
0.9997331994712235
0.9997315844277029
0.9997330838337914
0.9997325083940692
0.9997331556140674
0.00010742411878163743
0.9997390672896518
0.9997338325642569
0.9997328928835969
0.9997316589484433
0.0
0.9997354968269199
0.9997361302743387
0.9997411261497593
0.9997322582020053
0.9997354026857074
0.999733740541108
0.9997315786296982
0.9997355490142548
0.9997335400788183
0.9997354372087313
0.9997338995534161
0.9997301066417462
0.999732151155606
0.9997392708262786
0.9997341661322477
0.9997333668827288
0.9997375982792437
0.9997391403699636
0.9997303632340474
0.9997341046359107
0.9997314358848491
0.9997387322844525
0.9997300020653813
9.301220339388231e-06
3.6563336437480156e-12
0.9997352344160385
0.9997310626992312
0.0
0.9997312469872117
0.01898041808278221
0.9997341463486551
0.9997322821318769
2.5756898167636967e-05
0.9997333771128484
0.9997376285744114
1.9671667533949983e-05
0.9997378799240286
0.9997346687908633
2.8998821694174697e-05
0.9997366968576209
0.9997394406293773
0.9997384817542133
7.833139513158473e-05
0.9997396590800042
0.9997337677833791
0.9997356560615308
0.9997318494764829
0.9997318748238134
0.9997321686821462
0.9997294395307701
0.9997337250781684
0.9997374359007735
0.9997335349726547
0.9997340269589522
0.9997317251000822
0.9997355650888773
0.9997323288083725
0.057249082094817175
0.007478656691371025
1.1965448036200154e-05
0.9997350515233602
0.9997356434863164
0.999737050729127
0.999731734957848
0.9997374985458737
0.9997309095269653
0.9997342564819527
0.9997335533356223
0.9997352597744785
0.0019704581255762695
0.9997334766962912
0.9997357528494927
0.9997353623722561
0.9997315944353821
0.9997355754705108
1.844609293455054e-05
0.9997336011039282
0.999730892009298
0.9997374944688311
0.9997373993083641
0.9997328608814685
0.9997346745101147
0.9997353103917853
0.9997392971754698
0.9997337120257102
0.9997377900322256
0.9997387486589294
0.9997379698845987
0.9997319887545093
1.8683085421137798e-05
0.9997352704030577
0.999731991573581
0.9997361304746776
0.0
0.9997325482429138
0.9997356345008829
0.0
0.9997334739257855
0.9997317458046207
2.3862129960980816e-05
0.999734552979753
1.3647528493618192e-05
0.9997348106472231
0.9997376227203895
0.9997354837784557
0.9997353496252633
0.9997322453590862
0.9997361132008196
0.9997336130372584
0.9997353830102622
0.9997325419671935
0.9997324063119905
0.99974199038759
0.9997349709838175
0.9997383333996906
0.9997280332315338
7.016930826070292e-05
0.9997281562423638
0.9997322727912032
0.9997295655857482
0.9997319815690915
0.9997337884146832
0.9997328618923693
0.9997359916050995
4.811055886193752e-06
0.9997355216624538
0.9997333048755241
0.9997387122003623
5.954652943713348e-05
0.00019332452359959053
0.9997331490358238
0.9997319837267574
0.9997349337173468
0.9997329501671669
0.9997324892038546
0.999732043660165
0.9997329883478333
0.9997385056638873
0.9997343315980529
0.9997299940619405
0.9997336367420107
0.9997286879392387
0.9997370049236886
0.999737581180999
0.9997333934432643
0.9997360923758792
0.9997310817076376
2.510221441000033e-05
0.9997342492711094
0.9997342593839647
0.9997348838460716
0.9997354206769364
0.9997327378065963
0.9997301071020173
0.9997331059759812
0.9997348442830752
0.9997354358745894
0.9997324102381757
0.9997333098342779
0.9997324033990387
6.086514912845898e-05
0.9997322967671128
0.9997383044593335
0.9997292234527283
0.9997336723303358
0.9997362609326425
0.9997342722732179
3.229072774880066e-05
0.9997386801229978
0.9997376977967022
8.436588961770923e-06
0.9997367546154163
0.9997355930068105
0.9997357487629867
0.9997355263474772
0.9997336800540294
0.9997357344487576
1.5759126217686461e-06
0.9997387153913765
0.9997310080789402
0.9997335063822335
0.9997366617353305
0.9997356606346347
0.00017241846916984794
0.9997341846996575
0.9997395042819179
0.9997343126358426
0.9997360771443138
0.9997358620995627
0.9997323396271295
0.9997310443590095
0.9997331026135691
0.0
0.9997346872628448
0.9997297776096119
0.999737307146284
0.9997322810320663
0.9997358149303276
0.9997346853548303
0.00013160128873329472
0.9997369760476944
0.9997365550017908
0.9997379547224384
0.9997300303010387
0.9997297137490521
0.9997357186544287
0.9997316683568203
0.9997342343687383
0.999733230050054
0.9997314118620201
0.9997342615979739
0.9997332717433592
0.9997298197013692
0.9997346854342074
3.0550805915028883e-06
6.647454194813299e-05
0.99973263699719
0.9997371702866631
0.9997341086945609
0.9997335180431868
0.9997347938683622
7.718827518882723e-05
0.9997312621999963
0.9997310322880903
0.9997296930553364
0.9997354712040563
0.9997358254677943
0.9997347271914959
0.9997306237816811
5.1728933061788054e-05
0.9997332876116511
0.9997424120361945
0.9997358458072813
0.9997355465872259
0.999728345423823
0.9997331240424376
0.9997371968480957
0.9997341805720532
0.999733442095641
0.9997305638660522
0.9997368690560913
0.999735737623738
0.9997333376412685
0.9997304086850748
0.9997359037438821
0.9997357824743827
0.9997344759022426
0.9997336807933863
0.9997279702793888
0.9997283204033016
0.9997317139001116
0.9997362312221247
0.9997306351671744
5.472473216517829e-06
0.9997357761016018
0.9997359201132858
0.999733398252561
0.9997358702794404
0.9997316812673015
0.9997348385633014
0.999733068729979
0.9997310417627957
0.9997387738439705
0.9997367878786951
0.9997356778007152
0.9997316255587085
0.9997285740835257
0.9997360353097675
0.9997337135261456
0.9997323529912953
0.9997331394055661
0.9997344854770374
0.9997302985201877
0.999731572104048
0.9997346181555223
8.278380846976914e-05
0.9997329050842744
0.9997361749771798
0.9997343341771848
2.878699990191152e-12
1.2217979582119578e-05
0.9997372027720931
1.3893031607903004e-05
1.4260641825992738e-05
0.9997318695635671
0.9997309217305774
0.9997358769095371
0.9997297803555679
0.9997369372508272
0.9997319809756436
0.9997333328551451
0.9997304504507485
0.9997310944736316
0.9997300697130083
0.999733081479947
0.9997368005068636
0.9997367523967834
0.99973618441399
0.9997319916317067
0.9997405991954988
0.9997353201415612
0.9997350260043854
0.9997315007700095
0.999731055151376
0.9997368694020887
0.9997340175033689
0.9997320518257441
0.9997345190010279
0.9997325020951001
0.9997332133023729
0.9997286271910442
0.9997354335182826
0.00010885228123080575
0.9997295083757947
4.1183809717907404e-05
0.9997362392242863
0.9997328822744985
0.9997364286528938
0.9997332529934031
0.9997334911932801
0.9997381670978535
0.9997339883678185
0.9997336940761159
0.9997293181264191
0.9997342967797129
0.9997306537379869
0.9997267120879434
0.9997406699371556
0.9997367084211315
0.9997338082839458
0.9997364722458104
9.322713262199759e-06
0.9997352598208828
0.9997354039001137
0.9997344834495957
0.9997349598102692
0.9997338602402231
0.9997311194679236
0.9997332162688456
0.9997333398542354
0.00015936442227772218
0.9997368799346
0.9997328943137168
0.999738245186018
0.9997388518605829
0.9997358699997698
0.9997336399151036
1.1450679464088772e-05
0.9997350578249276
0.9997341155659237
0.9997341669786922
0.9997377199197021
0.999730323834155
0.9997401845942984
0.9997322025507215
8.026784608887306e-07
0.9997310683980012
0.0
0.9997357521918067
0.9997387149818954
0.9997328647519189
0.9997365367235429
0.005566691945749955
0.9997276870934068
0.999729455553425
0.9997376146684798
7.408631930667287e-06
0.9997337597660679
0.9997413379156203
0.9997345372031624
0.9997353727170237
0.999733522043917
0.9997356405721215
0.9997283709420228
0.9997276183091884
0.9997421977339691
6.447095007262806e-06
0.9997316087627671
1.9023518732865717e-05
0.9997362320791354
0.9997309253082908
0.9997371292353326
0.9997335950054522
0.9997369543354221
0.9997330409262578
0.9997342387655648
0.9997328448415267
0.9997385124033326
0.9997365982928134
0.9997366256806816
0.9997371388936634
0.9997330707956045
0.9997333969814652
0.999737173568929
0.9997367361798022
0.9997345855367956
0.9997297165477788
0.9997290480868236
0.9997326747505286
0.9997370046233894
0.9997303957814476
0.9997341182531448
0.9997367666318551
0.9997346919167802
3.314012215201933e-05
7.82159265721164e-05
0.9997316178333607
0.9997314190566226
0.9997383793881051
0.9997334739407684
0.9997307921712029
0.9997348415624567
0.9997330209942608
0.9997366526653136
0.999734116029138
0.9997301984863071
0.9997333338305839
0.9997379165758427
1.3058909033283642e-05
0.9997333596248928
0.9997415658492084
0.9997387924100604
0.999740068104292
0.2499345588371519
0.9997330418147237
0.9997408541674623
0.9997292179021234
0.9997310048258581
1.7646558629801837e-05
0.9997347444809241
0.9997306553515635
0.9997379802192143
0.04102063059859128
0.9997395943753479
0.9997355027080171
0.9997381817433182
0.9997278175565467
0.9997309117921653
0.9997356432716389
0.9997337948464563
0.9997340914132529
3.442512227956453e-05
0.9997369493097887
0.999731318663991
0.9997358164305723
0.0
0.999732269651654
0.9997331781959478
0.9997311050744803
0.9997325807605549
0.9997325843799804
0.9997358388561821
0.9997348866002816
0.9997293062164836
0.0
0.9997356699815696
0.99972942390154
1.620216637728712e-05
0.9997308783177333
0.9997344032152501
5.589764496131334e-06
0.9997356809193109
2.971501624575617e-05
4.497202387625406e-05
0.9997314201045518
0.9997375271751705
6.999292835623103e-05
0.9997333569234155
0.9997357675125476
0.9997342385893798
0.99973842159424
2.8291815966943942e-05
0.9997271864221201
0.9997335702203132
0.9997325211252152
0.9997391044418795
0.9997308619942002
0.9997366886690822
0.999735861573913
0.9997370558237746
2.989443379542801e-12
0.9997359950301505
0.9997328430987396
0.9997340967301299
0.9997348366327576
0.9997318816143638
0.9997402827292493
0.9997367795004006
1.638146156680134e-11
0.9997420934332731
0.9997381264467965
0.9997348764969526
0.9997303050471299
0.9997291181335647
0.9997330299778967
0.9997332880301155
0.99973100410669
0.9997402293125169
0.04480191477123448
0.9997358782029833
0.9997348049850413
0.9997341831710758
3.346788894206206e-06
0.9997334911211093
0.9997310043499582
0.9997350005531782
0.9997382951308217
0.9997352840770208
0.999728039140102
0.999730239640679
0.9997312611775478
0.9997330239744813
0.9997345661531613
0.9997318221358533
0.9997344780141664
0.9997330299104177
0.9997307772945865
0.9997318355787336
0.999733657867495
0.999739899646294
0.9997344262613304
0.9997324135588088
0.9997350816525398
6.916107171088253e-06
0.9997327354962451
0.9997350751127875
0.9997381201935602
9.153567808554667e-05
0.9997327732135045
8.616029586776013e-05
0.9997322483998995
0.013056743649231086
0.9997321951136829
0.9997334328948095
0.999736778372056
0.9997344911009676
0.999732232002428
0.9997332698688627
0.9997296553656586
0.0
0.9997332329378311
0.9997364948028457
0.9997336294324337
0.9997376751958522
0.9997296368576071
0.9997350452990975
0.9997265876703135
2.53188657983378e-05
0.9997326202558176
0.9997319588089502
0.9997353592084149
0.9997328108300644
0.9997308980747605
0.9997328527849509
0.9997330078024759
2.3880060165418832e-05
0.9997347641909411
0.9997338442618534
0.002014192918142148
0.9997333733981677
0.9997327492252654
0.9997304286103869
0.999735682600854
0.9997341073323357
0.9997363365299086
0.9997378958064131
0.9997330910106997
0.9997295017762068
1.5527751676360586e-05
0.9997342447165074
0.9997360985600364
0.9997312846928457
0.9997362898418124
0.9997349965700797
2.6342500783927823e-12
0.999738254708816
4.19184447095421e-05
0.9997294884851902
0.999733365424983
0.9997305466203018
0.9997367835808765
0.0
0.9997330939567309
0.9997372101230589
0.9997347494861973
0.9997364527273125
0.9997372123276254
0.9997347900306526
5.82491863310683e-06
9.709788642605164e-06
0.9997352307063574
0.9997362218740019
0.9997302138391083
0.9997345632276647
0.9997353300222317
0.9997428288800799
0.9997341469600994
0.9997345685247614
0.9997352474497166
0.9997330811136746
0.999734658075478
0.99973346568217
0.9997303529978387
0.9997401386978534
0.999736334168403
0.9997320534492014
0.9997353525651047
0.9997386370833269
5.829574968581236e-06
0.999739408090333
0.999736372756018
0.9997293392162123
1.0724614480886885e-05
0.9997396610829683
0.9997351137510847
0.9997297709773413
0.9997315498703383
0.9997343480480773
5.248500253315331e-05
7.130680475103501e-05
0.9997327474993749
0.9997368152119817
0.9997307749376597
0.9997348359036445
0.0
0.9997343046136484
0.9997362635961985
0.9997312475905912
0.9997395946036866
0.9997335067733588
0.9997356014582678
0.9997350870402217
0.9997367643234557
0.9997359160022881
0.999732178079868
0.9997292951665504
0.9997345920455306
0.9997361778942302
4.670343446539326e-05
0.999734142452558
0.9997318234902255
0.000122982171834156
0.9997313723754533
0.999736024677104
0.9997369441036587
0.9997325107926823
0.9997390091055087
0.999730417102282
4.5896415806961497e-05
0.9997322965127177
0.9997340166290354
0.9997346435583122
0.0
0.9997369962887296
1.74390548396543e-05
0.9997331166453645
0.9997337350039072
0.9997315560834857
0.9997361965858597
0.00016945734799665086
0.9997351120795985
0.9997320359837093
0.9997339475551733
6.56804985228403e-06
0.9997314751915684
0.00018005868590977034
0.9997369213690678
