3.317767061377117e-05
9.682787238421944e-05
0.9984284119468022
9.249825619648569e-05
2.868329966738932e-05
1.9909713185897236e-05
0.0001225450706087496
0.9984481122449483
8.412124038848696e-05
6.0572732531142876e-05
0.0001444308666321018
0.9984246713452065
0.9984418447767013
0.9984235195591206
1.3464632221594702e-06
0.9984517433247515
3.808129923843878e-05
0.9984484123885617
0.00010770453499986406
0.9984210345979195
2.492425485441234e-06
0.9984257304926248
0.00030758747132346925
8.855205517116548e-06
0.9984399105101808
0.9984197987123457
0.00014774258231309553
0.9984369008338496
2.2710517747404033e-05
1.854321888585618e-05
0.000206042090355179
8.935655837437404e-05
0.0002292152980404498
6.456345197153475e-05
0.9984157988921123
0.9984609818612961
4.838187298569701e-05
0.9984438379777755
0.00024990726211317806
1.2877478718410216e-05
0.998451082984216
0.998441218886379
5.799410605698151e-05
0.9984351184981772
6.444157098692338e-08
2.990232390950221e-05
0.9984119105422498
5.940478882793368e-05
0.9984222564359636
1.6283049313518617e-05
0.0001807478953167409
5.770139774242459e-05
4.6135102493002276e-05
9.755409411456736e-05
2.7382734654598774e-06
8.019708832791487e-05
0.998438277836125
0.998420690071195
8.492198697684672e-05
8.184755181600408e-05
0.9984551842273636
2.582015397356622e-05
0.00013356804489653701
0.0002303974291687224
0.9984082726646198
1.6738412742240694e-06
0.00015994650633014253
0.000115824371765822
0.9984111647309238
9.576300310131347e-07
4.641904753236021e-05
0.9984519904462035
2.0641552381727657e-05
6.984317384337675e-06
2.007985598600522e-05
0.00011744010171792246
7.688608594563981e-05
4.277483246949981e-06
2.510081116758931e-05
0.9984275969227876
0.9984422958518404
0.00016765219517786382
0.00025105254512242336
0.9984247776100887
0.9984215720559382
0.9984355317198415
2.1169620016640206e-05
9.984814170191814e-05
3.0667302116506945e-05
0.0001760440195372155
5.953689287268852e-05
1.7133539367182746e-05
0.998443849481953
6.181573084345167e-05
0.9984328570012432
0.9984219474108833
2.442140885816287e-05
0.00010624560910458454
8.871636007956229e-05
1.9249259574422613e-05
1.6130503579548595e-05
4.94503451409614e-05
1.9546789101116915e-06
1.6041344483437667e-05
0.0001564968360496238
9.824698536057295e-06
0.9984589057510496
1.4848813865444445e-05
0.9984627469922598
0.00038113066325982595
4.948889379079341e-05
0.9984261231241717
2.63226442916544e-05
0.9984539814278578
0.9984418095683384
0.9984532124504674
0.00031183218768502687
0.9984031813190947
0.00018651879943417946
2.401290714145111e-05
5.111319787212811e-05
0.9984405276611488
2.7732447234609865e-05
0.9984351091473082
0.9984204778484664
1.786393328319551e-05
1.1661575572728761e-05
7.713119452666644e-06
0.00012470680979670076
0.9984288227322189
9.474228192807246e-05
5.107170118508216e-05
0.9984317251748221
3.590504921672321e-05
0.9984298344018401
0.998411507443659
3.949587315488548e-06
6.93604484711024e-05
7.388925131106355e-07
3.0015199935194536e-05
0.9984377809385241
0.00010662203617571227
5.213842219233022e-05
6.33283899799339e-05
0.00016977626624016136
0.00010216316302426195
0.00011539946628806824
0.9984223984364643
6.525577897901204e-05
4.3239988087885286e-05
4.0543769032538864e-05
2.2062830637057644e-05
8.196492367395292e-05
0.00024312214908994023
0.000100236677978779
5.40473296625153e-05
0.998429920177606
7.8353839851092e-05
2.0486186548382776e-05
7.07334065086952e-05
0.9984488595611732
2.743968737635444e-05
3.3174698513844556e-05
4.2152439889973824e-05
3.248639989448505e-05
0.9984397008349677
2.3903705481364995e-05
0.00014960276520678445
5.822677659388809e-05
0.9984533180588675
0.9984265813441984
3.693091289030332e-05
0.9984264539119878
2.6380715041717583e-05
0.00017128613219883322
0.9984225945098686
0.9984432644693214
2.8388745780759278e-05
0.9984512605342306
8.528695804013467e-06
9.808093671906737e-06
8.153187758391326e-05
6.465146352854991e-05
1.3643903346934493e-05
0.0008228444225472536
4.1170235970094946e-05
3.441839977688537e-05
0.9984387978682705
1.0610269623428251e-05
0.9984235235774886
0.998411965968507
0.9984321883851894
0.00010030114924995716
0.0003279867108311535
3.0528052316931945e-05
3.746807375803725e-05
9.532137628548391e-05
5.5871161261400854e-05
3.8068919403085715e-06
0.00010420996316041363
8.354402145635079e-05
5.372340066113165e-06
6.596760495467262e-05
5.996817907995565e-05
0.00018329618295265888
3.035383428077834e-05
0.0001164413365120506
0.00015167586839955738
0.9984336360070131
2.0710424009563555e-06
0.000175679083204549
0.9984383215560497
0.0001553884832867783
2.411519526027012e-05
0.9984262758607667
1.3453464054234069e-05
2.5235638643020627e-05
0.9984234231082669
0.9984526724038492
0.9984759577263204
9.578339727273357e-06
0.00016924084374906134
0.9984344593582162
0.99844447659251
0.9984384755849202
0.9984333449458574
1.1218043478914237e-05
6.254760575135363e-05
8.557873043864952e-06
2.0668442931651825e-05
0.9984267506271238
2.857929394111489e-05
5.8973782247457875e-05
0.9984199610616359
6.0592009673772985e-05
8.884048759069431e-05
2.3597159971945287e-06
8.338885809043361e-05
0.9984414182977369
0.00020681031665194274
1.5213194922044317e-06
0.9984138153653677
0.9984509076648606
6.179234699947359e-06
0.9984085956153477
2.375433800780839e-05
0.9984416274259007
4.669528052061537e-05
1.2517584536758067e-05
0.00020628061071301335
0.998424170531192
0.9984066700121887
0.9984436282765933
1.4466326803033362e-05
0.00016072088226278417
2.683325410723386e-05
0.00011245879976053304
9.210446934165273e-06
1.717748562444876e-05
0.9984330000090545
3.1297560592137823e-05
1.6223700062781217e-05
0.045700298645024236
0.9984345980690172
0.9984341875664015
9.653653059048227e-06
5.931047076344311e-05
2.1790263869734097e-05
4.111002387621778e-05
2.744044802357775e-05
3.215733809747386e-05
4.149455154846381e-06
0.000351709633901444
0.9984470625159618
8.809265426221554e-05
0.010534912469031451
3.092764892602482e-05
8.841623198660289e-07
1.3089009918967286e-05
0.00010631109217948469
4.259488254975429e-05
4.060328022337086e-05
0.00011429801058968609
0.9984462221877382
5.005287337975007e-05
4.919419931614151e-05
0.9984608811724781
0.9984696632156459
1.093974195370099e-05
4.916803399760296e-05
4.279712063658865e-05
4.349414956386134e-05
3.4248196589324384e-05
0.9984166089521539
0.9984277769014296
6.306902517757687e-06
2.6602464605417156e-06
5.2773982490564096e-05
0.9984375221537218
0.00011850057891742323
6.647098773702483e-05
9.93872161062628e-05
0.9984251508557325
1.2186984933724e-05
0.00012845528742343076
0.9984175131354937
4.3993262805596e-05
0.998435865780731
3.446098140485838e-05
0.998421797978775
7.952863892209385e-08
9.240638135543337e-06
0.00015990134681010567
0.9984230453689534
7.773491817720291e-06
5.00223522690856e-05
0.9984242941182712
0.9984419123755236
0.00010340589594899925
0.00027650735266112556
0.9984330228731096
0.00011719691902351969
3.446213925770763e-05
2.8156165774950222e-08
3.256234141020517e-05
9.593154783206597e-07
6.740303351359265e-05
0.9984113002405962
4.647162483800073e-05
0.00017323621645091994
2.041937373975979e-05
1.3052339201040795e-05
5.542252540005917e-05
0.998436161454477
0.0001092377046359281
5.887953229617983e-05
6.730353907501517e-05
3.304599670138676e-06
0.9984191295377131
3.7202624331486704e-05
3.073257019924256e-05
0.9984278466420906
0.9984282085834536
0.0001388740040736179
0.9984304795979857
1.1825044189449362e-05
9.15596345083318e-07
0.00015677664497672022
4.640512465041545e-06
0.9984683260982192
3.6070392162589785e-06
7.59982164244777e-05
1.5398208998216364e-05
3.811705595289967e-05
2.500112865413739e-05
0.9984372180406661
0.9984237565115615
3.390493159179438e-05
4.434068687937918e-06
8.675701085601515e-05
0.00013310282131687168
9.468838822177286e-05
3.908812568428744e-07
0.9984698654064301
0.9984335996398124
8.792074696704494e-05
4.883380415100594e-06
0.00014109318077640322
2.0477459738523246e-05
3.08696888509293e-05
0.0001210125629522842
4.490601277642693e-05
3.5962153485591436e-05
2.573203632050807e-05
2.8364618577792e-05
4.36312582807168e-05
5.078758861747787e-06
0.998409297545073
0.9984217634896134
7.73419004816201e-06
6.474371413797473e-05
4.595731252469533e-05
3.261104272899684e-05
0.9984277011879907
2.0633806927436552e-05
1.0500090842183229e-05
4.8560958183450284e-05
8.883435603177132e-05
1.551174651766707e-05
6.280851103129624e-06
0.9984478906644282
0.9984345901992239
1.5189260267726104e-05
0.9984236463248856
0.9984326711524352
9.364786749850412e-06
3.705034526285052e-05
4.7345329136153046e-05
7.833502806416552e-05
2.9010721476654676e-05
0.9984436141895848
0.9984361987215685
6.0172361543624485e-05
1.8060387844641565e-05
4.757317354795943e-05
0.9984600338947536
0.9984208663136298
0.9984290109194348
0.0005472278207433992
0.9984325194197319
8.41335124832073e-05
7.506666471716143e-05
0.0002149154685941139
2.002303760082825e-05
0.00010357296284215982
0.9984318833485187
4.7272637674185e-05
0.0001829368173969345
3.325845955872322e-06
0.00029464847003752876
4.031536940048549e-05
4.43677866042337e-06
1.779750956551485e-05
0.9984347450642481
0.9984358135616971
0.9984414439296656
3.058229231068954e-05
3.822553000698675e-05
0.00014567973680904402
4.779162638359831e-06
0.00016757454078748798
0.0002934284848233692
2.0333159817711355e-05
8.240512472880748e-05
0.00017066309624679684
1.5728001939783007e-07
0.0043563935145000615
3.2747901162537296e-05
0.9984333375852621
8.746335061156106e-05
0.0001481910808161216
1.6926533186206995e-05
6.633797671922293e-05
7.942472584599707e-05
0.9984464290895885
0.9984213368946226
2.7763898074756504e-05
2.578593758752259e-05
2.0340935498874567e-06
0.0001694113677315819
0.9984036673847755
0.9984370344534349
0.00020052034391492075
0.9984387240602071
0.0002104243024277095
8.472353903306626e-07
1.2385717047999196e-05
0.9984211219534853
0.00011463454340535202
0.9984138646067612
0.9984504385959008
0.9984076482761876
3.914677327636766e-05
1.746438979163745e-05
0.0002750558039399729
0.0001822546711014847
1.2956387124389014e-05
0.9984475520730184
6.658905279381216e-05
2.3629391491883894e-05
1.78808779814978e-05
0.998458596817106
0.9984506729967582
0.00012200031773084535
3.0264461243471545e-05
5.896686384817671e-05
0.00019375919750844121
1.81350730542876e-06
1.5843792506502754e-07
0.9984223343431349
2.503740404673004e-05
4.414952670264658e-05
8.770388149783312e-06
0.05965499204153012
0.00017304626514115314
0.9984334090893805
8.00397114663208e-06
0.9984243568811756
7.62175482013999e-05
0.00010088810013754187
4.192489422279166e-05
6.763059376509411e-05
2.2293209517588817e-05
0.9984287735447204
0.9984653440072941
2.4758214396448293e-06
0.0001170117614813429
0.9984235396116139
0.00019694586666037597
0.00010985234156323611
0.00013028353811400846
5.306463167905636e-07
4.5830310584355035e-05
0.9984549023299821
0.00021927142311785604
0.000236046045094775
9.642607854292654e-06
0.9984189457120795
8.650424252387864e-05
1.2170421831920723e-05
0.9984213033317264
9.248133238326137e-06
0.9984332569778981
0.9984081524183464
0.9984284164204675
7.620681304641282e-05
2.8573333348050405e-05
1.3081292532963176e-05
1.1382227953678171e-05
0.00010294648090363159
2.270618725453503e-05
0.0001172333765345253
2.5878919230442073e-06
0.00021113124923945807
0.9984431733515822
0.9984188134369418
8.006680244414821e-05
3.447510443510246e-05
6.36542460962036e-06
0.0004800893946089347
3.4243027612815006e-05
0.00013560967472057324
1.3040085038314585e-05
1.7657638715858355e-07
1.4362260859263676e-05
0.9984189985602167
0.009014001257203077
2.3243728846440623e-05
6.26136278152936e-05
0.9984548058915493
0.9984153725912948
3.1685633841165316e-06
3.77969061253653e-05
0.998417653294239
4.1529283062559376e-05
2.0357460256280904e-05
4.988422527443798e-05
1.1605204370112625e-05
0.9984438151977487
0.00013117435285511968
4.238439927411639e-05
0.9984339723377569
5.71095242933956e-05
0.9984309867609293
0.9984187711711473
1.95236548374888e-05
0.9984306458356493
1.1366376725791217e-05
1.4200614546036165e-05
9.947354576453463e-05
0.998412992325537
4.646906718331115e-05
8.029805560860929e-05
1.8855815343358935e-05
0.033839749882830485
0.9984320133547239
0.998426275985763
6.505278446542669e-06
0.9984549152868847
0.9984450212618727
0.9984228369168063
0.9984286437360596
1.2199200152339965e-05
0.0001191086416465071
0.9984175891908253
9.57187270722679e-07
0.00012431641563979845
0.0001259996310889785
0.00014592072944990335
0.9984452938352258
0.9984614875396122
1.4400003429557913e-05
0.9984530910701707
6.254749087301e-05
0.00033178313604316316
0.9984434967452162
7.071271439030087e-05
7.577902975644214e-05
8.731095357951068e-06
4.531751984878688e-06
3.2531745135315135e-05
3.978128895925207e-06
1.168931009175909e-05
0.00010164932787160126
0.0001127049557216389
0.998461859015204
0.0001414226033069079
1.3441606763481682e-07
0.9984555065935666
1.082291320821957e-05
0.9984363050487952
0.998430993530084
7.576205110577967e-06
3.063935945477694e-05
0.9984406162742114
1.95912981211982e-05
5.4460487496106475e-05
0.00021665251006056034
6.239399304153183e-05
0.9984601949935039
0.998438935818693
2.7637416567449426e-05
8.607603873280727e-05
0.9984261169059702
4.125119721473593e-05
9.751103930291773e-05
0.9984224316301845
0.00011685953183082774
0.9984353262497909
1.654757260320536e-05
0.9984419441336186
7.642127736125687e-05
5.0672082772562864e-05
8.506312953627202e-05
0.9984207765661266
2.3613771659215034e-05
0.00015289886588234073
5.7808300106159907e-05
6.366218359471186e-05
4.478564782993035e-05
2.0014991715881255e-05
0.00015746709556658663
5.983667000852006e-05
0.9984427248241928
0.9984293550061616
0.9984396695356904
0.9984324940729827
4.545477437572349e-05
2.6472283931686332e-05
5.132908255355365e-06
2.859895241915573e-05
8.277500886068276e-06
8.954981623431708e-05
9.984597658290485e-05
0.0001096763048159627
0.9984287424102081
6.319446952188289e-05
3.810114730066275e-05
0.9984087789945263
0.9984518682543846
0.9984283030367503
1.4512796008145806e-07
0.9983988504745369
2.3081416569464834e-05
2.1535486266287947e-06
6.476456602434802e-05
0.9984276806161145
4.150264515784814e-05
0.9984588932005829
0.9984273544275422
4.5780476269748563e-07
0.0002117286803940439
0.9984094201982585
1.6856659721025218e-05
0.9984428943452828
3.199022077531079e-05
3.936178852419565e-05
5.666294470418592e-06
0.9984377995302138
9.081455650039807e-06
2.5130243471694745e-05
4.580036941854913e-05
1.7982626536931768e-06
0.00022447291838620392
0.9984343481297759
0.000119771817449458
0.00012614552376076813
0.0001413829108716912
6.25592018429789e-05
1.4109257686436642e-05
0.998427495374078
1.1796353974259718e-05
4.270170976248954e-05
1.660105923792075e-05
1.91124464316814e-05
3.1910959319408096e-05
6.33332448712573e-05
0.00018698481412122658
0.9984289598300996
8.408558661814492e-05
7.526338508994375e-05
0.00011871230214500517
4.182880582534148e-06
0.0002190300593655077
0.9984375309424983
0.06315560295003081
7.380247003811864e-05
0.00011316729380957347
4.75074382408788e-05
3.6369884236196555e-05
0.9984175294741201
5.809574281598372e-06
1.9642390952353193e-05
4.045982970661437e-06
9.063599055472265e-05
9.285721995445207e-06
0.9984306678006146
2.1203981311947415e-05
1.1662035834569693e-05
1.6187452554324476e-05
2.7451304036443545e-05
0.00014232131482863335
0.0001865024080386563
3.278716744692922e-05
1.9128303201279195e-05
6.942302719227694e-05
1.321645933313518e-05
0.9984320664506405
0.9984438100749067
0.00010498214275758828
3.739383056771663e-05
5.399949292389228e-06
7.837205766329404e-06
8.573083746026918e-05
0.998427308979571
5.9942164746508105e-06
4.063123266459812e-06
3.777172470456172e-05
1.6010070805290797e-05
4.0107030066771224e-05
0.9984293746012491
0.00016880150506366233
8.094380518793494e-06
7.243105064366846e-05
0.9984366107492221
0.9984214566019642
5.311483742644229e-06
1.9341762394747787e-05
3.579172426663472e-05
8.316477373479881e-05
2.779135057371585e-06
0.9984303635908711
5.318695632585818e-05
0.9984433560974968
1.684210669593276e-05
9.717645995975995e-06
0.00013763963634369286
0.99839972104707
1.0919581428286771e-05
8.812938825811448e-05
6.126096750401196e-05
0.998419325162488
3.1649435341951305e-05
6.940132636925922e-05
0.9984285202248002
3.648691594097041e-05
1.0154927406569308e-05
5.0800206003925074e-05
0.9984194375282702
0.00031182647464134903
2.4681890106448624e-05
3.575946067894359e-05
8.37579451619903e-06
0.9984282734603317
4.114522001413417e-05
1.4165026671309066e-05
0.9984528739307037
0.9984248610855755
0.9984112717544771
4.308044467461109e-06
1.0072824374702558e-05
0.00017026475729510726
0.00018526516503984767
7.64166682239417e-05
1.9702407158365934e-05
9.019580231529842e-06
1.1266241496189401e-05
0.9984541634754835
9.898034395557597e-05
0.0001591716755528811
1.7216974464631833e-06
0.0002662483325899855
0.9984191398795372
9.472212556970759e-05
4.2161615167561115e-05
