0.00010186866655921605
2.4820268510639375e-05
6.149564133906463e-08
3.3379949857066455e-05
0.00011021027778743027
6.970042332222206e-05
0.00012651173021862365
6.298986139693167e-05
0.00014593477070886794
7.994910633894487e-05
1.4591744426154766e-05
1.245368610256856e-05
4.3245803010071954e-05
2.150787793619003e-05
1.5022286980200239e-05
0.00013785329124818324
0.0001889766705876935
1.3421120989260183e-05
7.623154735948765e-05
3.713969727713701e-05
9.528363123669524e-05
3.0649512599761646e-05
4.21837187850058e-05
3.6163753158078654e-05
2.8092130006083218e-05
1.6940830231879617e-05
9.598945078395445e-07
6.078271789977252e-05
0.0001458157524874907
3.245095986955227e-05
3.092248485358847e-05
3.730205132508181e-05
2.459730159876728e-05
4.650054421329947e-05
3.408871346447261e-05
2.2772349584351994e-05
0.00021395343873348586
0.00024057614135320529
3.188603585331637e-05
3.522076033897496e-05
0.00018961787046356955
1.0184049640053989e-05
0.0001453905546670535
9.985801328066161e-05
6.839855955152307e-05
2.4459523382123042e-05
1.8676402542348198e-05
5.254095889149918e-05
0.00010554273961103035
6.139761263806546e-05
0.00019320115564925252
1.3282854765276777e-05
9.652629924433648e-06
9.490701274775185e-05
3.2036712682297294e-05
7.32162906012413e-06
4.812969913820672e-05
4.9128332672029485e-05
6.438465183119782e-05
3.3858676441911254e-05
0.00012415275790881257
6.726834229343708e-05
1.6203773992116083e-05
1.5292222224869798e-05
2.3159657563796965e-05
1.9035979673835907e-05
9.971783536028521e-05
1.379982891608841e-05
0.0001249926627613705
2.959243925073633e-05
2.483710457236947e-06
5.822659621625337e-05
8.17162189577403e-05
7.063859674854874e-05
2.4404385384595376e-06
2.4337634660124226e-05
0.00016264534674898106
4.164007496793707e-07
3.93559026505091e-05
4.980957487585615e-06
8.441922201243545e-05
3.781835531602931e-05
7.744995075398719e-05
1.4186355766761024e-05
0.0001085343123203952
6.377688591800757e-05
2.2004806254791132e-05
3.9169415967167555e-05
0.0001274319297142541
8.20836362535356e-05
9.168709508427359e-05
3.5384507778067564e-05
4.733386922672491e-05
5.9032418451326886e-05
0.00012871505440203957
0.0001589211903288547
0.00014279929207748648
0.00016888881186017917
7.674554294269082e-05
5.570835993149824e-06
0.00011284505286290013
0.00012190051533478412
0.00010367360469025018
7.269275351527656e-05
3.962358149491004e-05
4.206243075857414e-05
9.399746358141478e-06
0.00016548978487444755
3.5635839235515236e-05
9.82379256759943e-05
0.00011466179175377937
1.5539529472253694e-05
0.00010003207049922242
3.638559364773684e-05
0.0002149436607882712
2.1192144145750488e-05
1.5669912382032886e-05
3.954390730947372e-06
8.704474525651991e-05
0.00010971764352362772
9.386746421965715e-05
5.534085891830657e-05
0.00010572634109912202
4.471817480114158e-05
0.00018598470800146246
2.773167334143278e-05
8.148796010683565e-06
4.289821481357277e-05
2.412771164954259e-05
2.6387328561270022e-05
4.105558110508746e-05
4.779885396938272e-06
3.593034588999437e-06
1.0241179170275927e-06
0.00010780318535590094
1.8961257644352867e-05
9.384980828712224e-05
6.331370470409619e-05
3.8369237545043545e-07
8.372066489900748e-05
6.1412705400545e-05
0.00020565992939066305
0.00013951065442140384
5.0333764046117384e-05
1.3144295417525657e-05
4.083534405353811e-05
2.256367769456879e-05
8.292569571543804e-05
9.455945432659733e-05
3.7114857854963705e-05
3.0510699272755407e-05
5.3517696283631666e-05
1.881191380185102e-05
1.884749299512566e-05
0.00013627039641043849
0.0001257651842114609
1.0969936259119486e-05
9.435153070809058e-05
2.438272137955156e-06
9.793998398637154e-06
4.946805707147878e-05
4.055028165713977e-05
2.353160237930417e-05
3.104727136905615e-05
6.012516446210869e-06
0.0002214767047504256
4.4379677800898635e-05
3.073568529594979e-05
6.469107170224368e-05
1.0601966130897983e-05
6.23110386210728e-05
6.678316467760239e-05
5.340215746211857e-05
4.922393524705276e-05
1.1882559423070822e-05
4.163206551056358e-05
3.555733809167334e-05
1.9776587764778287e-05
1.3289979559517965e-05
3.758435265988723e-05
0.0001926541148807703
2.0557891975748898e-05
4.956997278091201e-07
7.892041499081225e-06
1.2093702523601293e-05
7.224067461682718e-05
2.8536439528491364e-06
1.154531173529002e-06
2.5277449374498992e-05
1.8735688103960915e-05
5.190690422672677e-05
9.072807678550192e-05
5.258869047186461e-05
2.237395726669128e-06
3.265116108708016e-05
3.414778728758194e-05
5.194897492980613e-05
0.00015083671773858642
5.622429069006401e-05
2.4095702222089944e-05
3.053553146632914e-05
9.160983521258739e-06
9.319837760535649e-05
6.327983281102125e-05
8.075131765553294e-06
4.336997622804284e-05
6.954745247234761e-05
4.1353879725844636e-05
3.1548714161568956e-05
3.3471540149672215e-05
7.977097705293013e-05
4.242459876982062e-06
8.335556943612434e-05
3.585241580075619e-05
1.5979595659541684e-05
1.2613030675540915e-05
1.712262964121607e-05
4.620381599737504e-05
1.086351035553925e-05
3.1002799796010594e-05
0.00010653404317040427
5.088112329600315e-06
4.9103990858108264e-05
5.272108257922259e-05
9.816797771290834e-05
3.288873468196048e-06
9.938007872274839e-05
0.00011006569179590444
1.3609961810960086e-05
3.0278735701762735e-05
2.1065341290995613e-05
0.000143066874522372
0.0001626736218254894
9.105515940162755e-05
4.4148540643276063e-05
0.00020564123400570018
2.3129643760539266e-05
0.000168676717714525
0.00013252748162147104
3.451761656466918e-05
9.980472627073024e-05
9.069571394124611e-05
1.279807698007164e-06
3.7858501175745573e-05
3.205796043178614e-05
1.9612417830108004e-05
8.792179817545372e-06
3.3171094452965e-05
0.00012859949105339962
1.4653396802135287e-05
3.339392895620659e-05
1.53900098737052e-05
4.97766246534118e-05
8.273775029630525e-05
4.3617378991883245e-05
4.078778510587942e-05
4.741062779750078e-06
0.00034945162972234857
1.5692134803800086e-05
1.088178379892005e-05
5.3335328428235844e-05
3.9497932995836606e-05
3.156271767451701e-05
1.4211001380395972e-05
0.0001054218581764375
4.022691815965064e-06
4.163119121964634e-05
0.00012332653672745978
6.445910120315275e-05
1.6705625047996376e-05
3.514620757521165e-06
0.00013543033958968818
5.464357196870239e-05
2.1066461399649514e-06
0.0001616459119454909
2.6632465075533608e-05
0.00022994576480129912
9.121210941002312e-05
0.00012758488244199765
5.568645404785556e-05
7.739975799671308e-05
1.889875851243891e-05
9.767661220433531e-05
4.0016186056321145e-05
0.0001347551925427789
3.0031394768762077e-05
1.6472576508790086e-05
8.915929774333957e-06
2.281717553883176e-05
1.4050747537061299e-05
0.00012077679336468212
0.00012706880103192917
0.00020988406579616512
2.965735621850413e-05
3.031343806309752e-05
1.3782094871244283e-05
6.391400609802806e-05
3.8577844479952296e-05
4.252436446684547e-05
7.496289580210055e-05
8.232887912005165e-05
2.836832182431881e-07
8.98575911059522e-05
0.00013411410076800875
4.533711687021559e-05
1.677133006502907e-05
9.360589086666674e-05
0.00020242444871032558
0.00017709837502607618
0.00028036782330381315
3.2508959621819786e-05
0.0001749926835798413
4.985511948130872e-05
7.576620557387913e-05
0.00016569375251330635
1.749339904153671e-05
6.731449824610641e-06
3.336561358013167e-05
2.150129723194136e-05
1.2609405735280286e-05
1.0116934889740394e-05
0.0001475976061440678
4.000162204084053e-05
4.172586980180926e-07
2.690800348983888e-05
5.9530580025655436e-05
0.000234514409850137
1.7183277545968414e-05
5.8464213423798214e-05
0.00014080606158464441
5.9615666922567184e-05
6.917228743021081e-06
3.1890440433373035e-05
0.00038684217134730877
1.9505744305139278e-05
4.3828679730329736e-05
3.9681073584688725e-05
3.5995679664637197e-05
5.336023539063801e-07
3.001140176906558e-05
1.1732957123514189e-05
2.01229524118416e-06
9.482865188692388e-05
7.0155183554794645e-06
1.817150195463762e-05
2.246336979288878e-05
3.6505090476046e-05
6.059051014850648e-05
5.88353550236992e-05
6.295152655778998e-05
3.5160701572199216e-05
5.4567405322358645e-05
1.1258199673207034e-05
2.490503029266952e-06
2.8362710628594076e-05
0.0002079563284490672
2.2267625968758024e-05
2.5815321763683242e-05
2.9525331551501737e-05
0.00021944405306557733
3.492342166046547e-05
6.852551230124057e-05
8.878907826344331e-05
4.36995995279704e-05
6.016582742809422e-05
1.2189089573060017e-06
1.9617726765108505e-05
2.047941039881619e-05
1.3000568862282183e-05
7.158105366153929e-05
5.4410071958637666e-05
0.0001501528557889965
8.178150254823033e-05
4.3268638769879594e-05
2.001123062288083e-06
0.0001424289393431649
0.00010421067080470479
5.569584275993065e-05
1.792474783358461e-05
2.5422581108218075e-05
3.981270111224618e-06
5.4426468927999984e-05
1.092435887444564e-05
9.095321451827091e-05
0.00013253732638856524
7.247054519956852e-05
5.420442277071312e-05
6.459418379820548e-05
6.25120077342232e-05
8.548334984842072e-05
2.8984439730205735e-05
0.00016062406882253212
2.8967487107818115e-07
4.561897885174038e-05
1.7341798257098313e-05
7.50908112307267e-06
0.00017057199722226936
7.672037140078836e-05
1.8281779029100062e-05
2.8898493343272067e-05
2.8188352522787774e-05
1.754107478233835e-05
0.0001257961643632986
6.383220674888427e-05
0.0002398041917155036
2.2471358864473947e-05
5.963458055871857e-05
1.3322541120265438e-05
3.2491284710245036e-05
1.8829585233445132e-05
0.0001830348963759693
6.767502715926268e-06
0.00012416878780399695
4.788145055412408e-05
2.8571765645996054e-05
8.339506286128527e-05
2.4586370242484367e-05
2.1386797269153244e-06
4.4118272069622514e-05
0.00013856992381504712
9.268852767764151e-05
9.960951618388333e-08
1.2186882986775544e-05
1.1479188879070412e-05
8.666436134388606e-05
0.00013235996078278002
0.0001249993316087947
0.0002008891988719487
1.0132402230915945e-06
9.597045953440463e-05
0.00011175268334778268
6.43160945480964e-05
2.141567950587897e-06
2.8741694966464877e-05
4.6460436188497376e-05
7.085363497851959e-05
7.358089258873105e-05
8.015370835560672e-05
3.5595009711490916e-05
1.7407459103598428e-05
3.388740575873799e-05
0.00011007166849682402
1.2320092080129036e-05
0.00010110093972911132
2.7801703483078028e-05
4.384416670601536e-06
4.146048064452971e-05
0.00013533693584174837
7.932106950371976e-05
0.0003295936615444426
2.279366465253457e-05
1.7103708769338293e-05
4.291802315490205e-05
6.951296602572694e-05
3.3355280976878125e-05
3.2293775255645085e-05
0.00021381286496292154
7.956301078713376e-05
0.00011049237357243954
4.902571770273686e-05
3.9376637719818166e-05
5.6789403424718946e-05
1.2102419333945919e-05
4.2874474524770426e-05
0.00011202851441656117
4.129915834970507e-06
7.102584098856074e-06
3.304455097645341e-05
2.4198746171055747e-05
1.3068953069228836e-05
0.00021668973147987165
1.7035298574575534e-05
6.855658965518565e-08
0.0001260203985719779
5.2988868819087104e-05
9.930391707038709e-05
0.00013588006944727148
1.8720983151986487e-06
5.478662076380434e-05
1.5742701112690802e-05
4.21529001634384e-05
9.892761506237928e-06
7.688603575891678e-05
1.1448131735660563e-06
6.193285856278683e-05
0.00010109094152503012
0.0004029411708464276
5.330408907946504e-05
1.2441309766601973e-05
7.172344964096085e-05
0.00016152704366510857
6.744155243564589e-05
2.1561261682454635e-05
4.5803623777641805e-05
0.00015840788588132444
7.944598662831785e-05
6.093105568567785e-05
4.468331753942527e-05
3.863745800222273e-06
1.1675837689229639e-05
4.374373295970448e-05
4.573387651065235e-05
5.863843244891686e-06
0.0001738071738768739
7.656154666807762e-06
2.2733051340856582e-05
2.7361684977981644e-06
1.7517045849879315e-05
5.603527862508469e-06
5.406137681267992e-06
0.0001831139502652432
0.00017502900197944284
1.4928635447044037e-05
5.7519566617769146e-05
0.00026149267063869236
0.00012414731364028382
6.492306170117306e-05
9.927048740241704e-06
0.00021844381409084828
4.4331043405421466e-07
7.074768886213124e-05
1.55632981916969e-05
2.2941627111417905e-05
5.4121049215793224e-05
2.669133422748311e-05
4.650653179163485e-05
0.00018272512891656897
3.116917908204352e-06
2.5448982605705184e-05
0.00010860969463140341
9.635148406585314e-05
7.670658578157732e-05
7.170092008947322e-05
0.00010976848218639075
1.8626759184338734e-05
7.730549203311201e-05
3.0136732064357002e-06
2.9911060821479555e-05
1.012725354856076e-05
0.0002841033878793598
5.223222093614884e-05
8.414042237123165e-05
0.0001280146179002813
5.190041009634765e-06
0.00013159015891791047
0.00010294625884843903
0.0001018595943477639
3.5364944266082974e-06
0.00015335272277669436
0.00012930141224133193
0.00011349425480552494
5.173717070425898e-05
1.5118052928983709e-05
2.2894498994168652e-05
7.871751636854612e-05
0.0001268106988634061
9.349628030794172e-05
7.569981589249358e-05
0.0001293619727289492
9.356904415537102e-05
0.00015725634184457696
5.1539307676991316e-05
9.110680793413684e-06
2.6299714744897704e-05
5.0506847744223054e-05
0.00014913840556815978
3.241454951008191e-05
0.00010647343774550819
1.1789240223204371e-05
1.562629661617355e-05
3.412207473507783e-05
9.267927942805671e-05
0.00019453988497868655
2.6006772134195382e-05
6.61899203592268e-05
5.621850372590649e-05
4.95646090688494e-05
4.956527456089849e-05
0.00011742145345659093
6.479751708231666e-06
5.992317702304718e-06
1.4201482475331579e-06
2.081673352167803e-05
7.647530467996919e-05
6.181590976421044e-05
3.5876592789939145e-05
1.1459148821177006e-06
8.437522917766155e-06
6.876511628002015e-05
2.6869367888258793e-05
9.02121397835281e-05
0.00010289241135470888
8.543806153702276e-05
5.215780646750405e-05
3.5035377036470413e-06
3.0976632044454076e-05
7.925565053410254e-05
0.00020528644326000316
0.0001336989580999598
7.569785578887136e-06
5.53115964128113e-05
2.269019979617942e-05
1.2107464462245277e-05
9.384371772152916e-05
2.9094847855010934e-05
3.1260486427396174e-05
2.0394531060119438e-05
7.834027974023911e-05
7.238673739963015e-05
1.5410411025161514e-05
4.547815851916653e-05
9.918671651926237e-06
1.7684495519926424e-05
5.310919015179638e-05
8.115677578761243e-06
0.00013380375376907997
9.61555926485043e-05
3.055232682132563e-05
9.281455730261715e-05
2.7057638957431404e-05
1.4390438430347785e-05
8.16127245895355e-05
4.986642511581197e-06
4.188728752364022e-05
6.517041679491981e-06
2.9742787596176917e-05
6.441521983103531e-06
3.292147219332818e-05
6.228430351993394e-06
3.864940364565221e-05
0.00010685565832705084
4.8157423494873426e-05
1.3241431877807607e-05
9.55291397635051e-05
7.63561827530327e-05
5.9044418201084e-05
2.1780030293241018e-05
6.195320984448365e-05
3.775877076968219e-06
6.047681374081971e-05
0.00031023143391890965
0.00011980474836035962
7.271745925545725e-05
0.00020224853896207964
5.061879016712446e-06
1.020379087758904e-05
1.3972313002690758e-05
1.4051959238898406e-05
6.322344368655997e-05
3.3195546716494725e-05
0.00010888890525627775
1.0533951894444546e-05
1.8715419393770414e-05
4.7929165271714074e-05
2.1950191185840947e-05
0.00020914816466300752
1.9314214911946033e-05
9.673554057280633e-05
9.40837829209069e-05
0.00010303158988536833
3.414089993703433e-05
3.657051868711793e-05
7.891494592710708e-05
0.00013455587647225102
0.00014238338507350368
1.2189386541340175e-06
5.6411351269389165e-05
0.00013979938389251575
3.95682483013656e-05
1.2456594958454003e-05
7.703047660992069e-05
1.855526229955379e-05
4.225054511582974e-05
0.00011843777910191657
1.3626969820449083e-05
0.00014338584710756194
3.784635826839454e-06
5.617651853354487e-05
1.2098704741715528e-05
0.00014356773874552674
0.00033497687400328447
9.415710787463187e-07
2.0047906811087984e-05
7.266383122246092e-05
0.000166126220236159
6.456135967633047e-05
2.1230118406474053e-05
0.00014109858014659858
1.6823094698175027e-05
1.1023590830823684e-06
2.701833911017484e-05
3.086932835737084e-05
6.0042563619541174e-05
6.987726059927521e-05
6.09149410087793e-05
3.788289205594156e-05
2.9553860098840765e-05
5.2779523972422346e-05
6.979504868435583e-05
4.822267343259119e-05
5.557681198118807e-05
6.026865396132637e-05
2.5829765398566114e-05
6.416757060952389e-05
9.814233131068597e-05
5.405095690348109e-05
6.900077938291317e-05
6.342838919478146e-06
0.00010128854410397151
9.686419326325846e-06
2.5941305618979384e-05
0.00018985964469840904
7.901216070897218e-05
3.9755006854138955e-05
6.623099931534705e-05
7.93877412150481e-06
1.643612447850221e-05
0.0001177946691309422
