0.9997377323860684
0.9997361588270676
0.9997354854525096
0.9997348764180128
0.9997341010301627
0.9997363529994772
0.9997337667296053
0.9997330739814223
0.9997350747678998
0.9997331796120472
0.0001279005437744284
0.9997352951438523
0.9997322994810776
0.9997369053168776
0.9997381416334035
0.999732538006297
0.9997308157516851
0.9997315718991094
0.9997301277938929
0.9997329174823587
0.9997340448646912
0.9997323333845076
0.9997340718728811
0.9997320946641367
0.9997328265990593
0.9997361059772978
3.087033452392407e-05
0.9997331963741465
0.9997331196340496
0.9997305462536279
0.9997322820353949
0.9997333005128527
0.9997351802808168
0.00013184714775800674
0.9997361224566406
0.999734017405597
0.9997339119778784
0.9997363584495871
0.9997322232819845
0.9997356310282719
0.9997350515351265
0.9997281907631499
0.9997360886648057
0.9997319681794365
0.9997392616193564
2.683431253170754e-05
0.0
0.9997340934638738
0.9997340887871332
8.088666877078767e-05
0.9997353572446437
0.9997366040803406
0.9997316349237307
0.9997337133024778
0.9997341688908497
0.9997346805458996
0.9997349891888668
0.9997321265106963
0.999730768285509
0.9997319482079394
0.9997331629546641
0.999733029471463
0.999730469460286
1.0429185178081473e-05
0.9997411729830604
6.218308858829196e-05
0.9997366718750884
0.9997359717191155
0.9997321417553714
3.5367923014319515e-12
1.5963730404438957e-05
0.9997352946602138
0.9997299830602622
0.9997302113722643
0.9997322838793745
1.8697475858822818e-06
0.00011148606166094566
0.9997395744587754
0.9997354814760526
2.8712472357055946e-06
0.9997376423399644
0.9997314002866398
0.9997289529863165
0.9997338915388596
0.999739806852537
0.9997314298361908
0.999734028061817
0.9997317940263204
0.999731678938572
0.9997390156113509
0.9997319240753851
0.999737025581833
0.9997391118886435
0.9997320437613139
0.9997354757737021
0.9997357631877404
0.9997321464466803
0.9997337125745118
0.9997284367014444
0.9997365588012026
0.9997368226312794
0.9997354242916558
0.9997391723209365
0.9997401492212891
0.9997319719349513
0.9997323257447149
0.999729714009156
0.999730964034683
0.9997370820700252
0.9997328423596784
0.9997325667332865
0.9997318985005199
0.9997332717598951
1.2580697476856317e-05
0.9997250177645619
0.9997374314625705
0.9997368723361282
0.0001918045317878838
0.9997363840763343
0.9997348870651865
0.9997314290322058
1.5735490721297836e-05
0.9997371685278776
0.9997364860776344
0.9997354670470652
0.9997307169222757
3.77486991752951e-05
3.3013579202550454e-05
2.274386631247035e-05
0.999734649878714
9.607567499535847e-06
0.00010003156530077495
0.9997309034699721
0.9997386396486901
0.9997334057996343
0.9997333238183559
0.99972855059765
0.9997339356006114
3.834616920753757e-05
0.9997292968404109
0.0
0.999733216934422
0.999736712845906
0.9997310131855272
0.9997352628508763
0.9997306291506394
0.9997360863387281
0.9997374483568087
2.481879975182836e-12
0.9997328309767386
0.9997355764441951
0.9997337450181346
0.9997373982976505
1.8101550903029556e-05
0.9997320238168169
0.9997362132261773
0.9997343180536112
3.621907504181696e-05
0.9997337908306461
0.9997352839248933
0.9997322357428255
0.0
0.00020244391565036262
0.9997335201956854
0.999732529151805
0.9997389970671179
0.9997348702536634
0.9997371397487335
0.999736475211028
0.9997359420286067
0.9997307859275079
0.9997315374761013
0.9997362787409103
0.999735206190602
0.9997384116214286
0.9997257088792114
0.9997318642365851
0.9997336385061811
0.9997356221004037
0.9997345869756467
4.633055490136889e-06
0.9997314277053888
0.9997337374171734
0.9997317922990049
0.999739573505543
0.0001516441802713531
0.9997331136653457
0.9997346351859103
3.675991436199337e-05
0.999735259472942
0.9997310953467294
0.9997339482994622
0.9997358212789129
0.9997321347017991
0.9997345903319462
0.9997308851749398
0.9997338123361462
0.9997353979726531
0.9997376986294367
0.9997311511506737
0.9997349820816646
3.3677209724081935e-05
0.9997366401299935
0.9997339518779399
0.9997292910308039
0.9997316325074512
0.9997300297436544
0.9997308618255264
0.9997322301376207
0.999731637494588
0.999728593125532
0.9997377767775492
0.9997335674968698
0.0
0.0
0.9997345989764354
0.9997351136657736
0.999734634519271
0.9997324797659332
0.9997354045610798
0.9997319578942678
0.9997351176461398
0.9997273176223105
0.9997306181607908
0.9997283540726495
0.999735587916069
0.9997315441637101
0.9997274022100805
0.9997376134648635
0.999729831900256
2.7629301136997008e-05
0.9997362189841571
0.9997350652605183
0.9997323441883454
0.9997404359249584
0.9997402231938782
0.9997374654157959
7.073189773258415e-07
0.9997320682164098
0.9997323846189765
0.9997341272367282
0.9997343648810301
0.9997374323261748
0.9997331751191934
0.9997382775740282
0.00010396029139043687
8.084436359429982e-07
0.999731049673546
0.9997350643515707
0.999732611869663
0.9997350784517726
0.9997344244166108
0.9997364040695687
0.9997350144881874
0.9997364067692369
2.135976090081836e-05
0.9997343784151739
0.999729108121157
0.9997297573486376
0.9997373967891748
0.9997274011361115
0.9997353639705815
0.9997371395355367
0.9997375989107838
0.9997340834024092
6.184346213392417e-05
0.9997315228257565
0.999734622875859
0.9997287432999928
0.9997327515204119
1.6287753443954808e-05
0.9997341442736186
0.9997337233454254
0.9997309468558055
0.9997329694010183
0.99973096849436
0.9997300668913586
0.9997397164890522
0.9997342738139252
0.9997358485378147
9.242426742962797e-06
0.9997331906064757
0.999733492367243
2.055863529215873e-06
8.381047821079971e-06
0.999729798484584
0.9997276931950193
3.147628983495567e-05
0.999733858067597
0.9997372994099188
0.9997336265022603
0.999735690406214
0.9997350684806512
0.9997351584680417
0.9997278360914774
0.9997418652439267
0.9997346952575862
4.277683877083911e-05
0.999732229048424
0.9997314044396459
0.9997323288769516
0.9997303386408065
0.9997358331262058
2.0818608541139076e-05
0.9997312010715058
0.9997353764474569
0.9997343321997723
0.9997348446916025
0.9997338400264931
0.9997359245135264
0.9997405600258209
0.9997355016049759
0.9997340166808616
0.9997339009645465
0.9997364693346034
0.9997299992081257
0.9997361054069862
0.9997351715778585
0.9997410024492379
0.999736260401101
0.9997351747094452
1.0810208128523084e-05
0.9997306727524699
0.9997288525447782
0.9997336517065162
8.352218264565064e-05
0.9997345477317657
0.9997350158873941
0.9997350196941859
0.9997397109074974
0.9997313516463813
0.9997357858935442
0.9997320111522755
0.0
0.9997328044033331
0.015171525091060097
0.9997365809438579
0.9997364267296162
0.9997335873403951
0.9997326004748959
0.9997345828213642
0.9997314256111901
0.9997315837453402
4.5611974923924205e-05
0.99973993026653
0.9997297532085218
0.9997384415629598
0.9997395007298537
1.5626226783444192e-06
0.9997343365106962
0.9997326778504595
0.9997308032776848
0.999736700161693
0.9997318477424957
0.9997363070698727
0.9997345145568419
0.9997305075597387
0.9997300459251853
0.9997304847959673
0.9997356576237915
0.9997335587941638
2.695417054366976e-09
0.0001287732339138021
0.9997327204820126
0.9997377707799419
0.9997307223177615
0.9997305800039966
0.9997312471230065
0.9997338289121159
0.9997326170467584
0.9997390434451023
0.9997334328364245
0.9997306325533162
0.9997353703674131
0.9997401232690933
0.999743918164947
7.624957451487346e-06
0.9997387738191268
0.9997340845484821
0.9997329817681163
0.9997358627919439
0.9997352975163131
0.9997403660985686
0.9997305187697298
0.9997406408463252
5.218551617445062e-05
0.999732952082362
0.9997310993946036
0.9997344762084598
9.258946762539762e-06
0.9997293702610465
0.9997354155181396
0.9997372327380407
0.9997355200946451
0.9997322365505208
0.9997336038177778
0.9997366482607881
0.9997348774472048
0.9997343215146116
0.9997302113039748
0.9997334267977699
6.982463758720044e-05
0.9997316454061439
0.9997328440297817
0.9997363593602249
3.0989099412672546e-06
9.754267586259097e-05
0.9997386179629794
0.999733568702917
0.9997364970905956
0.9997304723699095
0.9997336328475288
0.9997316612046024
0.9997374589222036
0.9997347064609626
0.0
0.9997344145426058
0.9997385891554005
0.9997333232868605
0.999731887371255
0.9997367885318492
0.9997322082095103
0.9997295534950315
0.9997364552295571
0.9997339085275424
0.00011390120860069484
0.9997356588797187
0.9997308789768344
0.9997323163708105
0.9997285259098121
1.1433960170339982e-05
0.9997377476802862
0.999732053724097
0.9997385799680306
0.9997366384061424
0.9997335676558294
0.999736511320528
0.9997320801746824
0.9997305260488392
0.9997332390648421
0.9997341123961876
0.9997347432330802
1.4589472128638922e-06
0.9997388040193332
0.999732350794989
0.999737102659861
0.9997386093139309
0.9997336608327028
0.9997342420068343
0.9997323610856101
0.0
0.9997357710736055
2.4871169074356894e-05
0.9997298935670726
0.9997333391463157
0.9997328368047385
0.9997371342737682
0.9997357286579919
0.9997352628510113
0.9997332208229698
4.759530042582739e-05
0.9997321408441373
0.9997318467524459
0.9997354535808569
0.999733012148541
0.9997378409301334
0.999734667685487
0.9997386814538562
0.9997331955146768
0.9997323505532978
0.9997399706359907
0.9997337164010824
0.9997355373146618
0.9997358487636167
0.999731641979233
0.9997358892472642
0.00014925661025716512
0.9997384303250813
0.9997343122350072
0.9997360129064694
0.9997319219491144
0.9997333964254044
0.9997347555970204
0.9997271868586275
0.9997333923295055
1.228664618913337e-05
0.9997326378462439
0.9997364239251184
0.9997347736178479
3.68561781028986e-05
0.9997329805845786
0.9997341408825675
0.9997308759102028
0.9997352095868955
0.0
0.9997367450076223
0.9997361284783635
0.9997389412166962
0.9997364181104456
0.9997341534142536
0.9997333968341394
0.9997357787931298
0.9997368210966868
0.9997349211687587
0.9997374983533205
8.476854606395584e-05
0.9997332383874611
0.9997362917564382
0.9997338629433706
0.9997339993958603
0.9997314361649963
0.9997354137527709
0.9997410738378417
0.9997370433425041
0.9997349274374562
1.6815092526363582e-05
0.999735297206424
0.9997317220770365
0.9997335183513769
0.9997300654445709
0.9997372712826872
0.9997401192573585
0.9997324268242428
0.9997348304392206
0.9997354033941672
1.39861339227828e-06
0.9997319199359975
0.9997303909928833
0.9997350909496855
0.0
0.999733310994056
0.9997371378858918
7.425972033538798e-13
0.9997339329868545
0.9997332996904226
0.9997307788001467
0.9997314943512544
0.9997309624560834
0.9997308261427474
0.9997363362263813
0.9997345289271037
0.9997368278494446
0.9997332582272055
0.9997284160473848
0.9997371931591484
0.9997293105742577
0.999731574366306
0.9997306434808592
0.9997307954140643
0.9997317760887838
0.9997323874729456
0.9997331508804399
3.5828705203341852e-06
0.9997320889642293
0.9997309369387118
0.9997350774463951
0.9997341643957174
0.9997331989794805
0.9997385621221124
0.9997303112273946
0.999734276715718
0.9997397425892885
0.9997332898921417
0.9997333023059997
0.9997342852454388
6.575646028584912e-05
0.9997353727119906
0.9997356008222292
0.007567401424820771
7.333699808547937e-05
0.9997288355077675
0.9997334410243568
0.9997333545970826
0.9997392343968848
0.999729452321651
0.9997335340726087
0.9997306216335811
0.9997356110840485
0.9997313672521894
0.9997314311280024
0.9997322928788491
0.9997395530366552
0.9997324406420419
0.9997318578477927
0.9997330061046431
0.9997326225484626
0.9997319865659791
0.9997357742105233
0.9997335501515918
0.9997303874210656
0.9997298214899117
0.9997375817045578
0.9997372170853402
0.999732719182759
0.9997380887671876
0.999737443249949
0.9997339372730443
0.999738989151951
0.9997350983615763
0.9997331877729989
0.999734785629974
3.540898010885559e-05
0.9997321404317216
0.999735161936553
0.9997291765868509
0.9997391280840465
0.9997315433199664
0.9997278821649066
0.999731949371388
0.9997384425256788
0.999737200735
0.9997366754784758
0.9997312786478489
0.9997352158110956
0.9997308901096206
0.9997353036330103
0.9997352165927204
0.9997329995654414
0.9997362769168102
0.9997329887629911
0.9997374814817445
0.9997336258992403
0.9997332446807903
0.9997360909615876
0.9997377672792225
0.999737400517924
0.9997300979872111
0.9997343704531704
0.9997326212751395
0.9997303984964063
0.9997323343526453
0.9997348429400178
0.999731218547189
2.543883071991213e-05
0.0
0.9997383269549296
0.9997342736211098
0.9997255408127195
0.9997299642571839
0.9997363241518366
0.9997336222344698
0.9997308645226085
0.9997361855589048
0.9997297657990489
0.9997292265004981
1.2186785525420872e-05
0.9997338106094502
0.9997361853869365
2.610868161280683e-07
0.9997348373841571
0.999734423254115
0.9997344600052598
0.9997320999792477
0.9997344833735731
0.9997339432765061
0.999730263600771
0.9997366448343796
0.9997347280817649
0.9997326993966672
0.9997291106502866
0.004323353705092208
0.9997351484443134
3.343609535639486e-12
4.1655302573266416e-05
0.9997351099867652
0.999737772063781
0.9997370319687808
0.9997325063302545
0.9997342131736144
0.9997315071265481
0.999736799555186
0.9997376734999543
0.9997352310159804
0.9997305210302936
0.9997367482158194
0.9997316121371025
0.9997375739545338
0.9997318090735665
0.9997344899007657
0.9997345722039691
0.9997295410025061
0.9997347633065922
0.9997337917757457
0.9997337356906917
0.9997361849819509
0.9997356407431194
0.9997343501744234
