0.9997327220930603
0.9997348031985683
0.0
0.9997330619595871
3.740835582675322e-13
0.9997366279808448
0.9997307644233648
0.9997388475769775
0.9997331021017507
0.9997330757185791
0.0
0.9997354027424589
1.5523207839643732e-12
0.11634302104409114
0.9997287084076577
0.9997314561167452
0.9997310744556188
0.9997311943828978
0.9997336232211379
0.9997348063915
0.9997293108411326
0.9997408365880656
0.99973495441489
0.9997292068528743
0.9997342563911115
0.9997360898465905
0.999730765666376
0.9997359771162604
0.9997379030697141
0.006792823836683525
0.9997357206304982
0.9997317895948423
0.9997382931359299
0.9997376073167904
0.9997312991481855
0.9997371601725232
0.9997322509274555
0.9997327564269091
0.9997348420194532
0.9997357059838634
0.9997278166535142
1.306140536845389e-05
0.9997353125251708
0.018893501092397277
0.9997338469152357
0.9997336785514098
0.9997338197248495
0.9997359971446621
0.9997309828508019
0.00703164349540082
5.734394118467443e-05
0.9997335771639017
1.3528258420881638e-06
0.9997312754735754
2.8870752900143496e-07
0.9997340133548893
0.9997338202884927
8.153515641230444e-05
0.9997357263629852
0.9997339912386494
0.9997336089447705
9.143412841216371e-13
0.9997346149550673
0.9997358900281768
0.9997357089213562
0.00015239009268081687
0.9997378046057905
0.9997375818150824
0.999736956666747
0.9997362588578227
0.999735953126769
0.9997322878154197
4.9607338379498835e-06
0.999734845191077
0.9997335455271813
0.9997316300783734
0.9997392348789927
0.999733725346515
0.9997358351892688
0.9997319261149168
0.9997354065730324
0.9997335272345503
0.9997354563820127
0.999736344552713
0.9997306956967995
2.4945829858941e-05
0.9997371821961781
0.9997366489897398
2.2246999420852104e-05
0.9997374989417788
0.9997327978309003
0.9997370009163405
3.492583171211618e-05
0.9997298572727918
0.9997273814129496
0.9997338360386157
0.9997317989524807
6.306834148898695e-05
0.9997331511362332
0.9997407598079144
6.09600670237329e-05
0.9997313408754178
0.9997307076090924
0.9997338131079212
0.9997367501409489
0.9997383926936735
0.9997364694185977
0.9997353413318679
0.9997349037021387
0.9997314558822319
0.9997332015030869
0.9997340082800811
8.022798289556526e-06
0.9997271700084451
0.9997370967333677
0.9997274967258031
0.9997344364550931
0.9997378417609505
0.9997325065200106
0.9997321176678037
0.9997357462000127
0.9997376029395025
0.9997374388607482
2.7544974404010013e-05
0.9997404279952066
0.9997350804740822
0.99973715772321
3.1712988288162926e-05
0.9997357397260325
0.9997351412189838
0.9997343726211464
0.9997330247394489
0.999730760093051
0.99973686497227
0.9997316253430707
0.999729909354848
0.9997337154917715
9.288764609605339e-05
0.9997378016235474
0.9997303554691186
4.4222569022563365e-06
3.1276662809849738e-06
0.9997358204666394
0.9997338806990879
0.999732597507136
0.9997349637605539
0.999734376128386
0.9997350110186413
0.999730932347917
0.9997288660137843
0.9997327975140655
0.9997348837516099
5.092081479214301e-05
0.9997356190069706
0.9997316644563587
0.9997344872014141
0.9997337236629416
1.143918169092918e-12
0.9997369467653711
0.9997349092516776
0.99973699442691
0.9997313154981823
0.9997365424711705
0.9997335757965813
0.9997361855881521
0.9997320081190779
0.9997349286659691
5.97291096360173e-06
0.999729902296036
0.9997349149633665
0.9997354454822563
0.999732984159378
0.9997328052852392
0.999735887149071
0.9997405012085809
0.9997357624628722
0.9997348766743156
0.9997305496782992
0.9997326173172414
0.9997360014010969
0.9997285206439729
0.9997341013812915
0.9997344283761991
0.9997310024645197
0.9997329916973959
7.75259981495165e-05
0.9997335487703554
0.999731676746915
0.9997333799969398
0.9997322494292477
0.9997326078063384
0.9997400493915934
0.9997362152325953
0.9997373275490559
1.3199820722983192e-05
0.9997324961383938
4.1243746969789914e-05
0.9997319173691241
0.9997326594027213
0.9997320087599201
0.9997330867097638
0.9997316750092656
1.1398757751344375e-05
0.9997281794727475
0.9997331983144992
0.999735490647838
0.9997301285965569
0.9997359590118442
6.584240884780565e-06
0.9997314021809942
0.9997337715712866
0.9997409041051034
0.9997350102882542
0.9997359990261108
0.9997378304697414
0.9997365733391196
0.9997412196341895
0.9997346601072069
0.999729923316023
0.9997378483431067
0.9997351157209692
1.5727000776389563e-05
0.9997339740535618
0.9997357776128738
0.9997332925159872
0.9997317070793407
9.983869494702657e-06
0.999729526457516
0.9997355063218198
0.9997360784226796
0.0
0.9997331123290573
1.6808715515985297e-05
0.9997377301435867
0.9997326121058593
0.9997347834968323
0.9997365511697051
0.9997384232768658
0.9997342464606291
0.9997311964835357
0.9997344272548419
0.9997340149855826
0.9997305047546204
6.3714862895954985e-06
0.9997362948953585
0.999730138548569
0.9997359877235831
9.38708971955653e-06
0.9997313326863165
0.999739705673151
0.9997353044868085
0.9997310192540052
0.999733452611922
0.9997310654704807
0.9997367578767958
0.9997355647438589
7.991237254639046e-06
0.9997354934526423
0.999732535789973
0.999734320177582
0.9997337761468591
0.9997297000290104
0.9997368764631399
0.9997363107218714
0.9997334296753726
0.006988011376960957
0.9997374052376772
0.9997347182722983
0.9997353964708007
0.9997368274525164
0.0072282144765197015
0.9997362103393587
0.9997286496945496
0.9997363298121856
0.999730335514514
0.9997355903334492
0.999734012021999
0.9997349443280279
0.9997292314836242
9.14157878517313e-06
0.9997391510114224
0.9997330306663387
0.9997353249457536
0.9997327330891241
0.0
0.9997324343188183
0.9997354807817329
0.9997344141576405
0.9997356457743134
0.999731420406016
0.9997339574046639
0.9997303106404309
0.00014010656926872223
0.999729979560917
1.0675172643201793e-05
3.46805188816737e-05
0.9997329813118534
0.9997302605500068
0.9997292602455806
0.999738880122557
0.99973328584876
0.9997345955411049
0.9997365699393121
0.9997335165123389
1.6130314457696307e-11
0.9997340755679113
0.9997341090831646
0.9997335942354793
3.756370791681828e-05
0.999732636487044
0.9997340064455732
0.9997298966048269
0.9997370144994902
0.9997332075915383
0.9997336234992539
0.999737117010492
3.4895169458630536e-05
0.9997315582855526
0.0025868591536034246
0.9997290968962582
0.9997318691345003
0.9997348876295646
0.9997333534352694
0.9997357806453665
0.999737163072353
0.9997349367098276
0.9997361121231304
0.9997382759025407
0.9997353194508511
0.9997343772828601
0.9997351356857306
1.4858579477102986e-05
0.9997386517639466
9.926018915641467e-05
0.9997305420385647
0.9997351621085095
0.9997284270022426
0.9997328809165104
0.9997342799277564
0.9997341989483393
0.9997351630253857
0.9997313744177582
0.9997306234548509
0.9997315833508981
0.999737707157007
0.9997387678352118
9.350527053045777e-05
0.9997344662546132
3.266700441128246e-05
9.107538512703307e-07
0.9997335049717663
0.9997312443084662
0.9997352105177325
0.9997339331691637
0.9997295907652742
0.9997330449996906
0.9997356953086579
0.9997330118417068
0.00012807653295742735
0.9997297968269762
0.9997332847929999
0.9997365323116534
0.9997310228047627
0.9997381851196436
8.855486601642721e-07
0.0
0.9997381845043516
0.9997334291837776
0.9997333055745938
0.9997347551064233
0.031232548365767006
0.9997343645170875
0.9997374627883321
0.9997329658220693
0.9997343180054662
0.9997288504196341
0.999735617374076
4.001272319983236e-05
0.9997376858678018
0.9997366741250334
7.142175062510539e-05
0.9997314948443092
0.999734765233315
0.9997364881363303
0.9997348124079366
0.9997355815916397
0.00020018841088416975
1.556479675082907e-12
0.9997297381664958
0.9997380346846779
0.9997303114679431
0.9997348438249323
0.007519612868378622
0.9997316706554679
0.9997355898988737
0.9997350896493562
0.9997321602116064
0.999735043290849
0.999732409997019
0.9997358662887227
0.9997334769518248
0.99973374499583
0.9997350298955439
0.9997368311025823
3.942705126273989e-05
0.9997307306812704
0.9997296405866852
0.9997384326360013
0.9997350882367306
0.9997346287858994
0.9997364628934815
0.9997339151187865
0.9997371430655955
0.9997360999076704
0.9997321330678007
0.9997324648887865
0.999733881181679
0.9997332767042421
0.9997360461472927
0.9997355236236615
0.9997275231869005
8.199901345351174e-05
0.9997315718586259
0.9997318204356589
0.9997371728022599
0.9997329814381088
2.7417535924550152e-05
0.9997294071638719
4.321557087726054e-05
0.9997325201414174
0.9997353292703127
0.9997322931034328
0.9997404296312293
0.000130758073305244
0.9997387649626969
0.9997339753086103
0.9997355291144921
0.9997354650188159
0.999731506265755
0.9997387992242809
1.422512081800009e-05
0.9997362770136595
0.9997328071596536
0.9997371380000016
0.9997382808658604
0.999731708915109
0.9997351131380009
0.9997343380682001
2.9580207048317775e-06
0.9997342530495531
0.9997354394790764
0.9997406565868128
0.9997359265480283
0.9997326120055616
0.9997349350423642
0.999737512695881
0.9997334561000485
0.9997307578929469
0.9997374916723718
0.9997358209152037
0.999735289372976
0.9997363322133234
0.9997346156902971
0.9997348370229531
0.9997328436151595
0.999732519112072
0.9997353072884526
0.9997415441990951
0.9997338744587085
0.9997294830175459
0.9997333014601316
0.9997290746418754
0.9997326313659038
0.03468411373050813
1.1337810840713276e-05
0.9997322862595979
0.9997356480099402
0.9997309561994219
3.9787486788583015e-07
0.9997393178606976
0.9997334146841964
0.9997357747185095
0.9997374095442016
0.9997375117623821
0.9997330670707055
0.999737254032868
0.9997292535349421
0.9997363607158489
0.9997309162910194
0.9997335990168149
0.9997342934403447
0.9997345379480289
0.9997339246966775
0.999735563437828
0.9997321552411831
0.0
6.638425972006135e-06
0.9997321077197778
0.9997317603326011
0.9997390070715028
4.074299192915043e-05
0.9997397069772663
0.9997328829463717
0.9997325050623528
0.9997350588982225
0.9997345266424226
0.9997354578283899
4.573830434072181e-06
0.9997327115869689
0.9997334555591674
0.9997278720223314
0.9997341918290736
0.9997318848762506
0.9997326900965043
0.9997346908778959
0.9997358143103633
0.999729759914756
5.685599236028842e-05
0.999734383049101
0.9997349118406386
0.9997288253146205
0.9997334044871204
0.9997387659154653
0.9997294123548099
0.9997360898348359
0.9997375924651043
0.9997358965921886
0.9997331374141437
0.999736722665759
4.808855223801771e-06
0.9997307622270932
0.9997369193640505
0.9997350083792202
0.9997356538232636
0.9997350144146708
2.6893697493666034e-06
0.9997375764940848
0.9997339823695263
0.9997357212414835
0.9997324296388999
0.9997320230533181
0.9997337940142802
0.9997397848248158
0.9997302811823354
0.9997363845185013
0.9997271551079149
0.9997334998623365
3.5340555254155335e-05
0.9997308109023246
3.461014854204619e-05
0.9997333072936537
0.0
0.9997344647808071
0.9997329616167361
0.999736843127983
0.0
0.999732598738416
1.1171291534276973e-05
0.9997353042049517
0.9997320419432717
0.9997312428918521
0.9997322514829112
0.018954002684538757
0.9997356969164336
0.9997326572520918
0.9997347204000955
0.999729459330923
0.9997285767986942
0.9997332507703008
0.9997354573433159
0.999737490552894
9.14663617243995e-06
0.9997322470214781
0.9997340145502984
0.9997384953278254
3.184257111247665e-07
0.9997353409513817
0.9997338345061446
0.9997329138184818
0.9997340216816746
0.9997311845708958
0.00010874409029497743
0.9997343840875907
0.999732253267812
0.9997336661031467
0.9997293109824035
0.9997314943908276
0.0
0.9997330368120014
0.0
0.9997357432866778
0.9997341064513927
0.9997351895138948
5.422220349082255e-13
0.9997394015802716
0.9997324104425955
0.9997358059130357
0.9997369049375949
0.9997326502857328
0.9997331829047486
0.9997371045728893
0.9997327997536203
0.9997340171195519
0.9997330203555486
0.999731581608514
0.9997333996868124
0.9997327528431726
5.623742018692089e-05
0.9997292636940668
2.1118576510544285e-06
0.999735832424253
1.0983374461506241e-05
0.999734268196373
0.9997365409470664
0.9997341616417907
6.221585566753624e-05
0.9997337587783364
0.9997375902423734
0.9997365664753677
0.9997353386811603
4.817259119751391e-05
0.999727907668978
1.6698689053702353e-05
0.03016373933296242
0.999735463496123
0.9997343504407812
0.9997294059999084
0.9997344782181874
0.9997298269284721
0.9997338156371501
0.9997348729672602
0.9997387543992742
3.2648229899216766e-05
0.9997383109009964
0.9997361970855358
0.999733149888366
0.9997369390244989
0.9997289370676006
0.9997338170366742
0.9997317609844674
0.9997343396296999
0.9997397309947127
0.9997288789851467
0.9997361059476652
0.9997313882703164
0.9997315130004457
0.9997324231512643
0.9997304552508037
0.999739051270493
0.9997344527451864
0.9997316269722075
0.9997342353515396
0.9997309308968596
0.9997330813467828
0.00010079967261741525
0.9997368840169998
0.9997388726923774
0.9997363361241405
0.999737082223609
0.9997319388132627
0.9997381255257292
0.9997312333760424
0.9997328614112709
0.9997301645781985
0.9997320923710178
0.9997380509524747
0.9997284063318047
0.9997275817291216
0.9997338514290132
0.9997313682839638
0.9997358794572118
0.9997361302191982
0.9997291570520811
1.0092192478748292e-05
0.999734108187653
0.9997320418650568
0.9997364468651386
