0.9999972154148009
0.999997186090609
0.9999974031429583
0.9999973078683824
0.015531948612294585
0.0310442889766008
0.005638691665720548
1.3730250791547903e-05
7.065697152104632e-05
0.9999973143627919
2.2111227742006266e-05
0.999997127081184
3.3583168734801307e-06
1.0285311342223582e-05
0.9999973057303457
2.0106026825360344e-05
0.9999973495757313
0.9999972295687888
0.02588853693986403
0.9999973115893158
0.007120441721755898
0.9999973483391901
0.0013863995003508419
0.9999974139689484
0.9999973293562864
0.9999974125248665
0.9999971965182801
0.9999973710613502
0.9999972348683893
2.174283604551839e-05
2.8338631978044927e-06
1.179035300288255e-05
0.9999973353117425
2.1683036734108027e-05
0.2058061635929914
0.9999973009654497
0.9999972294335367
0.9999973580835398
2.0608931294632076e-05
8.471075833839853e-06
0.9999973707270501
0.032366864597504125
0.9999972896197846
0.9999973446793472
1.2093291533249912e-05
0.025062840983516455
6.880457553760017e-06
0.009857945464480955
0.9999973671237135
0.9999973991962363
0.9999972982953442
0.9999972800294382
0.9999973443879064
0.9999973989028043
2.2014616959397277e-05
9.222927996138859e-06
0.9999974459172986
2.1845408285102608e-07
0.9999973848868899
0.9999973519620875
0.9999973519441818
0.999997309201734
0.9999973804849089
0.9999972964760125
0.9999974481640334
0.9999973442235814
0.9999973223214452
3.857452608192237e-06
0.9999972222557821
0.9999974231505768
0.9999973601007933
1.589566143701904e-05
0.9999972722414344
1.0661637375979306e-06
0.9999974358831688
9.730422161037856e-05
0.9999971437949153
0.08389791419088605
0.9999972974529919
2.8959844263508345e-05
0.9999972861427201
0.030405799825817988
0.9999973960860111
1.6794815693433993e-05
0.9999973422785016
0.9999972859063767
0.999997248945476
1.1315370093212208e-05
0.9999972632357228
0.9999973558945995
0.9999972325023386
1.9222168695652594e-05
0.9999974195003712
6.295923826438029e-06
0.9999972158527758
0.9999972069164044
2.178037313367529e-05
1.0016793915255151e-07
0.9999973763515577
0.9999973754805801
2.8061640905749314e-05
0.9999972147666623
0.9999973271214242
1.5678953490373308e-05
2.1476098008780228e-07
0.0018319674257188843
0.9999973112516406
0.9999973068540842
0.9999973197396201
1.5700645970542728e-05
7.451936511724388e-06
1.3527358688921534e-06
0.09284825600774199
0.9999973392582802
0.9999972885598712
0.999997365412697
2.3281164402434716e-05
1.9608805525483538e-05
0.9999974575207347
0.0025549715739658463
0.9999972519604375
0.99999721388763
0.9999973973429003
0.9999973329719577
0.9999972326132555
0.9999973499192365
0.9999972237194497
0.9999972361098961
0.9999973176970814
0.999997398552439
0.9999972920790243
0.9999972106807355
0.9999972026893613
0.9999971828445425
0.9999974177465732
1.0443547829174771e-07
0.9999974161956219
0.9999972263061263
0.9999973761350976
1.2195750393306723e-05
0.9999975178272154
0.9999972946550683
0.9999974140112425
0.9999974084553623
0.9999973932878882
0.9999973518046517
6.459552070929685e-06
0.9999973945356029
1.3159745559858973e-05
0.9999974371319993
0.9999974366772728
8.808117106002794e-05
0.999997455127523
0.9999973617625703
0.007048555920798771
0.9999972614827565
0.9999973050552793
0.9999972522371718
0.9999973283653191
0.9999972356335298
4.8010251971387144e-06
1.0504353837416376e-05
1.8846192870549818e-05
0.9999973030652798
0.999997344938053
0.9999974446017208
0.04964174507708269
0.9999972377080946
0.9999973726317655
0.9999972149516052
0.9999973217385576
0.9999972023110121
0.9999973527983852
0.9999973043950077
0.9999973137998133
0.9999973687994623
0.9999973425494266
0.9999973895576323
0.9999973336195526
0.9999972826705904
0.9999972619245072
0.0006555733432804384
5.831532164301479e-05
0.9999973607669294
0.9999973247851823
0.9999972253764433
0.00725695040618941
0.9999974005013319
0.9999972143124107
0.999997342787564
0.9999973283607538
0.9999972116106408
0.9999973010411279
0.9999973280546763
3.751648696294764e-05
0.9999972069581514
0.9999972498708413
0.9999974734519292
0.9999972526959966
0.9999972053949695
3.9565611217429234e-05
0.9999971652396707
0.9999973635366977
1.0185082303621012e-05
0.9999972921089726
0.9999972970452524
3.624490523299956e-06
0.9999974974185529
1.642814094843799e-06
0.9999973603156607
0.008453921225723091
0.9999973739634122
4.2264378147844323e-05
0.9999973085630476
0.005918445187489489
0.9999972274129085
0.9999973148505212
0.0
0.022372772904688924
0.9999972160048253
0.9999973516168383
0.9999972584468392
1.241429632331644e-05
0.9999974107723517
4.324858759196598e-06
0.9999973452615958
0.9999973590266829
0.9999972735223367
0.9999972378048932
1.3871180256117931e-06
0.9999973093627013
1.286195114401437e-06
0.9999973823869127
0.9999973526253312
2.66266531246627e-06
0.9999973701589653
2.0317020241426133e-06
0.999997283320993
5.263453088495607e-06
0.9999972847747595
1.1515343526713141e-05
0.03177629672877204
0.9999973419393784
0.9999972010035222
1.3738952115201316e-05
7.332299285712926e-06
3.243600278620444e-05
0.9999972064178501
4.741733420655259e-06
0.9999973991420377
7.329150023336318e-06
1.6484104074669357e-05
0.0500071373783177
0.9999972645145723
0.9999973666148669
0.10385683871185748
0.9999971514575603
0.03174224973142066
0.9999973431846713
0.9999972814699014
0.9999972242340616
0.9999974096806495
0.9999974504158533
0.9999974916179584
0.9999972336967604
0.999997293484319
1.7294996264233902e-05
0.9999972771928736
0.9999973621631695
0.9999973404902004
0.9999975005089641
0.25008710162843095
0.9999973259767002
0.999997498657336
0.9999973005502484
0.9999972544476445
2.6877772281922412e-06
0.9999972701639253
1.1104403429405514e-05
0.9999973914513591
2.178128294889682e-05
0.9999972791051385
0.9999972571924118
0.9999972577337186
1.104560053044762e-06
0.999997442634928
4.271991369454022e-14
0.9999972820977694
0.9999973168020084
0.9999973329122442
0.031189624461364248
1.5155099180550274e-06
0.9999973056288004
0.99999724030738
0.9999974478358914
0.9999973874880025
0.9999973024507558
0.9999973762649857
0.00012147493101312229
0.9999972896124667
0.9999974790287381
0.07327287654198815
0.06910388583178853
0.999997377528574
8.117917407198223e-08
0.9999974486048988
4.981126805554682e-05
0.9999973512576845
0.9999971920625585
0.999997382465803
7.801493474788246e-06
1.454515551911765e-05
0.9999972077959067
0.9999972750307445
0.9999972555198221
0.014761287673839694
1.5043934960958887e-05
0.9999974308512066
1.7089859382488507e-05
5.84496109926386e-07
0.9999973735954913
0.9999973380894993
0.9999973168782755
4.9835717732749e-06
0.9999972869716771
1.4298183706918478e-05
0.9999973468101361
7.382074055059309e-06
0.9999973702505945
4.473556558419006e-05
0.9999973960070393
1.1992909599582012e-06
5.783179156035058e-06
4.10147625524827e-05
0.9999972878621965
0.9999972267975228
0.9999974111948186
0.9999973482442028
0.99999728512277
0.9999973276227127
1.1573163694297128e-05
0.999997352784713
0.9999973825023443
0.9999974037653823
0.0013940630937956152
0.9999974174962774
3.636465007326922e-05
0.9999975242181554
0.10409892334577941
0.9999972932549726
0.9999973833373399
3.242440127872084e-05
0.9999972203852607
1.804718741463859e-05
0.9999974210425203
2.8413726581469473e-05
1.8116731891316175e-07
0.9999973762725273
0.999997267397462
2.3655769861377233e-06
0.9999971815508504
3.230546257096114e-06
2.5261865413559354e-06
0.9999973593787315
0.9999971775154565
2.5236764913908024e-06
0.9999972642456082
0.9999974170256892
0.9999974113500778
5.244174710002285e-05
0.999997338709262
0.0021481479246271778
4.910438940139467e-05
1.7521720635478903e-05
0.9999974069549694
0.9999973431465826
1.0001693469988142e-05
0.9999973447622779
0.9999973196717601
0.05272183045132813
0.9999973822750583
0.9999973735230345
0.9999973373512757
0.999997420687491
0.9999972801086765
0.9999973040593539
8.446736093515125e-05
2.734126241617966e-06
1.5099269547543841e-06
0.9999972747220487
0.9999974569484577
0.9999974396834256
0.9999972477162744
0.9999971249148925
0.9999974585285073
7.3926025071398655e-06
0.9999975326919268
7.031651867440203e-06
0.9999973816860953
0.9999973393213383
2.1362843831950196e-06
0.9999974071901099
0.9999972352735673
0.9999975200770995
0.9999974163306364
0.9999972168970646
0.9999972731920196
6.4846546484206244e-06
0.9999972352673376
0.99999735824369
0.9999972955432817
0.9999973306379343
0.9999974421593422
0.24999954178902564
6.370571434907009e-06
2.25474471590515e-05
3.530669895936824e-05
0.9999972233267048
1.4526923333850158e-06
0.004203788894276283
0.9999973149500032
1.5842044199078337e-06
0.9999973567556447
0.9999972630620091
1.420575238891522e-05
1.2666944276420082e-05
0.999997257192621
0.9999974443523297
0.01599392556267602
1.9750712945660054e-05
3.76849396963533e-06
0.9999974205201706
1.1839225870889366e-05
0.9999971595313051
0.9999974039825561
0.9999973154370356
0.9999973640012149
0.9999972587104227
3.3836165219334953e-06
0.9999973405783424
0.9999972328633779
2.0143020125048038e-05
7.311663602425323e-06
4.831568297597407e-05
0.9999973862788786
7.052129999129968e-06
0.999997192909226
5.968093867981673e-05
1.5331494498017044e-05
0.00015097934595414896
2.4841159352725685e-05
0.9999973072720655
0.9999972886167536
0.9999972508437448
3.1407574986181354e-05
1.6254022242980808e-06
0.999997488291726
0.9999972227948772
5.6439451451448656e-06
0.9999972998390387
0.9999972558346296
1.0489511271281414e-05
3.912493284141308e-06
0.9999974285680457
0.9999973588535691
1.4235263619079506e-05
0.9999973335747281
0.9999973082136022
0.9999972449811309
0.9999972508694361
0.9999973922523885
0.01509676140134602
0.9999973408435096
0.0075716112579762625
0.9999974263326382
0.9999972899810523
1.2857227479885678e-05
3.7660520918476506e-07
0.9999973711033276
0.9999974385143332
0.0047314313295704555
0.9999972425638878
0.9999974266000944
4.3045883533467585e-05
1.8072044592941405e-06
0.9999973321187586
0.9999974276564103
0.9999974213773953
2.0831563709099823e-05
0.9999972172266751
7.814934007523902e-06
0.015076065021679325
3.0183739991318105e-05
3.733567016544907e-06
0.999997317919556
1.3650969351827393e-05
0.9999973610778109
0.9999971878335476
2.404094119807743e-05
0.999997439464519
0.11469956125229124
0.9999973252705361
0.9999973630192922
0.9999971784584488
0.9999974552587925
0.9999973337583028
1.7061750567134887e-05
3.5918273779342864e-06
0.9999973632691911
0.9999973700253516
0.9999972533840104
0.9999972476129991
0.03123599350510339
1.0569273515902352e-05
0.9999972874415192
0.9999971977825945
2.516811188570144e-05
0.9999973245467658
0.9999972297067938
0.9999973070611492
2.139426759136271e-06
5.217310114790171e-06
3.235295079510234e-05
0.9999974535661745
0.9999972595455237
0.9999974058823334
1.5470523714156487e-06
1.9621244850679114e-05
0.9999973655121212
0.9999972361778574
0.9999973639250808
0.9999974593828512
0.9999971276158314
7.972177203217853e-06
0.9999973990998116
5.001833817763446e-06
0.9999971976966447
0.9999973656877011
0.9999972711753693
0.9999973202249214
0.9999973335349179
0.9999973279139749
1.0204511983966008e-05
1.8449758698718108e-05
0.9999971809294753
0.9999974627959658
0.9999972009618421
0.9999974544496874
0.9999973876983123
5.4248856227797546e-05
0.9999973674813302
0.9999972773311723
0.9999972680878528
0.9999973791246366
0.99999742775994
0.9999971970151842
8.395544502746412e-06
0.9999973774197004
0.9999974900711117
0.999997444293661
1.3961541012246855e-05
0.9999974344737251
0.9999974236055339
0.9999974305227383
1.5585719550832951e-06
0.9999972365301562
2.001146345366289e-05
0.049237321593020814
0.9999974649669737
0.999997372133564
0.9999974300292572
0.9999973865745013
0.9999972355614372
9.114777327627712e-06
0.9999972480210764
0.9999974532141783
6.018950232452638e-06
0.9999973022023135
0.9999973081285961
0.9999973772548425
0.9999971623993712
0.9999973043999291
4.393894596137373e-06
0.9999974719682486
0.9999972539107888
1.5313357409162285e-05
0.9999972804269471
0.9999973441745181
0.9999971969975132
0.9999972015077515
0.9999973097191117
0.9999972537217784
3.720974881492343e-07
0.9999974730967025
0.9999973024232596
0.9999972951942644
0.9999973147623845
0.999997409880096
6.305250503273864e-06
1.3016460711496403e-06
0.9999973695569838
0.9999973434293064
0.9999974474885068
4.563756750074463e-05
1.7202977504677034e-06
0.9999974828697046
2.0692821029099564e-06
0.999997283297516
3.548428934248533e-05
3.710590198444701e-06
0.015490948076223414
0.9999973392809186
0.014578299837802918
5.821077756217487e-06
5.555913870649729e-06
0.9999972315864425
0.9999972820963932
0.999997393744767
0.9999972567386293
0.9999972845211023
0.9999973399466248
3.5916260292162566e-05
0.9999974370619685
0.9999973695190271
0.9999972692652633
0.999997290664962
0.007072583342940165
0.9999974014433809
2.4558959936061e-06
3.556803601503205e-05
0.031815137634370286
1.9005463008219592e-05
0.030186024431573772
0.9999973634788931
0.9999974418133234
0.013280076132064547
0.9999972801105426
0.9999972499951025
0.9999974703264705
0.9999973494287269
2.0239762489216457e-05
0.9999973816735073
0.9999971858558118
0.9999971943220176
0.9999973988109219
0.9999974526213693
0.99999737365092
0.9999972611059569
0.0041448401415551984
0.9999973841245363
0.999997429281989
0.9999973972030455
0.9999975194120712
0.9999970939580406
0.008170005271085716
1.2214489079625635e-05
0.9999973426332379
0.03194604625481541
0.9999972531254503
0.9999972494611271
0.9999972067112726
0.007787601096076799
0.999997405589515
6.823143884759736e-06
0.9999972327791818
1.4089501731374622e-05
7.413434731179621e-06
0.9999972565576427
0.9999973078776703
0.9999972766327644
0.9999972479578948
0.9999973144211877
0.9999973554651225
0.9999973821749673
2.0906279435578646e-05
0.9999972863726072
1.872015150268119e-05
0.00010914186731753069
2.5916885775384797e-06
0.9999971741401932
0.9999973543672468
0.0019578766485531425
3.26628340580075e-05
0.9999972632529992
0.9999972790698995
0.005786612944054088
0.9999973291916048
0.999997293475163
0.9999974313929377
3.085183863447624e-07
1.1328923724471526e-05
0.9999972352563464
0.9999973141982669
0.9999972851108258
0.9999973991775217
0.9999971402180972
0.9999973394177923
1.637354042645655e-05
0.005854847415382171
0.9999971594916476
0.9999971684084702
0.9999973484195743
0.9999973795546638
0.9999973681801989
