0.9984248938540621
5.620118201456023e-05
0.00013079947606598301
0.99840541548847
0.0001185642916227656
5.113744074484777e-05
4.840377138179284e-05
4.3017628905142704e-05
3.4543847226394344e-05
8.337989738338969e-05
3.1265199011674185e-05
0.9984591915712022
0.9984402551341667
2.6472820213786298e-05
3.777930354311633e-05
3.67549665738733e-06
8.465772654942414e-05
0.00016769393975024229
6.32230128915466e-05
0.998422541891201
6.803839052359247e-08
3.2591144276145054e-05
0.9984425077699524
4.238559243537622e-05
0.9984345267601622
0.0001055303288828568
7.869794804281334e-05
5.432888007299557e-05
4.201104063096702e-05
0.9984273044827449
7.755664801557613e-06
1.1349117873202345e-05
3.2153622724087244e-06
3.0546518128280476e-05
4.651366162439351e-05
3.2891359094607467e-06
0.00010469578520869361
5.86311712141956e-05
0.00010402829946587438
0.9984252283126772
2.0348567481365653e-05
0.998438663245916
6.946464422870226e-05
0.9984372055802702
1.6587175046949157e-05
4.990279051888299e-06
5.327821508520568e-05
5.53391585517913e-06
1.9250528381033637e-06
7.461300302788518e-05
0.00022964799161409472
8.413749758084738e-06
6.357167861309998e-05
0.0001571501699039641
9.939112509300145e-05
8.74798057467303e-05
0.9984568192631201
1.7446047635250408e-05
1.6008376793246238e-05
0.0003072947908173932
5.100689908790291e-05
4.214076388827718e-06
0.9984547367754543
4.183208642360164e-06
0.9984563423867455
0.00010975296930186444
4.192878859691372e-05
2.257368986576458e-06
2.931913075646228e-05
2.191276542701652e-05
0.00010262679610652771
6.891917419170396e-05
0.998425776573001
9.293415397171786e-05
2.3698801775483945e-06
1.3997665321704432e-05
0.9984364757845453
4.7474961594006935e-05
0.9984164124837365
0.9984320375696009
2.3450876250445087e-06
0.9984197994642218
1.361874508137794e-06
5.550004514796111e-06
6.518013778143556e-05
2.8000795249956967e-05
0.9984300018202394
5.753862945729629e-05
1.802871543676731e-05
5.454683113795952e-06
2.2923188722797336e-05
4.510365198767506e-05
5.62200665381483e-05
4.4979937331688325e-05
0.9984357654262628
2.609275920501716e-05
0.00015403023613714834
0.9984438679298756
0.9983915205105802
4.4520171285755355e-05
0.9984423241727081
1.7095979032540427e-05
3.9908147047357097e-07
2.0450061792473023e-06
5.355724756849602e-05
2.5779477528120245e-05
0.9984099458377922
1.7280143491637479e-06
5.957830905552413e-06
1.4001868061868882e-05
1.2074290263494392e-05
0.00011301305147776888
0.998462120108633
0.0004796073191581624
5.7239100258096284e-05
0.00011682064611212288
7.133657769077585e-06
5.7457198769831875e-05
0.998426819774419
4.562138873322377e-06
3.99484031669698e-05
6.942462667534418e-05
0.00010050359884129926
0.9984248300070102
1.044443984942093e-05
4.759153585766957e-06
0.998452489310317
0.9984215306217392
2.2072157761489092e-05
3.92357406080936e-05
0.9984304932237195
0.0008725709504888095
2.9087513656761766e-05
7.576191413971002e-05
2.7335704333962964e-05
4.548739680912626e-05
4.1086150396365974e-05
0.9984346051974544
3.8194535934385664e-05
8.368297881821156e-05
0.0001387666882163265
0.9984459084726593
5.015401677181767e-07
2.0594133455041932e-05
6.278823604745961e-05
0.9984109858953731
2.9916853380736898e-05
3.1413985528569234e-05
0.9984318573942579
0.9984333027699327
7.157100829144359e-05
5.99776217586259e-05
9.903844530442349e-05
4.104881839062905e-05
0.00011859755007213665
1.356297631687703e-05
5.62362582372539e-06
2.813754755742667e-05
2.3289236539545085e-05
0.9984146177799593
2.7344826060213645e-05
0.9983945445949356
0.9984444430556481
0.9984315282118513
8.128359198174929e-05
4.4195163650361904e-05
0.00010489258677430528
1.1230719373899799e-05
0.00010766809334066113
8.45926143417591e-05
4.818367860939096e-06
4.599524834533848e-05
2.8843044448022057e-05
0.9984147131730483
5.282016537523631e-05
0.9984462444856401
6.870079095006707e-05
0.00019010570817628398
0.9984038432715356
1.3827617229616867e-05
2.9388895454591336e-05
2.6125737329037552e-05
7.027392557327827e-05
0.998436326184
0.00026952904705121076
0.9984313186776169
0.9984400569793923
2.8950658823804615e-06
0.9984566347179608
2.794654018683549e-05
3.9239677858805845e-05
8.494807508574892e-06
6.16838446588753e-05
4.723527981461631e-05
0.9984206592372995
2.2213418578731008e-05
3.821909432937428e-05
2.8936093236567584e-05
1.2971151294151425e-05
0.9984431069846794
9.822221555973179e-05
2.8144905618650458e-05
0.00011193645651933389
0.9984323461042974
0.9984501253987259
3.976093661597269e-05
8.634229878621164e-05
0.9984279524875688
0.00013835080224960158
0.9984411750122104
4.476174324773089e-05
0.9984219129363313
3.844188438030566e-05
3.5859571124863646e-07
0.9984420037872574
8.778645588222165e-05
0.00016728012372035542
1.1056076181844645e-05
0.9984536097932779
0.9984276381950523
5.280912779660909e-06
4.9902533588782524e-05
0.00017724516101679194
2.6780210934707765e-05
2.4805645095055027e-07
0.998434416456344
0.00020359284278583756
5.098100852521109e-05
0.9984262107755435
0.00014821506847500853
1.5320155113541236e-05
3.932437142906604e-07
3.204231073211748e-05
8.343820119211173e-05
0.9984691050981462
0.9984511073589482
1.3774346865179128e-05
0.9984291453590005
0.00012484639574382515
0.9984247602657993
0.998414752057886
6.680532474625891e-06
1.4422654111995273e-05
0.9984405120385321
6.563294335906827e-06
0.998477527493525
1.1422074559012161e-05
1.8108323006266452e-05
0.9984203614581723
5.938842558142246e-07
1.6123334359774305e-05
2.365694159337977e-05
5.858057620427283e-05
0.9984387649506313
0.00012054597595875314
0.998426267685885
7.405805841302695e-05
4.818621907993191e-06
0.00012731513104033076
0.9984381444371324
3.19394301197734e-05
0.1499846807669576
0.99843684817453
1.5240661387255318e-05
0.9984552528057908
0.0001381276422914511
0.9984358958140193
3.11967421958349e-05
3.717171969370725e-05
6.339261174108138e-05
0.00011659517249560605
3.176724334086338e-05
7.500429406778933e-06
1.0322684335792583e-05
0.9984502470128492
3.099544329551942e-05
0.9984147656085194
0.00010454351564355397
0.9984148976673557
0.9984187789562826
5.073989899424243e-05
7.840107199710142e-05
6.469502402413743e-05
2.7665170015072462e-05
5.8554808146934154e-05
0.9984576019562343
9.417902634142074e-05
3.761443896505056e-06
7.79539484945168e-06
0.00011514840827175851
0.9984402845649948
6.756517106023792e-05
5.0236360258281064e-05
0.998451063830064
0.9983958685437113
7.17315132529283e-05
0.9984246506044977
0.998438283371477
0.998430420438398
0.9984258083934958
0.9984335206669893
2.818519326286388e-07
5.333699795066014e-06
2.2809118114561803e-05
3.447000228083982e-05
3.1516137716341357e-05
0.00011300929761144977
0.9984196816362417
3.0939684626751014e-06
1.9006411282629177e-05
0.00013359177670480184
0.00017499288263710363
1.577448736538357e-05
1.208188500394166e-05
8.12880146542245e-05
3.1949666080682806e-05
2.4920050210436293e-06
0.9984352925378613
0.9984139168608699
0.031074914915708136
0.9984275090298056
0.0002620269659543415
3.627956921667232e-05
5.2296843678907785e-05
0.9984334742977787
1.5569200488332312e-05
0.9984215961069945
3.4725940217556376e-05
0.9984451373276548
0.00011687666316679426
0.9984525632135935
7.78409570055015e-06
1.9079204063669006e-05
1.9823545154522354e-05
8.062828747454025e-05
3.6530541529284194e-05
9.11959795797168e-06
7.584716503320725e-05
0.000141959639676915
0.00012760760838658947
2.4722338329213842e-05
9.879821977638651e-05
0.998445025624263
1.0418109211640812e-05
3.132468919126204e-05
9.325989202963697e-05
2.147858970619394e-05
8.689800938381905e-05
2.8390952574859508e-05
0.0001841822501802759
2.7724440563520243e-05
3.859693414804263e-05
3.918416582687158e-06
1.732351009058268e-05
1.753273733179323e-05
2.1483196963552385e-05
7.245260595543996e-05
0.9984528594124561
3.911109294726278e-05
7.607082275524868e-07
0.9984384716579824
4.632118371716051e-06
1.2168474552867751e-08
0.9984249192408499
1.8110027384003605e-05
2.7394631326249988e-05
0.9984513986632162
4.2461830415249286e-05
8.898177416589669e-05
2.1757230482187418e-05
0.9984399723263165
0.00018091129783284304
0.0001754431400122339
0.00017197285349245453
0.00010768102807222577
4.511798845913223e-06
5.197426370919418e-06
6.71430566952456e-06
2.1624402581054293e-05
7.395135249713695e-05
0.00017205787529611026
5.373605670913694e-05
8.025221446340411e-05
2.5060696432010406e-05
3.142915019981144e-05
0.9984391652852788
8.21621852971524e-06
8.418408282921636e-05
1.1066166209020977e-05
0.00011051371245891298
0.00020608301074494118
0.9983908901552077
0.00018190199478322226
4.3480791934318596e-05
1.3184020653272776e-05
0.00025399722490661097
0.0001357537294730911
0.9984106407045477
1.676479894622026e-05
5.083683541299549e-05
0.998451291333748
0.998427412039029
1.3481965925536101e-05
3.412030286897446e-05
1.980452640059345e-05
1.94724125062717e-05
9.111626071515107e-06
3.073173789363916e-05
0.9984183211445522
0.0001254382880756958
0.000121764337737248
1.9130663620031816e-05
7.950952014438544e-05
1.4535999652664185e-05
3.0960404179465886e-06
0.00012739704492372358
1.1311621636646436e-06
0.9984246755692697
0.9984195450355892
0.9984226690168763
0.0001331370545422226
3.800078663380323e-05
0.998433014330684
1.5502142604327196e-05
6.371655557282409e-05
5.933599646257102e-05
0.9984541993026578
0.00016838062440331834
0.9984446920890793
0.00014409697043225102
0.0001022062959976446
5.229637251554438e-06
0.9984240926099304
0.00011405771269122142
2.835688456266515e-05
6.660595321608829e-05
0.9984329501085769
0.9984765284674988
0.9984116216587657
6.082586431850531e-09
2.649518819364523e-06
2.4295293820244743e-05
0.00019611929797986008
0.00011466061029049123
8.577106533488009e-06
0.9984047597106841
4.536375382524564e-05
3.9995851195840564e-05
0.9984132697252075
3.3885980922837035e-05
0.9984686255941605
2.425089828741685e-05
0.00014069793389610271
0.9984214657508154
0.998453401336157
0.00010151618170736139
7.80088177325948e-05
0.9984044278050495
0.00017805717947515546
0.9984182759068685
5.799036853601e-05
0.9984459829339345
0.00010106747964726728
4.200124619597389e-05
0.0001102563784399022
5.86402583499877e-05
1.9959732517442096e-05
0.00014426234847266084
5.981512752813306e-05
2.0884976340993193e-05
1.2397784754793432e-05
0.00010076541126194974
1.1161322949395637e-05
7.71812805941396e-05
0.9984485378208948
0.00013802509253742253
4.419752353299811e-05
0.00010961709212193405
0.00013373076724909345
0.00012316850903586204
3.6597465380186314e-05
2.41792205063229e-05
0.9984256024043459
0.9984341653035249
0.9984218025225858
0.00012816298397257039
7.859316682419596e-05
7.009990924366606e-05
0.012675876832627884
4.07791329758307e-05
0.9984405579003781
0.00033534602266291813
2.7557618485336297e-05
0.998409203738068
4.72886729957561e-05
4.511463819335021e-05
1.8480257976616346e-05
7.650524425227692e-05
7.467978195792463e-05
1.4428433241917118e-07
7.407564280975466e-05
0.9984056674753787
0.998450805483631
0.00017233422529218747
1.5979218157707103e-05
4.943608382879317e-05
0.9984373203148672
2.0250150807544716e-05
7.52150965557726e-05
0.00874125475863128
1.5431881294380936e-05
5.596309039416974e-06
0.00013956034689713046
1.6088680412576848e-06
3.0365643135705094e-05
0.0003124262969621202
5.585013599469261e-05
0.998420287284679
0.00010510313328606089
8.107397270353418e-05
1.822307786951261e-06
4.25901139189062e-05
8.453886973335245e-06
1.9405680512149044e-05
5.2730599981612744e-05
1.7538956002328828e-05
6.527990763761097e-05
7.907495548173287e-06
2.0139850580465516e-05
2.6485251013271744e-05
2.8671931024041655e-05
0.9984232926085203
0.9984406617725973
9.247083674459549e-06
4.8198494624486275e-05
3.734720020648563e-05
0.9984130273204191
0.9984485072440034
6.295120674342479e-05
0.9984207153568306
2.174493651210704e-05
3.898339451161289e-05
0.9984103884209452
0.00017706221924340682
5.999347521215692e-05
0.9984496912929905
0.9984184017918233
2.3412283178544685e-05
3.288767622890577e-05
2.821995928211125e-05
8.453789151059098e-05
4.4294305893125227e-07
3.390126255366539e-05
0.00010751298424721366
0.9984092565753466
1.4672882156454758e-05
0.9984541879922044
0.998428462843318
5.294789902038405e-05
5.535335034758057e-06
2.3818754923259015e-05
3.433842724237913e-06
4.7021045526224306e-05
3.762613232318453e-05
9.685371925818944e-05
4.0526576262751714e-05
0.998402127761316
8.564276668584188e-06
0.9984041446235021
0.00018083852060310658
8.569504072594737e-05
0.9984157590968
4.5400291478542026e-05
4.691633746772593e-05
0.00017129446611011644
3.0036818643041402e-05
0.9984335562703911
8.642655480342017e-05
0.998421740066354
3.723427064167739e-05
6.690289293124638e-06
0.9984248208494244
0.9984322867253381
0.9983964040796846
0.998414563773938
5.673585447134621e-05
0.00011574936890501856
0.9983949541561201
5.632841876769059e-05
6.229395925105891e-05
5.011213495998805e-05
0.9984258382170589
3.7680599049292856e-05
3.5683324530175266e-05
4.714138769352802e-05
2.9470351497167473e-05
3.142184304559223e-06
0.0001091670831824829
2.4720729043406493e-05
0.01232241235757333
7.544573130955411e-05
0.9984212831464848
7.992375925004061e-06
0.0002676299848353673
6.982166763541727e-05
9.528547216902687e-05
0.9984299865882306
3.78524290170765e-05
9.811127294555358e-05
0.9984369833309484
7.277235385076247e-05
0.9984096251372087
6.511049891974966e-05
1.398929585589005e-05
0.018856414208026598
9.710321073764436e-05
7.428279301341128e-05
2.5917468735076208e-05
0.00011060985256775386
0.9984241514538893
4.612004712508521e-05
0.00010486729832379637
0.00015297115409013305
7.003934727136513e-05
0.9984233901317463
0.00020627405870492235
0.9984090574623325
5.1903445483090244e-05
5.1802228254308544e-05
0.9984307430386024
1.3767262844509582e-05
1.1781635405562755e-05
0.9984621154597808
0.9984343241299417
8.011690030698992e-06
1.0319646645316785e-05
4.1604903164400706e-05
9.975050577392819e-05
4.7179509483470954e-07
3.618099736260243e-05
1.006450062834661e-05
0.00023556018758265912
0.9984147343698697
0.9984488243856569
0.0001033861195460185
0.9984140298636199
0.00013759293818330358
7.544276968588333e-05
1.1228563012557816e-05
5.873101419344199e-05
2.308571258816354e-05
0.9984500028701221
2.4756381937415418e-06
1.0393394481639588e-05
3.81951962200164e-05
0.9984233397510375
1.4778125955039247e-05
6.855515821866324e-05
0.9984154355698369
5.2654808258656626e-05
2.103938548571615e-05
0.9984283214494514
0.9984428830809757
1.5542781106968692e-05
0.9984373678634451
4.890652801651366e-05
5.345054108185508e-05
2.759748446768306e-05
4.451298191596585e-05
2.1123541905842866e-05
2.839872295564789e-05
8.466634262126503e-06
4.8950633559696246e-05
2.000904483907777e-05
0.9984437495227664
0.9984404315350335
1.6110559556893425e-05
8.27770229538112e-05
5.534655447045445e-05
2.269235397856313e-05
3.3734975452888546e-06
2.4546307348108296e-05
6.628196930491182e-05
8.450269073847758e-05
3.476972454005334e-05
3.38385447235947e-06
8.6373001538061e-06
1.377116988377052e-06
7.930748456484674e-05
0.00010609689486850911
0.9984405955699911
8.119828259009442e-05
0.9984348957973996
0.00017001238630809276
6.641064333601193e-05
0.9984512113065962
0.00020327876701443253
7.4262753807322875e-06
0.9984193845793248
0.00015983750056349413
0.9984259708992773
1.4258775854307112e-05
0.998458979977329
9.416098809836186e-06
6.648764110808553e-06
1.6356130116026762e-05
0.9984250745495165
2.4515572107092266e-06
2.5880351916856946e-05
3.1139976016543764e-05
7.119861465052174e-05
2.3479292293081747e-05
0.0001304414624820604
3.065276934919368e-06
0.9983974916063616
0.00013118483766765625
1.034448489321821e-05
1.1693614347295681e-05
2.917993989893721e-06
1.8390249035643201e-06
0.9984348344383079
0.00024027592832977202
0.9984346872300401
4.379220916034723e-05
0.9984421029366128
0.9984238990328401
2.9367154426022468e-05
0.9984366559239535
6.66571578751028e-06
0.0001734823014716532
1.0687339614785636e-05
0.9984318463059528
1.049038186723087e-05
1.5915897836853193e-05
0.0001358254221337795
1.4753692568743652e-06
8.365443298463382e-05
1.4067647481205102e-05
5.4754221644944746e-05
8.050615771782452e-05
0.0001712688793880763
0.9984322039289322
1.635870137753045e-05
0.9984245935853264
1.940010090785346e-05
0.9984420139267579
6.014617504438656e-05
2.6301303526288177e-05
0.00021435363924315662
0.9984116372247652
0.00014661037020598643
0.9984661270760071
4.895155953088136e-05
0.9984467792152762
0.00016731757565540545
0.998442549745711
0.9984322334947648
4.935980113081189e-05
4.656711699184476e-06
0.9984290705425752
3.315524689665661e-05
3.0543384226659445e-06
4.7207919382470915e-05
0.9984511158606194
1.1265014817804217e-05
0.9984374885894185
0.99842761305918
9.802917783839332e-05
0.9984199140673551
2.679145748626814e-05
0.9984346159351333
2.7212129367361633e-06
0.9984311023796046
