0.9997334558330899
0.9997287351451768
0.999729836207289
0.9997363663811055
0.9997353590558465
0.9997361568287926
0.9997348886337515
0.9997322049774005
0.9997402981782475
0.999735082876742
0.9997410331624096
1.4018768571482223e-05
0.9997375799623469
0.9997377720259374
0.9997384537476416
0.9997320170243926
8.65621747183588e-06
1.3537506762374337e-05
0.9997374584508012
0.9997330790686058
1.0543247860071421e-06
0.9997361049915603
0.9997332092510843
0.9997340876688828
0.9997333574417074
5.402471758728323e-05
0.9997367216790809
0.9997337214243253
3.6023402751655665e-05
0.9997326889402115
0.9997343750983004
0.9997373145097908
0.9997372802114313
0.9997342505425675
0.9997372308623713
0.9997326008612243
0.9997376869005801
0.9997385760868299
0.9997314406560743
0.9997309814351747
0.9997284006599321
0.9997333335856295
1.0923424971621441e-05
8.560992718039027e-05
0.9997361940124424
1.3733319030666006e-05
0.9997343121697672
0.9997298988619363
0.9997310345376563
0.9997378376061511
0.999734840289099
0.9997327201285559
0.9997364759201428
0.9997378265132136
0.999730449924866
6.383120629071334e-06
0.9997353606345679
0.9997326182794691
0.9997372437717148
0.999738435864906
0.9997322808754584
0.9997334535883663
0.9997355106553402
0.9997349318103461
4.56729300646534e-05
0.9997304541075647
0.9997373429915495
2.5022644162370407e-06
0.9997326834919626
0.9997317959494184
0.9997304900816208
7.534172424084928e-05
0.9997317702464595
0.9997381694671629
0.9997359937320099
0.9997342824795942
0.9997323403681206
0.9997339544374552
0.999735057267503
3.949460450215262e-05
0.9997340297796995
0.99973093261428
0.9997319238626203
0.9997315744095088
0.9997356021886314
0.999731837647962
5.278249536550961e-05
2.3905650583973445e-05
0.9997284387568032
0.9997332288595938
0.9997368888684532
0.9997350058082172
0.9997381152306666
0.9997318719832741
0.9997332866601613
0.9997361823626184
0.9997332491250197
0.9997307965516158
0.9997364189453254
0.9997400733827204
2.3502750827076168e-05
0.9997346634639804
0.9997339596252133
0.9997302980197136
0.9997309421649608
0.9997325661242054
0.9997362022498212
0.0001364839332654319
0.9997339914222267
0.999733633982317
0.9997374746342034
0.9997357115352844
0.9997370770557003
6.551607992172656e-14
0.9997373600508824
0.9997315212738664
0.9997303169686548
9.002008328040961e-08
0.99973381228663
0.9997342647440219
0.9997288113512752
0.007656096928719138
0.9997315848492258
0.999729273282115
0.9997364199719565
0.9997338416912241
0.9997319694481164
2.4344368315589497e-06
0.999735753551524
0.9997339919945065
0.9997325017866139
0.9997435285040219
0.9997364776384053
0.9997302361012257
0.9997339525650867
0.9997329980343462
0.9997341355017767
1.4714379640753006e-05
0.9997287292708014
0.9997334725756316
0.9997314584964373
0.9997292598183067
0.9997307155069033
0.9997357945153853
0.9997345488149774
7.845664321723126e-07
0.9997367091931215
0.9997303517381533
0.9997304932062853
0.9997333931464673
0.9997404270171305
0.9997361721492485
0.9997322923206186
0.9997360658499858
1.2273893775096233e-05
0.9997342196073504
0.9997342956207914
0.999729230628244
0.9997283704277972
0.9997351951407303
0.9997375515237596
0.999732061484938
0.9997312805471502
0.9997356164165917
0.9997336964934054
0.9997252609480262
0.9997355860410586
0.9997355694962924
0.9997322764113414
0.9997372850709234
0.9997346472498431
2.8615885364307296e-05
0.9997304597209722
0.9997357868461608
0.9997363962778628
3.9250131249152394e-05
0.9997302448850162
0.9997285778978495
3.805213949939385e-05
0.9997367501265385
0.999735913256392
0.999736686912085
0.9997385738544675
0.9997402756406204
0.9997355047265482
5.273006384453037e-06
0.999735685324816
9.968654745809681e-05
0.9997345634428727
0.9997330013511008
0.9997334183681331
0.9997309903651649
0.9997340062897931
0.9997359944697675
0.9997339256565219
0.0
0.9997275726687286
0.9997284044125768
0.9997330043146728
0.9997341200752912
0.9997313347543473
0.00012952113800678288
2.382041096603349e-05
0.9997357892811739
0.9997329276113077
0.9997370477747036
0.9997363332242866
0.9997329884669421
0.00011176257545116802
0.9997336006353816
1.721091953526359e-05
3.491108360337591e-05
0.9997337808201815
0.9997382825098676
0.999738297399248
0.9997356060260262
0.9997369622499449
0.9997357559401492
0.9997344534623087
0.9997317805518564
0.999735697080202
0.9997383636036267
0.9997331132882616
1.1194985417538817e-06
0.9997336790298236
0.9997342629938363
0.9997376950474735
0.9997343819707123
0.9997307399170192
0.9997330443873834
0.9997340406141055
0.9997280234685203
0.9997328586238997
0.9997324625921423
0.9997303495112427
0.9997313461305778
0.999733338354319
5.9730563398528975e-06
0.9997299308509622
0.9997370307806513
0.9997316480409042
0.9997348153034121
0.9997289938332117
0.00011620675921939717
0.0
0.9997360173598264
0.9997369848019646
0.9997340530931136
0.9997364163956339
0.9997320996503233
0.9997366663100021
0.9997329140566897
0.9997343370603305
0.9997382767822984
1.591386032557732e-05
0.9997318230269919
0.9997293533046272
0.9997307026007903
0.9997349057516028
0.9997350659571657
0.9997320477438485
0.9997339513062995
0.9997308635752861
9.910182601271636e-06
0.9997343931868831
0.9997330142004898
0.9997284608726587
0.9997315408385368
0.0001114527920206944
0.9997336184296224
0.00017142467699960456
0.9997346685620525
3.967522816479557e-12
0.9997350342819374
0.9997351063633217
1.27963693679713e-05
0.999737756731612
0.9997302217583082
0.9997354856207687
1.8540799448187014e-05
0.9997351754654598
0.9997362494007751
0.9997342651324462
0.999735121403761
0.99973558866467
0.9997339505244739
0.9997408879369657
0.9997331777000427
0.999726231851475
0.9997340141025078
0.9997346732320221
0.9997370840777965
0.9997374848943702
0.9997307930698447
0.9997322038101639
0.9997368964868315
0.9997289281051808
0.9997324434335555
0.9997349882014939
0.9997313086488809
0.9997340902011308
0.9997330797068822
0.9997359499345464
0.9997357086220232
0.999729186515362
0.0
0.9997359353193955
0.9997355671283865
0.9997369624342957
8.285164046921163e-05
0.9997316743812459
0.9997346112388829
0.999734778884203
5.7720661272162004e-05
0.9997400220510054
0.999736093113256
0.9997373918254511
0.9997377646834404
0.9997371993049223
0.9997357751692616
0.00015249756002622638
0.999731183330508
0.9997312828426057
0.9997362240616059
0.9997367485730674
0.9997303844688088
0.9997308678296446
0.9997365580529958
0.9997376016331373
0.9997337779449117
0.9997358421379215
0.9997337548356771
0.9997371138280149
1.994156861552663e-06
0.9997350150199386
0.9997384628258243
0.9997323067164426
0.9997368695849224
0.9997288272233071
0.999735683652658
0.9997352925258146
0.9997357756502077
0.9997362803953587
0.9997323072494672
3.0499202589316403e-05
0.00019250777395761302
0.9997318838922464
0.9997299984125492
0.9997313855941748
3.925194232857108e-06
0.9997345905376741
0.9997371001255897
0.9997359621063314
0.9997305115278082
4.271612008400866e-05
0.9997314660460469
0.9997298391459782
0.9997332632768301
0.9997319553165833
1.423980227597439e-11
0.9997398622107212
0.9997303246238997
0.9997371775489611
0.9997309600125485
0.9997347884209314
0.9997306392326256
0.9997341480234154
2.2484472213783e-05
0.9997383647202446
0.9997369430414652
0.9997383978134027
0.9997315892046174
0.9997331822517558
0.9997310285097016
0.9997358595781844
0.9997377085792427
0.999735006986105
0.999737064989846
0.9997330325690498
0.9997334112746444
0.999734832651677
0.9997339862677967
0.9997340577356283
0.9997325008187102
0.9997347411459717
0.9997390794586207
0.0
0.9997337870847203
0.999732171262162
0.006844610518841768
0.9997299214686972
0.9997396990627654
0.9997362925625991
0.9997281503902254
0.9997316482747614
0.9997303129217675
0.9997366006364181
0.9997284531137155
0.9997398212520573
0.9997290580513433
0.9997342834438517
0.9997392187075329
0.999739099735243
0.9997296332848542
0.9997341410295009
1.0522744873527413e-05
0.9997356213006874
6.776274319921558e-12
0.9997364558576591
0.9997336562068353
0.9997386600842512
0.9997281569402385
4.350870108955836e-05
0.999733310660964
0.9997331604518039
0.9997369264072006
0.9997343101359207
0.9997305362279977
0.9997335539514258
0.0
0.9997339489837035
0.9997402571773022
0.0
0.999733319434871
0.9997360049869856
0.9997333143355989
0.9997358269320685
0.9997316332450268
0.00013337856652736858
0.9997343825641122
0.9997352484373754
0.9997352231301153
0.9997343118949145
1.358927592538664e-05
0.9997340738065422
0.9997335112206918
0.9997353214265393
0.9997410564111859
0.9997320124703424
0.9997251402399318
0.9997334187084456
0.9997338889640058
0.9997337249921816
0.9997361697605711
0.9997338027322039
0.9997341902627171
0.9997381981447102
0.9997318267017956
0.9997315336711455
2.7258991856788727e-06
0.00016879745127418804
0.999729496392195
0.9997275268165561
0.999731417079239
0.9997325255152987
0.9997309238538323
0.9997377903247798
0.999734842648102
0.999734297009225
1.792732508710381e-05
0.9997332575737663
0.9997336803313468
0.9997358944207657
0.9997397180284351
0.00012889522922039545
0.9997366883482323
0.0
0.9997319340311119
0.9997379168915065
0.9997349626011527
0.999732652637549
0.9997321185764093
0.9997346770176554
0.9997343683685471
0.9997314468730647
0.9997330679496181
0.9997322018815821
0.9997340631164687
0.9997387725855839
0.9997319397620623
0.9997293459119164
0.9997301541264788
0.9997348921172539
0.999730042387735
0.9997339827623525
0.999734551227307
0.9997361042474404
0.9997355025746004
0.9997343505571195
0.9997318813836169
0.9997401225705745
0.9997353915557806
0.9997376664314476
0.9997369266615664
0.999733085037829
9.748484075738025e-05
0.9997329953016048
0.9997360906847373
0.9997339735490006
0.9997321511738119
2.2118040592103526e-12
0.9997349520691685
0.9997301562301488
0.999730048070322
0.9997333241409246
0.9997363729934312
0.9997338188084913
0.9997379083121246
0.9997342531282777
0.9997352586760285
0.9997311674439734
0.9997363847883332
0.9997323279898322
0.9997349377251226
0.9997298766782952
0.9997326142083703
0.9997293448866439
0.9997362084685637
9.316560024904514e-05
0.9997345139598477
0.9997352040554902
0.9997386040838829
4.8535579339145865e-05
0.9997354987137559
0.9997287037777031
0.030659666332341722
0.0
0.9997320543375805
5.1337816597053174e-05
0.999737261774476
1.8623195153500027e-05
0.9997326408318803
0.9997335400607925
0.99973335429127
0.9997364799008318
0.9997317071858223
0.9997336869145651
0.9997367180948799
0.9997334528722192
0.9997313120843853
0.99972834491604
0.9997315326441739
0.9997321612224351
0.00013472386748841582
2.8444496490194386e-05
0.9997394042582486
0.9997331129140905
0.9997285933527168
8.109419453763005e-06
0.9997327638352159
1.7975913206379622e-05
0.9997362706708911
0.9997336852719815
0.9997319759217653
0.9997354104438145
0.9997339013173511
0.9997299914339868
0.9997347884162121
0.999734244479771
0.9997301175937626
0.9997337894643091
5.196750118805761e-12
0.9997376540204826
9.397761652194032e-05
0.9997330410641524
0.9997317625812889
0.9997315546295503
0.9997311850426895
3.871599873997541e-05
0.999736111526262
0.999735108575816
1.0247008225428258e-05
0.9997329423035235
0.9997330150818385
0.9997313652455071
0.9997361930294955
0.999736018896896
1.8325840606796232e-05
0.999733162917583
0.9997354812094801
0.9997336824338912
1.7968923837232049e-06
0.9997386618458255
0.9997330699333026
0.9997310107680477
0.9997424429571774
0.9997357004152572
0.9997339030333623
0.999731872360367
0.9997365146832684
0.9997350549561275
0.999735146315859
0.999733411791621
0.9997338864110302
0.9997326010132617
0.9997339820602797
0.9997351903816537
0.9997395852058716
7.737810811237496e-06
0.9997343021850689
0.9997352427591463
0.9997284136537407
9.135832359346678e-06
5.339566670113899e-06
0.9997294838351682
0.9997291347779013
0.999733758612974
0.9997328221875958
0.9997331762399456
0.9997319895147332
0.9997391643542294
0.00022364141857113135
0.9997333849899032
0.999736156574054
0.9997304377839136
0.9997326669082985
0.9997341806511346
0.9997335887115358
0.9997360368559536
0.9997290090345068
0.9997314920565281
0.9997389958426786
0.9997331028938055
0.9997302499543158
0.999735559620347
0.999734519115614
0.9997400816198638
0.9997382897724576
0.999736034882246
0.9997373111922127
9.658058361713731e-05
0.9997318563290537
0.9997348610455383
0.999737809120776
0.9997382406187866
0.9997297762116722
0.9997346203149063
0.9997364754533102
0.9997289341718509
0.999730479985998
0.9997360436930066
0.9997376497882475
0.9997373383137574
0.9997335303883828
5.629508475966895e-05
0.9997407436903945
4.3098349480032715e-05
0.015636634986902914
0.9997328586882306
0.9997338117710682
0.9997343645596816
0.9997297843755033
0.9997336208064698
0.0001771052161761017
0.9997364716594237
0.9997287297972055
0.9997345367117455
0.9997345156908464
0.9997375940916876
0.04319000014628382
0.9997311261853282
0.9997410902901904
0.9997315928261219
0.999736246990327
5.562828073079665e-13
0.9997312737148988
0.9997338813013934
1.3453800222581146e-05
0.9997303101174039
0.9997298099329557
0.9997283513611054
0.9997325575388879
0.9997339166891193
0.9997348086792237
0.9997370298231212
0.999733072443734
