0.00010093943966162664
4.946087308728568e-05
0.00018434813184383547
2.319979352798774e-06
0.000199176132979353
1.3941522803989027e-05
1.9526557616537328e-05
4.18103539379479e-06
3.7358720843285484e-05
0.0002357170520167777
2.094264124912773e-05
1.2020234931329722e-05
1.2490700581469054e-05
0.0001461368776489682
0.00013159364943795084
8.933416434174428e-05
9.937970170707028e-05
9.588126997614143e-06
7.066708969896694e-06
2.6002446356460663e-05
0.00026161723657255794
3.2420570110812256e-05
2.3855061837342722e-05
2.1256441838586834e-05
0.0001288501332023544
2.6030061131634842e-05
6.960873165031975e-06
7.0250614646494564e-06
8.061651511244681e-05
2.338942975438471e-05
0.00012446810305450238
3.2069939413962893e-05
0.00011006606980217133
3.486821588172937e-05
0.0002181253111897157
2.7549428265739722e-05
2.1382871800500097e-05
2.870204578698789e-05
0.00010545319610774131
3.305273042880478e-05
4.408722939229094e-05
0.00010492884572090498
3.202928609768754e-05
2.267913596330419e-06
4.748153615230833e-05
9.155729495674514e-05
1.1084265018844127e-05
0.0001181862185198112
1.7857464399903277e-05
0.00025866589655808856
2.0009496446228684e-05
8.885153950808601e-05
9.044639725570574e-06
5.1580282742832185e-06
0.0003212483701043383
1.3126547765764706e-05
2.5556392486608867e-05
4.561586503558067e-05
0.00011038514507411839
4.122883832686652e-05
2.0131966766775535e-05
2.427957602839442e-05
5.224319478639536e-05
8.658456076879446e-05
1.9390824331306044e-05
7.20182923860872e-06
4.8369827940662424e-05
1.3156431211712532e-05
1.2343710152522691e-05
1.9718207982441837e-06
7.533497778901638e-06
8.841709358870594e-05
0.0001590015112888893
2.3005120811899547e-06
0.0001285992635051127
8.105079247467944e-05
2.233859787925006e-06
5.0175645584953016e-05
2.5872823549811316e-05
6.321956901387446e-05
3.881690620980466e-05
1.2140524811562947e-05
6.97335576833569e-05
4.93423510337855e-05
4.477331917464845e-05
3.6778316482775675e-05
2.6068874187077095e-05
8.311392134247114e-05
0.00017458014677669082
9.831979546102248e-05
1.2400470146186096e-06
2.7768370422660592e-05
2.1726065506152536e-05
7.12859667498328e-06
9.034656423934563e-05
0.00011971580741785975
4.981650610454765e-05
7.614703998508533e-06
0.000383315767628032
9.246040200182138e-05
0.00018057462464999503
0.00015845049764400936
7.982127990748965e-06
5.860760819588897e-05
2.5064759235001948e-05
0.0002622503826413838
3.087792272511953e-05
4.816731707108562e-05
4.465116178617521e-05
0.00014376647444728396
4.057644326254455e-05
2.370042997907114e-06
6.596964250541929e-05
1.3546830764581592e-06
9.054050015056338e-06
5.146684335470198e-05
3.2588840587077416e-05
5.008640297135017e-05
8.881630254342636e-05
5.277166073666688e-05
1.4022204141642947e-05
9.842411837900105e-05
7.66110636541742e-05
2.2210568370156704e-05
9.562871868142386e-06
2.7969438841690677e-05
9.921864761624012e-06
4.786557851526712e-05
3.202685701887581e-05
6.722799870306529e-05
1.708638148838123e-05
5.3320638982672646e-05
4.035383885324697e-05
0.000123790046789893
4.717700852616531e-05
2.8353928704716114e-05
6.031946690319633e-05
1.697197773400469e-05
5.7323328019183294e-05
6.063266487821712e-06
4.4846314614519e-05
7.2895613959764455e-06
2.390055172181818e-05
2.066844407735176e-05
5.0694448173073705e-05
7.326182503689853e-06
8.087341678197476e-05
3.2272075982705606e-05
1.60001171595507e-05
7.616764464131666e-05
5.914289691775948e-05
5.3416340758232515e-05
4.477677686603373e-06
9.589740903683907e-05
4.439538268299116e-05
5.1949478247489916e-05
2.433214910773308e-05
8.229930361244414e-05
0.0001241873157773076
0.00011340424971827424
1.1787151179329518e-05
3.553819152179754e-05
4.196240528379591e-05
6.524220180334674e-06
2.081766136757485e-05
3.593505858447425e-05
9.109868482853585e-05
0.00011472602729938117
3.164170267597448e-05
6.62349242360579e-05
1.3534011706230623e-05
0.0001943844011131386
5.9410609382045735e-05
7.666580618901154e-05
1.9948833568664868e-05
0.00019026622579525977
0.00013266363379118039
0.00021062178821004484
3.4439538922187895e-06
0.00020796866626745744
3.1975105497501505e-06
0.00010570031840516995
2.111819998722961e-05
8.236542130741529e-06
2.157449179776715e-05
0.00014277449541575996
0.00010320433805344888
0.00011409955771375794
5.981403565592247e-05
4.5838846257041165e-05
3.1031222713416565e-05
0.00010373329445733616
0.00012822463762439263
7.873851822196278e-05
0.00011019418079528268
0.00012781812163744857
5.0961780837802025e-05
8.682289925639496e-05
3.443257575850372e-05
4.037634509008421e-05
5.51401103005247e-05
4.065890338887033e-06
4.038284484184362e-05
4.628897993837201e-05
9.77497564395751e-07
0.00010535671865011644
2.1938592610327044e-05
0.00010172096717524626
2.2351238609099476e-05
4.0274485046094775e-05
8.737399670305595e-06
6.490827812531162e-05
1.7015334925782924e-05
9.968342527510669e-05
7.385021526631591e-05
7.075288501489981e-06
6.24221912030144e-05
3.5307492946306115e-05
1.3152377104753647e-05
4.340827263085525e-05
3.0680689441199055e-05
1.9472016182609434e-05
8.210066672197234e-06
2.4181818869051195e-05
1.353725147107006e-05
0.00015856384856475814
2.251911494314031e-06
6.0569220430074796e-05
2.1436758252153797e-05
5.047001436621643e-06
1.4522236175200234e-05
0.0001854941707145
2.3563000402712394e-05
3.6481435819568447e-06
6.324313416124719e-05
4.8813731857613305e-05
7.363872505332889e-06
7.239012612273467e-05
4.412092033543771e-05
0.00010768565692325173
8.654826509412032e-05
7.432325534902933e-05
8.73656310251393e-05
3.1104713594056965e-05
1.0988464665641273e-05
1.6849959499858479e-07
2.7216994827245506e-05
0.00022136408166814286
0.00024381540342122997
8.170209496520925e-05
4.921057707426445e-06
4.981122967731565e-05
9.354129423191645e-05
3.151266642628416e-05
2.5377092568616073e-05
1.5293987364910726e-05
6.059416531318711e-05
4.52516781252295e-06
1.445148142319802e-05
0.00011563471560333262
0.00016571368256695088
0.00012957020308942247
5.43321540387819e-05
5.043513176428084e-05
0.00014028464296518732
2.0235476004346008e-05
0.00011399388152588554
4.756118759667711e-05
0.00010894037955389332
0.00013080454039470667
3.0212880164986252e-05
2.2083893601867773e-05
5.97019436363829e-06
1.7507810201021518e-05
5.379216062873409e-05
1.13986581234804e-05
7.853144899012661e-05
0.000127550907244869
3.9928896846666845e-05
0.00015431216270003195
0.00011389292158200311
4.2192476655209627e-07
1.2117137039576563e-05
4.1601134272233086e-05
0.00021919654092868968
0.00017971283588881848
4.436690769937048e-05
0.00012329121911659733
0.0001199467485541006
0.00012878587821427186
0.00036201066977439666
8.234539184975974e-05
5.157014019118695e-05
2.700592282769229e-06
0.0001076319396831983
7.093578985059458e-05
0.00013032294423958744
2.3807375711896955e-05
1.8289993778185974e-05
6.437338898782616e-05
4.296383857611193e-05
5.154597033209453e-06
3.733084417550383e-05
6.878233152661125e-06
8.086782635992551e-05
6.819447597370379e-06
0.00010407088545812082
9.220398867839696e-05
1.665094587727587e-05
1.7831282498025365e-05
4.673279364639228e-06
3.942403526349174e-05
3.0289845326377355e-05
0.00010596039028904316
2.178343696090803e-05
8.390147103158434e-05
1.9795672480827513e-05
3.240438117404065e-05
8.05091599670086e-05
3.7693192420036054e-05
9.222253517722117e-05
7.228764591346762e-05
7.027501540839588e-06
7.3453323923849904e-06
2.7381595243363992e-05
1.9141522971195695e-05
0.00021586367670344705
7.201294505718404e-05
4.951719360491307e-06
0.00011454671399652808
6.558424290072847e-06
3.070944704315029e-05
6.931406908442946e-05
0.00017152904464513702
9.283484565679737e-05
8.994972536203048e-06
3.5442743214733894e-05
0.00011314779487243631
8.365722121482089e-05
0.0001289994360147014
1.8685005837193212e-06
5.04359781863542e-06
3.777004467954823e-06
1.4412267460501783e-05
0.00018163885072151924
2.5778931226561553e-05
6.958501687441463e-05
4.233453707129581e-05
0.00014521050786134212
9.844256151212113e-05
0.00020040029604962296
1.680295276915299e-05
9.643082836549314e-05
3.768157045544475e-05
4.029837319696524e-05
3.1223534526793795e-05
5.190660265924434e-05
0.00013597767566324675
4.4659383273475925e-05
3.187801510264463e-05
0.00012479671749211088
9.870091854741642e-05
6.41742517952147e-05
1.5920881845301005e-05
2.4040705475865275e-06
8.093066382772963e-05
0.00020372914824866152
3.189927637379106e-05
5.918713504078374e-05
9.980575621501507e-05
0.00013915407810590342
7.70200055696232e-05
1.9856808907560944e-05
7.536589308631154e-05
6.380382638481568e-05
8.551860126973283e-05
0.0001427856341761891
2.220892625553753e-06
0.00014615527525772492
4.873470736561167e-05
2.638000204210232e-05
3.5116284341885134e-05
5.561131826576839e-05
9.77718404766635e-05
3.822223175422e-05
3.571191218059263e-05
3.7981931254220074e-05
3.1017949339756707e-05
1.678359622128875e-05
1.2373948751777845e-06
5.077431907232584e-05
2.0484533328911893e-06
1.1740554247390836e-05
3.543662409160967e-05
1.4615065250408136e-06
3.8361803115013485e-05
3.580446403547189e-05
0.00012927157688039065
0.00010395811115621407
0.00019861606353318887
7.309877245436486e-05
9.249415856961473e-05
7.54376001826785e-05
3.1537034263587274e-05
0.00023975068382405034
7.53564984061644e-05
0.00013535148502237892
4.313258174723713e-05
1.2909051248090928e-05
6.392910507661813e-05
0.00017064277666258227
4.011740085617711e-05
6.88658327208093e-05
2.3329026120607592e-05
4.913447098510679e-05
7.947275359203468e-05
7.741672318172247e-05
1.1415156655946384e-05
6.538906839521377e-08
4.03029679617583e-05
3.5246421595718474e-05
0.00014447822914662956
4.728931406860629e-06
8.610800584480165e-05
7.010349175998338e-05
3.791518915078936e-05
6.111165292628523e-06
2.756709927064278e-05
2.1648605158032216e-05
3.255692003837057e-05
5.7762359590058556e-05
5.547570361037192e-05
2.7958542398476013e-05
9.982561464117564e-05
4.22292517685513e-05
0.00010312738927631033
8.909668161330967e-05
1.386209619634718e-05
1.9798187003327665e-05
2.3893237946062667e-05
0.0001271295905286445
0.00013162905633457434
1.4091211934761249e-05
0.00010563319012721625
4.4610662360758313e-08
2.031810766404564e-05
7.669452753408008e-05
1.5551208303347858e-05
4.47768304052348e-05
8.016597570293578e-05
1.4336287052471748e-05
1.694254651517033e-06
2.8150966377517325e-05
9.43145029386035e-06
4.5082571278384386e-05
7.01829213198206e-05
1.017705870366471e-05
2.7646011860011145e-05
3.0337196184459433e-05
2.8106057405768475e-06
2.9710600715186102e-05
0.0001665428685828442
5.937525754573419e-05
3.133386830935423e-05
6.033508944352555e-05
6.911437770699389e-05
0.00015599040116949425
1.5193755195236036e-06
0.00017301103111934342
0.00017902773837978289
1.8549864278826357e-06
8.621568060347075e-06
7.033933583756238e-05
0.0001568165349836257
2.0228220683985856e-05
4.782975002698635e-07
7.171871125113196e-05
3.0057533960629734e-05
5.674934253015363e-05
6.276840203908651e-06
1.0939344524464489e-05
1.5919460846425368e-06
7.349629445122338e-05
3.4922465329402156e-05
7.58393500994745e-05
2.912177400923778e-05
8.885083732138886e-07
3.6629250398414945e-05
1.352489506783194e-05
3.1155599240626605e-05
3.367060264076199e-05
2.7410585762952392e-06
5.123367328800991e-07
1.1466820403030626e-05
6.453929187405242e-05
7.883994685546673e-06
8.182680122643193e-05
1.1265365633206e-05
2.378420139213413e-05
0.0001527576515056448
7.370043799366484e-05
1.4358623976623267e-05
3.038472741207713e-05
1.1083341400459433e-06
3.45021043647402e-05
1.3201598662323503e-05
8.348370158868099e-05
7.299738481146216e-05
8.009414345186536e-06
6.841831762066463e-05
0.00012770116731922873
3.288948334758537e-05
0.0001463715781507598
4.001436179767731e-07
7.697899119286122e-05
1.5575995575759425e-05
1.5897367098518918e-05
5.213783257216174e-05
2.8089927671306697e-05
5.01292998073151e-05
3.5339446074921685e-05
0.0001366528792947497
1.8183368997367098e-05
0.00015794354184112835
1.1859340884165446e-05
4.032274871408075e-05
4.679248214212011e-05
1.6357253408431442e-05
7.536912210549511e-05
1.0922831520207294e-06
8.925811847568227e-05
1.4189160484599404e-05
2.714438276199613e-05
0.00015386826792268305
4.96956834893106e-07
0.00012938548106799084
3.2850455441665994e-05
8.712573763004998e-05
2.7346159598094342e-05
1.2015527432571699e-05
0.0001299155307130698
0.00014899255022303464
1.6936551969531613e-05
6.364269599671889e-05
4.7433891796478384e-05
9.136114039263764e-06
4.380707387814401e-05
3.230920587986178e-05
2.4456576405736578e-05
1.8066181081125388e-05
2.43944325619729e-05
1.3485772634668391e-05
9.863988482038814e-05
4.129501941306062e-05
6.547713066096563e-06
2.1673688678283347e-06
0.0001271541197575415
0.0002714663415537295
1.8845303145458917e-05
2.2441626330682113e-05
1.5242583737324875e-06
0.00011256259368295559
6.495097246309716e-05
4.494078200471828e-05
4.3443317705017314e-05
3.091473961806896e-05
0.0004198391471287453
4.160701756912952e-05
5.863964784488114e-05
0.00010408378850273629
7.251115153425005e-06
9.845221368230792e-06
1.0041961639912722e-05
3.836099697092745e-05
6.871398170217179e-05
5.063455012897853e-05
0.00011430173628100897
5.61778655347889e-06
0.00011929342036559997
8.35308818056857e-05
0.00023919394325609323
3.085981899005856e-05
9.044329362664514e-06
0.0001293350195181606
0.00017689232093630894
6.703279273119381e-06
8.682369937028558e-05
1.6516753295141016e-05
1.0697839067259398e-05
1.7556911718542326e-05
0.00012968848362552663
0.0001173078039220983
3.984311095145151e-05
2.3915710158764277e-05
6.45436341374267e-06
1.3000407901180918e-05
3.643278353876956e-05
8.125706640000379e-05
3.432204856305705e-05
2.4175884103859836e-05
6.371483870719813e-06
3.4472197244526842e-06
1.130878211526626e-06
1.1261439716919325e-05
7.735424295722424e-05
4.065671061961828e-06
0.000167202143208878
0.0001017166292610454
0.00010005159310795252
7.832126872219354e-05
3.332891758632641e-05
0.0004253780060839543
0.00011970464083514758
5.021159845364024e-06
0.00010565252719736539
9.860526911608466e-05
0.00025271466330466653
1.061706783567917e-06
8.672424000279032e-05
7.160833482070505e-05
4.500583284107242e-05
0.0001268558081188038
2.0970000827838477e-05
0.00027409605973870567
7.780090846087436e-05
3.8787720565106084e-05
2.4102911438490457e-05
1.6484358643617737e-05
7.539548997145206e-07
2.3186456920894287e-05
0.0001394605447700091
1.2380169105945169e-05
1.3805277316673576e-05
3.4540953814356014e-05
4.2768893649750304e-05
2.0856481048466484e-05
3.1559489866545453e-06
6.75952994571981e-06
2.3691835603155233e-05
3.0517963739706175e-05
4.635469933301674e-05
9.396473524162801e-05
4.665721665046113e-05
1.149078325574137e-05
5.7105795357813616e-05
0.00026166065706253924
9.637794305990513e-05
6.857412359833266e-05
6.783967959406885e-06
2.0390250871839385e-05
0.00010874128501475988
6.465932555869016e-05
6.75125799970521e-05
6.973237319972788e-06
5.992966690930119e-05
6.423119598845608e-05
9.325721918200504e-05
2.4729830179744295e-05
4.0589802122916625e-05
0.00010635133000123383
0.00014236172990814424
2.333137230435396e-05
9.784064977033564e-05
0.00040857373267679545
8.563089437507653e-06
5.159433531763621e-05
2.8168777273909558e-05
3.352326122549044e-05
1.2911587036948251e-05
0.00020397989434224676
5.3184342442048585e-05
5.9712681023949345e-05
3.153677397408806e-05
6.689266664585725e-05
1.129796953882632e-05
1.5327275962623796e-05
9.393955935305597e-06
0.00011886209996767275
7.306294970419976e-05
1.7882559943342282e-05
5.4444502662659356e-05
3.91013290790195e-06
2.5079892149587574e-06
3.355230120222263e-05
8.837010458674109e-06
1.0211613399498571e-05
8.430781157086019e-05
6.622300677376248e-06
8.595757742498035e-05
1.859880549594066e-05
5.0884244117839254e-05
5.783484907083273e-06
5.26753010440576e-06
4.211794064598987e-05
2.885085436596915e-05
4.6027047574727135e-05
1.094186240153681e-05
0.00013605590773953138
8.849088336746975e-05
0.00010807185432670468
2.4686643830682368e-05
0.0002609478262050705
6.528105521651861e-07
1.5159505274278618e-05
4.153576477035113e-06
2.0525623492885794e-05
0.00012707568194010715
4.484562163921342e-05
4.35544206169526e-06
5.403810597812195e-05
3.874197188870446e-05
6.375505328952444e-06
2.2144586666213364e-05
0.0001481989436918947
2.4617459934797616e-05
6.187088600825781e-07
7.332461852106629e-05
2.125325785689533e-05
9.647840061626975e-05
2.447202888991073e-05
0.0002688063033042937
2.8715147723547565e-05
0.00011877340173725483
4.837859028888635e-05
6.834201153341629e-05
5.942842311180838e-05
5.572039050315351e-05
0.0001605650864540078
5.144246558031349e-06
1.7033224568897963e-05
2.222328059628707e-05
1.1397266058615448e-05
6.283499402063883e-06
9.53821016940842e-06
6.580586870965731e-05
0.00012103789875030695
0.00012054724324881792
1.360955488296179e-05
