0.9999973185259686
1.5953130066369494e-05
0.9999972686441781
1.6112215039816395e-05
1.6761452172329592e-05
0.999997533108404
0.9999972940570685
0.9999972481661559
0.9999974587839318
0.999997320484268
0.9999972182915489
0.9999972987290727
0.9999973904273298
0.9999973284942419
0.9999973635436463
0.9999974366006349
0.9999973692716748
0.9999973470920769
0.9999972825388684
0.9999974201209437
0.2504720816080385
0.999997321002074
0.9999974875355362
8.605372622040367e-07
1.2000851859612408e-05
0.9999973235547157
0.9999972973883716
0.9999974136200774
0.9999973896883881
0.999997269531486
1.1262620754102306e-05
0.9999973362133565
0.9999972590636325
8.831616864056223e-06
0.9999972932650552
0.9999973288856243
0.9999972469207433
0.9999972669238586
0.9999972749844558
0.9999972528147945
0.9999973701938932
0.9999972892627096
9.99030231254172e-06
0.9999973075164481
0.9999973328302431
0.999997296150559
2.2977354065195288e-05
0.9999973348426664
0.9999974093268432
3.6972605097892314e-06
0.9999973088363832
0.9999973500008889
0.9999973731586209
0.9999973404474874
0.9999971963500587
0.9999973931607682
0.9999973004173522
2.4900068801315464e-05
1.6680607543150113e-05
0.9999974386932458
0.9999973178643847
0.007438192876722744
0.9999972368720953
0.2500066662431526
4.6174415824900326e-05
5.187855293377897e-05
3.391821174835546e-05
0.9999972576461146
0.9999974106625895
0.9999974990570122
3.504197794207745e-06
0.9999974921510029
0.9999973611380494
0.9999974106075535
0.999997358635117
0.9999973220530846
0.999997404016104
0.9999971643077953
0.9999972630333931
0.9999974187657595
9.226645548458852e-06
0.9999972994530548
0.03032127607092857
0.9999973628043101
0.999997419012393
0.9999974191311177
0.9999972954731647
4.8194638165737685e-06
0.9999972296636319
2.247852891994632e-06
0.999997284119489
0.00281794516021376
0.999997480213381
0.9999973666716285
0.9999974143172635
0.9999973898461111
0.9999973985486804
0.9999972405064094
1.524981046380631e-05
0.9999974512827188
5.661777515441631e-06
0.9999972986440702
1.8530269878293582e-06
1.969991061889866e-05
0.9999973504432342
0.9999973767863423
7.431490047723478e-05
0.9999972903486186
0.9999973671841224
0.9999974406881026
0.9999973546719019
0.00011874753858509802
1.937969787542282e-05
0.999997342036949
0.9999974208546397
0.9999974272410997
2.120472881393168e-16
0.9999973617668151
0.9999972525043621
0.9999972218124444
0.006526000570515079
0.9999974512543803
1.4167172977684888e-05
0.9999972726297215
0.9999973392345047
3.6717935574521196e-05
1.1495845881127164e-05
0.9999973147351243
6.343517236552521e-06
0.9999973336632698
0.9999973094653182
0.9999972544910978
0.9999972503513735
0.9999973739576894
5.208914841547565e-06
5.236543838696759e-06
0.9999974098763184
0.9999973458097643
1.4800017692215542e-05
0.9999972913189562
0.0021035604916191794
0.999997242898815
0.9999973478640621
1.169537145809142e-05
1.4845354990925447e-05
0.999997436190568
0.9999973913788883
0.9999972012543152
6.440511093893604e-06
4.866460005751267e-14
0.9999972643697508
4.041025761866537e-06
0.9999973066574154
4.3670365802632926e-06
2.082362554803596e-05
0.9999971041388838
2.6079741454708773e-05
5.891514510698165e-06
0.9999972731928352
0.9999972691901726
4.853145854993835e-05
0.0060892841700912565
0.999997089640199
0.9999973040957522
0.9999972946514905
0.9999973309478781
0.99999732377909
0.9999972660813979
5.17891124350239e-06
0.9999974241199819
0.9999973395402229
0.999997179525402
0.9999972576495476
0.11312357687743431
0.999997222611611
1.1575500342030477e-05
3.245728328818385e-05
0.9999972085845708
0.9999972704517087
0.9999974488420689
0.9999974604652699
0.9999974056794374
0.9999973192257251
0.999997308372407
0.9999973476012534
0.9999972898651767
0.004569262380060449
0.9999974139021428
0.9999972172154699
0.9999972873726153
0.9999973816060046
0.0015005619202568142
0.9999974000995119
0.999997436844207
0.9999974765041575
0.9999971613007637
0.9999974088142664
0.15261326240068412
4.0370181411468375e-05
8.770918126170616e-06
0.9999973770665533
0.004483031556418188
0.08846404918417998
6.5438856360211895e-06
2.522867096346132e-05
0.9999973332038739
8.48725014611338e-05
0.9999973441363336
0.07212642160513602
0.9999973573485981
0.008234017104149685
0.999997377716521
0.00010507177166054683
0.999997442575433
0.9999974164918835
7.419768649238027e-05
0.9999973037501901
0.9999974163294878
3.883039818482821e-05
0.999997287041597
0.9999973923079617
0.9999973550375799
3.125435111351186e-05
0.9999972357287399
0.9999973700468997
0.1555449371634554
0.9999974034859581
0.9999973397329158
3.286474470247363e-06
3.7042342812341626e-05
0.9999972406169391
0.9999973735841873
2.1527210798638296e-05
2.485391356500009e-05
1.2888039226655574e-05
0.9999973225601411
0.00800995354324073
4.459839565238767e-05
0.9999973031634658
5.4252544641901886e-05
0.9999974344233666
4.9284243585127266e-06
0.9999973689892115
0.9999973553835148
0.9999972640524932
0.9999975108813282
0.9999973607361309
0.9999972479622511
1.624768446640783e-05
0.9999973293049401
0.9999975413146751
0.9999974323139382
2.1183259738211025e-05
1.2868689050414969e-06
0.9999973682849392
1.4449382508717419e-05
0.9999973280319393
2.118901654698089e-06
0.999997374806373
2.7017876820030156e-05
0.9999974648346082
0.9999971856209515
3.6725171489114746e-07
0.9999972524155422
0.999997483045535
0.0049793751534895495
0.9999973517681418
0.9999973821005279
0.9999974016300154
0.9999974828902441
0.9999974491199612
0.9999973589917317
2.7092583741652778e-05
1.4410988301331341e-05
1.8394873133681893e-06
0.9999972404870138
0.9999973480738047
1.8437443643027727e-05
0.9999972622933812
0.9999974616444401
0.9999972774332354
0.9999973502928676
4.175673198426929e-06
0.9999973644480927
0.9999972477602054
0.9999973006530003
0.9999971981946824
0.9999971666965412
0.9999973669625845
0.9999972591334338
0.03102487695739712
0.999997388594478
0.9999971693228581
0.9999972449218086
0.9999971705699103
0.9999974389395272
0.9999973028279433
0.9999973838856916
0.9999974369838429
6.321909301821715e-06
3.764229396866845e-06
0.9999974194242871
0.9999973717875441
1.419898592211018e-05
0.0013909617665668192
0.9999971428328782
1.480352805723559e-06
0.999997335833397
0.9999974357593764
5.646830101426599e-06
0.9999973709166127
0.9999973197126902
4.8101110302463065e-05
1.0531776056162986e-05
0.9999972235466219
0.01344975179040943
0.999997340329081
7.530934167438905e-07
0.9999973277075982
0.9999974539613786
0.9999973458263319
0.9999972649948035
2.8368785601401027e-05
1.0136177256897487e-05
4.5197023763431585e-05
0.11328688658218358
0.9999974311506561
0.05355855782282961
0.058143805032396634
0.9999973826567075
0.9999972693425515
0.9999972733652785
0.99999731182008
0.9999973907754118
0.9999974920048507
0.9999973027988978
4.036615091894513e-06
5.604403631891707e-06
1.87295710571468e-05
0.999997442737864
0.9999974293270518
0.9999973474467256
3.2501335502150393e-05
7.890415385270794e-06
0.9999974774194681
0.9999974373312213
0.0019788566027410686
0.999997387373208
0.9999972034299544
6.03386606946336e-06
9.396650869866056e-06
3.720566802169079e-05
0.9999973174833272
0.9999973103131221
0.03024262192081646
0.999997362165389
1.2285060150841817e-05
3.2143049203350654e-06
0.999997395352532
0.9999972292785017
3.923090005593022e-05
6.169982569805808e-06
0.9999974086491058
0.9999972757853145
0.9999974268766173
0.9999972369895446
0.9999971614298837
0.250158046469741
0.9999974197582584
0.999997453594741
0.999997519946566
2.41299760686178e-06
0.9999973662740123
2.0156902358847028e-05
5.475154304724561e-06
0.9999972691526583
0.999997315006319
1.3363973763789706e-05
0.9999973405483493
0.9999973833452127
0.9999974610657865
2.119036449198107e-14
0.9999974124536829
9.192949838956448e-06
0.9999972721224908
4.0256476096167544e-05
0.031427819685166
0.999997372419973
0.9999973950180837
2.0137029324080585e-06
0.006895979570930867
0.9999974045321672
0.9999972862266093
2.157121724046077e-05
1.697757041789275e-05
0.9999972035518897
1.6342598962588305e-05
1.4505438129432839e-05
0.9999974271518945
0.9999971839874696
5.971541936778862e-05
0.9999971931314754
0.9999971989145962
5.30338378654592e-06
4.552816184103742e-06
0.9999973103025667
4.518369052506196e-05
3.410342252999003e-06
0.0021136123312475667
0.9999974387338468
0.9999972243219538
0.9999973289418334
0.9999972178515135
0.9999974335822567
0.999997345597103
0.9999974489366031
0.9999972662984402
0.9999973297965302
0.999997273924927
0.9999974462438626
0.008013191155145072
3.5330833395339774e-05
9.265388170414875e-06
0.9999974702484279
0.9999973015527209
0.9999972798861495
0.01458273002792609
0.9999973706609648
0.9999974049469111
7.169533367410942e-08
0.9999973175977088
0.03184713754159767
0.9999974628026784
0.999997352395673
0.9999974336703639
2.1972746768197466e-05
0.9999973316984692
7.624617262828866e-05
0.9999974256911902
0.9999972668335474
0.9999972945968524
0.007654488877551
0.9999973275624112
1.4256177941821002e-05
0.9999973183975682
0.0001521745902891118
0.9999972455114409
8.996764395356616e-06
8.882415975293545e-06
4.363124947169161e-06
0.10537548551086671
0.999997312910199
0.9999971928584217
0.15783515158719508
0.9999973322046545
0.9999971547241644
0.9999974294751893
0.9999972929510049
0.9999972708705336
6.5719488876939696e-06
0.9999973891114671
0.9999973097054502
0.9999974754502736
1.4233349706209123e-05
0.9999975040949207
0.9999973816454197
1.0782734133269857e-05
1.542553106671813e-06
0.9999973898208439
0.9999973417791181
1.2564499147877133e-05
2.7735053856362673e-05
0.9999975297364564
0.9999973407486735
0.9999973690057037
4.667985694173231e-06
0.9999972665257554
7.4240810554294036e-06
0.9999973321090758
0.9999974168803537
0.9999973998436265
0.9999973779241016
0.9999972753374228
0.9999975214012484
0.9999974945869156
0.014523279200946378
0.999997427956541
0.999997311324806
0.9999971707944657
0.999997365125966
0.9999972995412255
0.00012392502792542287
0.9999973840802451
0.9999972949091265
0.05875783955925271
0.9999972357067245
0.9999972537075607
0.002425848250876881
1.4952769885672184e-06
0.0034673504714704084
0.9999971991869643
4.498506507176655e-06
1.4928525964903004e-05
0.9999973418981078
0.9999973538723795
4.986384181444706e-06
2.8459148453874983e-05
0.999997358534261
0.01469011704459955
6.847359339139681e-06
0.9999973212675648
3.8720408272744336e-05
0.030995784546738264
4.6671396594180776e-05
0.9999974384141317
2.820595512248271e-08
0.9999973252702645
0.9999972602186288
0.999997336635415
3.160676106993014e-06
9.22414821507127e-06
7.122580840407727e-06
0.9999975165925954
0.9999973464914281
2.252615638401398e-05
0.9999973634192527
0.007114719470489936
0.9999972763657223
1.852238825352343e-05
0.0018061653722004005
0.9999973899439385
1.8650438027915974e-05
0.9999975123213577
0.9999972869190626
0.9999973637881633
0.9999971589289203
2.274573353859391e-05
7.489921112804058e-05
0.9999973531386148
0.999997172019209
0.9999974635009654
0.999997249303568
2.9982982013149454e-06
0.999997416288112
8.284491656159094e-05
0.9999972577797848
0.9999973120085535
0.9999973534688762
0.9999973253354214
0.9999972737724936
9.668173149642812e-06
0.9999972157020766
0.9999972783504274
8.88865918092749e-07
0.9999974132375584
0.9999973007329038
6.619776163317556e-06
1.8537224494192503e-06
0.9999973042616008
0.9999972911292687
0.9999972623228178
0.9999972797268953
0.9999973265871092
0.9999973341864704
0.9999974307664301
1.4717373902678919e-06
0.9999973316404572
0.9999974310900062
1.7593055883737048e-06
6.674778379299754e-06
0.9999971928589755
0.9999972971561322
0.9999973537736826
0.9999974425923086
4.183862985557458e-05
0.9999972743078276
0.9999973027534514
2.0505206147681332e-06
1.4808350969953886e-05
0.9999974147520734
6.37197871482746e-05
0.10729883654260707
0.999997331004297
1.9839920341405042e-06
0.00014954744901198667
0.07090895106702774
0.9999973259497543
0.9999972518877123
0.999997392871288
0.20669486829832334
0.0037923986918272897
0.9999973925393024
0.9999974333699302
0.9999974359880968
2.3510481573174357e-05
0.9999971211101669
8.501387163929907e-06
4.163789565032224e-05
2.0143905780795786e-05
0.9999973816407643
0.9999973340679589
0.9999973704965333
0.9999973560707217
4.389971457568955e-05
4.4561798365636094e-07
1.2337812752614236e-05
0.9999972805209231
0.9999972920370047
0.9999972223128444
0.9999974142138344
0.9999971246907772
0.9999972793181624
0.9999973211068776
0.013562096497720394
0.9999972590601028
0.9999972898210703
0.0018995059755136396
0.9999974015781627
0.9999971641213329
0.9999973843529475
0.9999972493907535
0.9999973108259859
0.9999972671920726
0.9999974381766903
7.697581170608894e-05
1.6914368855830334e-05
0.9999972430629332
0.9999971618308455
0.9999973001999497
0.9999973393769779
0.9999973045579429
0.9999973185441192
6.300836777772676e-06
0.9999973837435944
0.9999971989418325
0.9999971843433926
0.9999972707266915
7.080586051388474e-05
0.10324053134966715
1.4560365543780888e-05
1.932304530589477e-05
0.9999974448841346
0.9999973875771939
0.9999972393947901
0.9999974936305158
0.9999972937782599
0.9999971938914759
1.0151654182795116e-05
0.9999973367284873
0.9999972013871322
0.9999971273839716
1.957890418000021e-05
0.9999973219527465
0.9999975508325397
3.3155679063884734e-06
0.9999973650059296
0.9999974603579473
0.9999973700236552
4.547538774975897e-06
0.99999730636039
0.9999973180136393
0.2501041449450099
6.115886261328501e-05
7.49112737886325e-05
0.9999972865978876
0.9999972663837385
0.007782120330181572
2.0216181523114024e-06
0.9999974410012729
0.9999973401635952
0.99999737144842
0.9999974212720084
0.9999974432853067
1.941779098742487e-05
6.200807817489327e-05
0.9999973148630218
0.9999974327485565
5.5032930979579314e-05
0.9999974603703569
0.9999973441322049
0.9999972209365854
0.9999973314206274
0.9999973738635328
0.999997331100932
0.9999973842531696
1.2858400340838413e-05
0.9999972869483053
0.9999973698739796
0.9999972733280027
0.9999974452361996
