3.7691695869951695e-06
0.0736493636155855
0.9999972551947788
0.9999974411439194
0.9999972787347603
0.007043399004881177
3.1737427056743047e-06
0.9999971451390851
0.9999974167608475
0.0
3.917129084767309e-06
0.99999740634853
0.9999973482989881
4.231075723981038e-06
5.7354965084939015e-06
2.1424545857946355e-05
0.9999973840344678
0.9999973639871688
3.7166689174339893e-06
0.999997325166864
0.9999973562500605
0.9999974142692403
0.9999973730144889
0.9999973791358195
0.9999972739924817
0.9999971825272179
4.392679039002208e-05
0.999997261132398
0.9999972740396691
8.291679045271675e-06
0.9999972397073617
0.999997221636814
1.135361570180306e-05
2.3048326398457877e-06
0.99999731603539
0.9999974757114277
0.999997454447234
1.1812201002620217e-06
2.583401708392364e-05
0.0003127253868092662
0.999997381784185
9.06958091291381e-06
0.9999972661603103
0.9999973731863387
0.9999972741528839
0.9999972004885169
0.9999971333635913
0.9999973193495669
0.9999972809748572
0.9999973332907205
0.002750986729015264
1.4334531214960973e-05
0.9999974815347492
0.9999972096713259
0.9999972279134737
0.9999973210086109
0.9999972904198671
0.9999973761209174
0.0
0.9999974938195811
1.1256991212838611e-07
0.9999974726380683
0.999997417016947
6.063093021992654e-05
0.9999973918854549
0.9999974184985789
0.9999973333931496
0.9999971974666455
0.9999973595206444
2.1461936518796313e-05
0.9999972769575641
0.9999973353277235
0.9999974403209129
0.999997440157993
3.77530143355845e-06
0.0018662148660252707
0.9999973708588615
0.25003822466779857
5.015753464720267e-05
0.9999974199340476
0.9999973294110118
3.7924018796920466e-05
0.999997379337822
0.9999974285808441
0.002181905203122022
8.518555427164159e-06
0.9999972851818333
3.6356690109061294e-06
0.0
0.9999971573167379
8.441529050509496e-06
3.505999322678798e-06
0.9999972838522556
0.9999972992954356
0.9999973705112751
0.9999973514547407
0.0033496262246186306
0.999997506566042
0.0066722364391477
0.9999972760864526
1.466846963261958e-07
0.9999974268141254
0.9999973109325716
0.9999973583196216
0.999997410832234
0.9999974162173183
1.2416822549477696e-06
0.9999973813559825
2.5506326093451526e-06
1.7932386417033498e-06
0.009194605107916596
0.9999972699725027
0.9999971921961474
0.9999972104293539
0.9999973549055404
0.999997252559558
0.9999974681050005
3.195238534917434e-05
0.9999972468935532
0.9999974046554656
0.9999973048887967
2.8587015269074472e-06
0.9999972132214494
0.007459584945550082
0.9999972532533258
2.2706039197990332e-05
0.9999973779577035
0.9999974028159851
0.9999973987099732
0.9999973497647106
0.9999973206615317
0.9999972811583304
0.00017283788277116507
1.9057382824055663e-05
0.999997325217018
3.744167155299938e-05
0.9999972847495611
0.9999972435449226
0.9999973767791964
0.9999973590330324
0.9999972630680631
0.9999974064438167
0.9999973893753998
0.9999974007503761
0.9999972030393875
1.855872320435277e-06
0.9999973073167022
1.5912868184926097e-05
0.9999973104689178
0.9999972769098733
0.2500105382542776
7.834075051193192e-05
0.9999973591971623
0.9999973274636899
0.999997215723005
0.9999973654453301
9.47892200487698e-05
0.9999973211193545
0.9999973540436836
3.9603887913767996e-05
0.9999973272657261
7.715894797440834e-06
0.9999972643769566
1.3198696746765824e-05
0.999997466019482
0.999997288395814
6.007941269881454e-06
4.067020221051066e-06
1.9680975137456453e-07
0.9999973996620726
0.9999972207509286
0.9999974540003826
0.9999973596328465
0.9999972080463159
0.9999973849944614
8.309486679680286e-06
0.9999971318051276
0.015469314602271793
0.9999972238433247
0.9999973417095449
0.9999973620432367
0.9999974088392748
1.1891866070109161e-06
0.9999973887630038
0.9999974101465297
0.9999973091883851
5.251806514977114e-06
0.9999972270459957
0.999997382639735
1.0454216727939718e-05
0.9999973986573549
3.686963517368274e-07
2.529248492709241e-06
0.10944388579293839
0.9999973225822314
0.9999972655706172
0.009011323209690641
0.9999972489360855
0.9999972917005339
2.6260418872167043e-05
1.301181655471891e-05
0.9999972917633193
9.269964289770856e-06
0.9999974721956971
0.9999973317975707
0.9999972306168339
0.9999973090542544
0.999997418043717
1.8052493016826182e-05
0.999997319807937
0.9999973175598734
4.1323056986376905e-05
0.24990710534125474
2.2949567548313573e-05
0.999997338438539
0.9999972941952102
0.9999973385873411
0.9999973413238609
0.9999971721276645
0.9999974102940321
0.9999972627154696
0.9999973886201365
0.03314611639247763
0.9999973617930701
0.00813097218370987
0.9999972427873761
0.9999973046262524
0.9999971403951828
1.567255817315557e-05
0.9999971773204855
0.9999974205337224
0.9999974521390209
0.9999973030540915
0.9999973052238447
0.00010754278967526936
0.9999973748578355
0.9999973409869941
0.999997376048861
0.9999972471906933
1.973004921661963e-05
0.9999973757597126
0.999997275962122
9.903269955526019e-06
2.9938243435015615e-05
0.9999971858643805
2.048470405710814e-05
1.8854377772442245e-06
0.9999974792931559
1.5154204249454477e-05
0.9999973019278201
0.9999974021064493
0.999997164743798
0.9999972620831024
0.9999973045434094
0.9999972546909176
1.2515862045104315e-07
0.9999973276183665
0.9999975122379738
1.6670342708948298e-05
0.9999975252816456
0.9999973882311735
0.9999972914380146
0.9999973483221295
0.0
3.071269255770625e-05
1.5730093614251076e-05
5.162796209138661e-07
0.9999972850096326
0.9999971840610229
0.23813851659453106
0.9999973506864911
2.3821648282471143e-05
0.9999974581441747
0.9999972392070037
0.9999974385399324
0.084951875282833
0.9999973257911301
2.2427408668849148e-05
0.9999974446854641
0.9999971586048471
0.9999973494859574
0.9999973035410658
0.9999972807811746
4.937080133273053e-07
0.9999973601587495
0.00980077989610189
0.9999973267922914
0.999997453018646
0.9999972987387741
0.9999974018971325
0.9999974472266815
4.695013767304118e-06
0.9999973238149901
0.9999972721201469
1.803037092293668e-06
2.6565732574280826e-05
0.9999974486673644
0.9999974171770853
0.9999972558259301
0.9999974110501048
6.499910719576716e-05
3.7574902891156734e-05
0.24999952763386654
0.9999973678509128
0.9999974082889319
0.25002373809969924
0.9999973035015645
0.9999972561581151
0.03011258320848626
0.9999973363502735
0.9999972658948532
8.721156808198757e-06
9.971872763727028e-05
9.853290042207988e-06
0.9999973526253692
0.9999973358244786
0.9999973074488037
0.9999972930961669
0.9999973738565278
0.9999973580659284
0.9999974632974502
0.9999973605560406
2.3534441281697085e-05
1.0234354688844942e-05
0.9999972546735968
0.9999973843759609
2.2438631643147306e-05
4.051716719710517e-05
0.9999972580594281
0.9999972931837376
0.99999719028264
0.9999972189713859
4.87893518128046e-05
0.9999972130885718
0.0025305276499257914
0.9999973393942274
0.9999973293956672
0.9999974874307616
1.011956503147041e-05
0.9999973873686063
0.9999972390386175
0.9999973251917348
2.2622296716021576e-05
2.175232968416325e-05
0.2499993531897284
0.9999974028826946
0.9999974468948445
0.0069974405786312685
0.9999971825722155
0.9999974059444229
0.9999974526024449
0.9999974633959147
0.9999973135245404
0.9999973744926145
0.9999973748362105
9.561927151451828e-06
2.088534123751586e-05
0.25007679730514276
0.9999972061642346
0.9999974835646864
0.9999973868889802
1.584288363308339e-05
0.999997177345285
1.101833369913211e-05
0.9999972989077547
0.15506807775697654
0.9999973764522713
0.9999973886117377
2.556015003411782e-06
0.9999973364062673
1.4066718683310758e-05
0.9999973892641989
1.8266916352287416e-05
1.5653426482102986e-06
0.0015944058872094467
0.9999972825461086
0.9999973281562319
1.8093024253212968e-05
0.014597830206386091
0.9999973254618938
0.9999974171611579
8.272878837753298e-07
0.9999973711403729
3.255436409597519e-05
0.9999973575989675
0.9999973336176836
0.9999975151947663
0.9999974142696062
0.9999972495995941
0.999997219060314
0.9999972015671623
0.9999972219456088
0.9999973673168209
0.9999973450587074
0.9999973443901937
0.9999973694127557
1.0415878755796212e-05
0.9999973842432895
2.897746398114478e-05
0.9999973282681935
0.0017871604785612376
0.9999972299085996
0.9999972451439768
0.9999973104192775
0.9999973136611493
7.089894737351067e-05
0.999997357151376
0.9999974836671672
8.02135377863281e-06
0.9999975041253987
0.9999971939973245
3.906432536545722e-06
0.9999972474042541
0.9999971742410108
0.9999972927113756
2.2015850768828808e-05
5.83192559586728e-05
0.9999971828428508
0.999997279567946
0.9999972331251427
0.9999972917648206
0.113140925631424
0.9999972981541929
0.9999974310281382
0.9999976151362023
5.715599882761404e-05
0.999997187594731
0.14333284028735116
0.9999973795024445
0.9999973032614409
0.9999973865935268
0.9999973538455375
0.9999973684233443
0.9999972635730217
0.9999972737870506
0.999997422654618
3.229753329409497e-05
0.9999972374047392
0.9999973781464228
0.9999973601944492
0.9999973164041497
0.9999973806921981
0.0017593955318024451
0.9999975054531549
0.2500197934413329
7.780870827217343e-06
0.031848640851813756
0.9999972959841136
5.260991227749014e-07
0.9999975488304512
0.9999971162764167
2.9440217086934992e-05
0.999997212712642
2.606462497962215e-06
0.9999974230797958
8.34628301715481e-05
0.9999972672054777
0.9999973454175888
2.0011636544919482e-05
0.9999971929679533
0.9999973803881433
0.9999974088866519
2.4776070225633784e-05
0.9999973480324799
2.324261448978474e-05
0.999997376496364
0.9999972427111461
0.9999973571622165
0.9999974293246042
0.9999971918045156
0.9999973977287947
0.9999972201789055
1.1983434461527197e-06
5.533848130727762e-07
0.9999973339637581
0.9999973342014039
0.9999973006864148
0.00011436856842434609
0.007653906705720964
0.9999973298311905
0.999997438504357
1.0963265587397467e-05
0.9999974084706941
0.9999972972568122
1.507390876707785e-14
0.9999972807511913
0.9999971919086144
7.554930255786075e-05
3.1597230720157153e-06
0.9999971693944862
0.9999974384128274
1.204074209174146e-05
0.9999974048508319
0.999997158841836
0.9999973462255092
0.999997295034301
2.7908020086271065e-06
0.9999974322053496
0.9999974983337415
0.9999973732042198
0.9999972398262259
0.9999972194303623
0.9999973358179429
0.9999973196931266
3.256605191766489e-06
0.06417486672626176
0.9999972005201108
0.9999972526112911
0.9999972301155515
0.9999973529428401
0.02056084226064495
0.9999974766738295
3.629742156443627e-05
0.9999974105677524
0.9999973442853007
0.9999972703156178
0.9999973710648143
0.9999974339474317
0.9999973509201758
0.9999971888009209
1.4331436663231004e-05
0.9999973864482278
0.9999974455271958
0.9999973816318757
0.999997297746884
0.9999974106599485
0.9999974195859467
0.9999973981411987
4.97194898845554e-05
0.9999973963080563
0.9999973281475308
0.9999973730619242
0.0017646133936278078
3.8984305513267454e-05
0.03812958058479512
0.9999974072049416
7.851238612545965e-05
6.385587429599318e-05
0.9999974598011898
0.9999972811161604
0.9999971764356425
0.9999972452220776
0.9999972087793936
0.9999971984801143
0.9999972555309818
0.9999974549838734
0.9999973926067588
0.024754837870345877
0.9999972579584234
9.907574147855171e-06
0.007165986669310988
3.506212252630374e-05
0.999997219368496
0.9999972559242769
2.5800030212154485e-06
0.9999973670838858
0.9999971902267262
0.9999974684014705
2.5657388235650876e-06
0.9999973709553038
0.9999972829543968
0.9999973249460534
5.806517341932253e-06
1.2613936750446888e-05
1.7541268638530512e-05
0.999997231529039
0.9999974856852728
0.9999973077176316
1.7296872036025647e-05
5.014110311327897e-06
9.661425048389803e-06
0.9999973366519509
5.852648744982005e-05
0.999997344964897
1.7074471096512507e-05
0.9999973701890804
0.9999971763738081
0.9999972491136297
0.9999973344069524
0.00021234124959687857
3.4366403832344324e-06
0.9999974479517075
0.9999973352035145
0.9999972573784819
0.9999973087623303
0.9999973240616007
0.004331836070991477
1.7380091817137954e-06
0.9999972406062951
6.0184602935712245e-06
2.032350032603929e-06
0.9999974029138932
0.9999974157294279
0.9999971991598496
0.9999972592901021
7.609284954372137e-05
0.9999973136257323
0.23688736114206496
0.999997318680134
5.143987965915341e-07
0.9999973532335654
0.9999970784605121
0.9999972675740474
0.9999973053180277
1.4315966705147182e-05
0.9999974429731687
9.891075686398286e-06
0.9999975068804787
2.4619692711236644e-05
8.740559401559593e-06
0.9999973971800155
0.9999973603946058
4.096812619474271e-05
0.030753666701225858
7.290345624597688e-06
0.9999973322934851
0.99999749177022
0.9999973696260558
0.9999973036468849
0.9999972522845549
0.9999971554354877
0.01626438474755262
0.9999972663747222
0.9999972241679765
0.9999973891520427
0.999997212819043
0.061237434269531064
0.9999974321266207
0.9999972578495253
0.9999973123024575
0.999997369521101
0.999997240340767
0.007601734018055243
0.9999973033820287
2.1082817562262758e-05
0.9999972684209797
0.9999971813143983
0.9999973964575497
0.00212714228276256
0.9999972294352389
0.008062344603600433
3.806448216034719e-06
4.74756913504332e-06
0.9999973147584112
0.999997437591878
0.9999972273661671
0.9999973874969902
0.9999971857102786
0.9999972683905807
0.9999973599492858
0.9999973677174502
3.7618521010626704e-06
0.999997185166162
2.5281103636400503e-06
0.9999973693098179
0.9999975078649267
0.9999974693690824
4.744214822071055e-05
0.9999974130245812
0.9999973585357078
0.9999973020566552
0.9999972490200723
0.9999973513262886
0.9999973339273793
0.9999973005083244
0.9999972268846159
0.15693889316854226
8.135122814215042e-06
0.9999974436518907
0.9999971006780058
2.0655317740615355e-05
0.9999975238817189
0.9999972080732076
0.9999972839512951
0.9999972703346545
0.00011544306567817323
0.9999973258186855
3.2670752597536006e-05
0.9999974141625333
0.9999972576936951
0.9999972437117816
0.001851486261534056
0.9999973472156273
0.02904355665127572
2.3401452612578796e-05
0.9999972737805511
