9.995161295790861e-05
0.0001177532669915401
3.2099758511545474e-06
3.031472615880844e-06
5.995976729681544e-05
6.887193347871895e-06
3.987589892710256e-05
1.9558589593606435e-05
6.506333400662764e-07
6.205437601169657e-06
0.00010902357639254145
1.9314098674087285e-05
8.964516207150562e-05
1.796942677918239e-05
1.5484912505798688e-05
8.549684513268504e-05
0.00017763396509265392
9.707148228752721e-05
6.207642688102168e-05
3.591327076890346e-05
0.00014107137321772294
2.7200939826487447e-05
0.00011355737103395154
0.00018290920352196293
5.5091867697937845e-05
4.985576978575678e-05
3.0853397793979686e-05
1.3236733220229835e-05
2.799051698817005e-05
0.0001281291390465684
7.187679469395248e-06
2.78185921510798e-05
1.6052765255459532e-06
2.318221999734911e-05
1.2690487683170793e-05
8.0042480426068e-05
1.5731862398653817e-05
4.493472898340243e-05
6.202764398953671e-05
5.455913315020301e-06
6.064437425669371e-06
6.821554877161497e-05
2.0337581909445497e-05
9.02752735010849e-05
6.493655311295752e-05
0.00015483930242439522
2.3204594870256576e-05
7.614899779176188e-07
0.00013540907082956825
3.427410057653143e-05
1.0197880576888307e-05
0.00023879456970365097
6.332169794234204e-05
1.3637575981755667e-05
0.0002483882899294529
6.506235901377698e-05
0.00017657207280738109
3.1081367621717765e-05
2.5418833840436758e-05
5.883558143684574e-05
8.776144977965607e-05
0.00019653479426874764
6.27186757260625e-05
1.6079138429357288e-05
4.318587912402627e-07
1.688237323285921e-05
0.00011879832341177327
4.83224873230725e-05
1.6665945051888133e-05
0.00014248727673427813
1.5697511351145457e-05
2.066858472819087e-05
4.5328956313246776e-05
5.091544820410677e-05
7.649986983027274e-05
5.4455599635839876e-05
8.43907201319416e-05
1.0339697009402115e-05
3.166652335742499e-05
7.179087746132262e-05
7.778550494936223e-05
0.00012372068499494354
6.111542123732871e-05
2.831495924509664e-05
1.1115760300583807e-05
7.398396228724723e-05
4.6447103819390826e-05
8.32278038870108e-05
4.594966224338482e-05
0.0001399977837315121
6.23574400250592e-05
1.8091068611450726e-05
1.387335685619587e-05
2.8925880605325095e-05
3.495414929631379e-05
4.8121595407950505e-05
0.00010661654415469393
1.629058260130682e-05
0.00032061840522177893
2.3236695941717492e-05
7.90079764640482e-05
1.4356560685036178e-05
1.7787652472406002e-06
4.4195648644512966e-05
1.1894608341094432e-05
4.095020622298546e-05
0.00016265742976294702
3.1073338589011075e-05
1.1672707361731197e-05
2.8896649240222407e-05
4.5187667306411435e-05
0.00017590792803317385
0.00012033861085418135
4.061174537883519e-05
5.9699367763034034e-05
0.00020788346120275333
8.185584110047614e-05
8.298741339880387e-05
2.9469395260604437e-05
1.0877163559035249e-05
0.00012338928422223066
2.7011700910838822e-05
2.3736814451731237e-05
6.217859016188396e-05
6.842193672084339e-05
3.2256768139469164e-05
3.132312968512031e-05
3.4282159541735334e-05
2.7539665848208488e-05
4.637773961467e-05
3.377611730011296e-05
2.566059077662075e-05
2.997505873333775e-05
2.6520641747674028e-05
2.252259433422076e-05
2.8075688199838037e-05
7.310914334155145e-07
4.523679646112357e-06
0.00010548327991376282
3.132114979382851e-05
5.2435234803740384e-05
1.9373744901241224e-05
0.0002501424397209592
1.8597336307759445e-08
3.727103391672332e-05
2.7768007714652057e-05
7.812589898123306e-05
5.126850513420825e-07
3.432174370693595e-05
7.718502993151712e-05
6.263686605746035e-05
1.6996681151970827e-05
3.754826969387554e-05
6.358719939408384e-05
2.643610882134969e-07
5.519476963554374e-05
7.9472435584209e-05
1.8404100655889197e-05
0.00011136924845014285
4.8625723666361254e-05
5.7517472505211205e-05
7.235459830265743e-06
5.813699788955929e-05
6.342772778302199e-05
5.097200943258782e-06
6.801456289859845e-05
8.700341932079245e-07
6.533749852364686e-05
9.711823889022175e-05
0.00014186406581787262
3.70730832688193e-05
5.1971062082382496e-05
0.00012220548857568982
3.926352614605912e-05
0.0001021437257096761
5.5093094612397665e-05
5.300910969531834e-05
4.1743693952395056e-05
0.00014156721375485198
5.2216982787021174e-05
0.0002183813110398088
0.00020272279690568062
8.373814569031425e-05
7.376768092241048e-05
9.570938151985195e-05
6.28117857816588e-05
8.735383174314653e-05
4.140664623817139e-05
4.050390136621347e-05
9.164638800232306e-05
8.722021760647082e-05
8.271878647357833e-06
5.257902436782454e-06
9.12345753470664e-06
5.323960095346557e-05
3.709639360330258e-05
5.248278995219147e-05
2.2720043613029684e-05
1.862380068397053e-05
5.877089679452113e-05
4.385184656572749e-05
0.0001510763209993983
8.254822589177639e-06
5.03188897288057e-05
1.5552598808570967e-06
4.0242696830852225e-06
8.786378185506202e-06
3.843243571833462e-05
6.034564539923401e-05
0.00013915090326481567
2.0460562088720994e-05
4.083887778767576e-05
0.00012465295652283354
0.00010007189299923654
7.085058025231e-05
0.00012165785555244682
3.487031408384341e-05
3.156918942125629e-06
4.1171024019144396e-05
4.41781221658666e-05
1.4471908919615115e-05
8.006711227070839e-05
5.074211409975124e-05
4.735441124580202e-06
3.57665511300585e-06
0.0002503830818666979
1.5227038427112105e-05
5.358442973376506e-05
5.906787332844871e-05
4.324338510070688e-05
5.062111197947423e-05
2.192716013977377e-06
0.00010783777418676699
9.02966820865585e-05
0.00011116048218552979
2.5558123460772206e-05
9.724424062135911e-05
1.6689367175288117e-06
7.558888414829932e-06
1.740695952705974e-05
2.3661518130431547e-05
4.2212020083991756e-05
6.547786249887759e-05
1.458459415242351e-05
3.980958652610384e-05
8.064588357074699e-05
1.0285138160158373e-06
6.581011613750568e-05
5.275135416820598e-06
6.484229632287116e-05
0.0001536779191896076
0.0002791100399561017
8.357974120665329e-05
9.217320162116588e-05
4.510513916061321e-06
4.4545324924380914e-05
1.69172204552318e-05
1.0376483664431433e-05
1.0086963857480046e-05
5.4626871350931636e-05
6.769803192190411e-05
0.00031689735881237235
1.0260695130856363e-05
7.250840300538214e-05
1.766349375357938e-05
0.00013604704060645579
0.0001089933536883319
7.539527718645558e-05
4.2995755857778464e-05
0.0001017844908855323
0.00010661229071316338
4.729389888193518e-05
1.0074166771038287e-05
3.4772001544615866e-06
8.51353621352335e-05
4.838303962982372e-05
3.220326932119489e-05
0.00013553085903250466
7.696712568222474e-06
8.617873772638203e-06
1.364069867414072e-05
9.941920128083537e-05
4.494055736702987e-05
1.2251074961598745e-05
8.136719798402171e-05
9.638337586420984e-06
2.1842766630919068e-05
0.00010700725283701596
0.00022994317873137833
5.343354511765515e-05
8.796029887917688e-05
4.5645973072036936e-05
8.642274015377344e-05
7.415587605692275e-05
1.9167374134370374e-05
0.00013715569472468007
1.4003317200613174e-05
4.697280365603017e-05
0.0002946689528051851
0.00011765622507721578
5.36008282433267e-05
2.544589608149686e-05
1.2572090916909937e-05
1.526558370388761e-05
2.196367612331486e-05
0.00010004201217238136
1.933748885451041e-05
6.780379806224364e-05
3.4729768112003404e-05
4.65793274498316e-05
7.624610917694524e-05
0.00020518203653811752
4.131982071867474e-06
4.563302756549218e-05
1.351653042237268e-05
0.00010597268340740043
3.428798680199163e-05
1.3522123208151013e-05
1.7537406852023522e-05
0.00014913966200202412
5.209113627563794e-05
7.350507642817096e-05
5.668430164964124e-05
1.0382839018547353e-05
0.0002465320517246429
8.678358643460537e-05
0.00010784826755247161
7.467337641139884e-05
0.0001925314031581386
4.586751810332698e-05
0.00011561803353341681
4.523149381128985e-06
4.628602081502e-06
0.00011809113551663401
3.4246242367479475e-06
3.346960234282249e-05
4.445610653501672e-06
2.205586005960546e-05
8.920458721305701e-05
0.000112159843197961
0.00024149313603273167
1.3283459753299558e-05
7.558445340445997e-05
4.9907073618162444e-05
5.131497788819329e-05
2.8460953395502288e-05
1.8103729977848065e-05
1.1515212659340191e-05
0.00012260801291268756
3.633178168295176e-05
9.403197260070817e-07
3.710885555317317e-06
0.0002624987277399063
1.4999983042591919e-05
2.9819989246684582e-05
1.927980582810178e-05
8.960614363196537e-05
3.3508094060440675e-05
8.652748957617218e-05
0.0002728376856898642
0.00011615561595665248
4.3453130983755084e-05
9.683538301983189e-05
1.348177823897155e-05
0.00016940567660157752
6.157193239105397e-05
1.982945350669857e-05
3.338943891764298e-05
2.809291560795252e-05
3.273512694733286e-05
5.823225935825397e-05
5.316801468429473e-05
1.9195012718644363e-05
2.8679186700160495e-07
8.662015903655833e-06
0.00015290593568680245
1.9104886878758847e-05
3.616249512811825e-05
0.0001435699950457213
1.7291113690625576e-05
2.9074393183539563e-05
6.352608161048255e-05
2.3594595528123686e-05
1.4105033889119751e-05
8.494834994959094e-05
5.197405516562553e-05
0.00019469896307967608
1.1041535532254011e-05
2.0205903400440132e-05
4.150199410259585e-05
0.00013123051101744974
4.61054316766774e-05
9.505515459523999e-05
0.00012567508414001923
0.00017879066222791228
3.237611135608365e-05
4.06971776006293e-05
2.4841207819376482e-05
0.00011006182996119817
1.0063461151664437e-05
0.00012054329331967591
7.729153902945573e-05
3.283828964781331e-05
0.00014866601682082166
4.4541286163329e-06
0.00013286119229075224
2.4682069647674917e-06
2.2388579632888185e-05
1.0830827110106818e-05
1.135439940425058e-05
0.00016429186802458938
4.3706590625432545e-05
8.648204299738894e-05
1.5403085937093103e-06
1.1808527406073896e-05
1.6245007736785406e-05
2.2252075931328434e-05
1.8813096524447233e-05
1.731217763338854e-05
0.00013506111618166085
2.1528584957083417e-05
5.84102451118744e-05
0.00011504817901074622
3.970949713747031e-05
6.198507717950207e-06
6.43107391457492e-05
2.9659830911977896e-05
3.6555111942342126e-05
1.9514443635137493e-05
9.172501671612467e-05
7.732569798416001e-05
2.3576090578567758e-05
0.00010802721234388538
0.0003059258670972485
5.5116236763543855e-05
0.00011640546766225408
2.421526944017509e-05
7.515039467449687e-07
2.703781280334847e-05
8.063189799175876e-05
0.0001218829585817555
2.462971045928941e-05
5.05241906854169e-05
4.5675927306450396e-05
8.601992482301605e-05
2.949622124191571e-05
4.953118203187891e-06
1.9109031224107307e-05
0.00012681573488199826
0.00018468548547749026
8.242234781230969e-05
0.00035467616246425104
4.675208787960008e-06
3.713116695825949e-05
5.843313704850399e-05
0.0002584984295354084
0.00019712277379465673
0.00017675129575749673
0.00020448612916304667
0.00015735215947365933
4.618693065452714e-05
6.488798176385942e-05
4.4964897377479486e-05
0.0001549249570055567
4.429391613640002e-06
2.4264693512590613e-05
2.269871928922754e-06
8.580430313376819e-06
1.0657235372209795e-05
2.3514548912170473e-05
4.14182925808871e-05
0.00011299338292643189
8.226024301028253e-05
5.1162690975466815e-05
3.371031358004999e-06
6.530416730235059e-05
1.8629569793523166e-05
3.092353057202424e-05
3.5688862784623715e-05
6.503173537926245e-06
5.1436401695239267e-05
6.851515538094047e-05
3.1843890979326356e-05
6.379479873849132e-05
0.00031694669173221374
0.00010500556149400327
3.222374361772886e-05
5.1455729498172205e-05
5.748761718031009e-05
3.260021190882852e-05
4.699515412208053e-05
8.33665038440811e-06
4.582160767553616e-05
5.600780871352625e-05
7.288547942218062e-05
1.3572999226161643e-05
1.1080849002148813e-06
4.990486034538763e-05
2.1208574530629126e-06
5.656643628391609e-05
1.1731361702801758e-05
4.2343006736942585e-05
7.584355747934406e-06
7.690159492665905e-06
2.258567113992418e-05
1.5455938969425813e-05
5.258268772994497e-05
0.0001848083228506433
0.00010434775577964469
2.512859931867986e-05
3.352436942010814e-05
6.46396639363229e-05
0.00011565454518614139
7.2610712013059e-06
1.576403132186826e-05
9.650709926880562e-05
0.00030468614098070625
2.558237504179075e-06
4.083986502063125e-05
4.135187218662237e-05
8.325460882684059e-05
6.857157039112895e-05
5.846836918662548e-05
6.115562433019741e-05
1.2583481570779181e-06
2.372046121779076e-05
3.5579829108977904e-05
5.176566352066784e-05
7.466999633767526e-05
9.009628956036905e-06
1.4834042467482366e-05
5.992002151695611e-05
5.7876146773693276e-05
4.881124151734076e-05
7.743470232311182e-05
7.24668228746655e-05
1.90121598647299e-05
7.346904334024493e-06
2.284304079682643e-05
8.722323465602768e-06
4.804207370763648e-05
5.6937012035176614e-05
4.323625199531407e-05
8.663160064458594e-05
4.125137137694957e-05
2.8227928485221385e-05
0.0001359865824655636
6.598392137792027e-05
5.0524075915286996e-05
8.109328052172663e-05
0.00025690581964711096
1.149539268569008e-05
2.3595213462008744e-05
4.425119705548895e-05
8.258534320974365e-05
7.667186110709835e-06
0.00011827179398300915
2.5777450014916404e-06
3.054638856842984e-05
8.11220137969223e-05
4.742599784627691e-06
2.307151305706346e-05
9.701427873733672e-05
0.00014114066517344483
8.4880657203223e-05
7.2843439368132e-05
6.240184322407706e-05
1.0029642171600016e-05
5.718435566840966e-06
1.2165200730142934e-05
8.256993984264684e-05
0.00017877232018996105
8.988685558560005e-05
1.1151280132134466e-05
5.278244128551215e-05
5.141676975633871e-05
0.00010581299462448081
4.861903083151966e-05
4.213815667679347e-06
0.00014532583779180018
1.9729903284500287e-06
7.976652183235086e-05
4.626456153669071e-06
1.2915559299998206e-05
8.68867768570711e-06
1.201418504570116e-05
1.3519138354522311e-05
8.229649332274535e-05
3.102971606177124e-05
3.6913313062804505e-05
0.00011975038923000945
4.254259148756605e-05
3.5649027667942594e-05
9.959931867985356e-05
5.1523975670632476e-05
4.765789854962542e-06
2.9509793926188455e-05
0.00016478761544600108
1.1486750084970894e-05
2.0861648973999793e-05
0.00011392472575756983
3.363680490686413e-05
5.5254242274845114e-05
1.946280205544865e-05
7.369605321998914e-06
0.0001012629692347074
2.6460665621349597e-05
4.860302550899214e-05
4.1981967381782546e-05
0.00010109447789856338
2.9033499082968188e-05
8.153792996087831e-05
0.00011962958129820712
1.884491226652047e-05
2.6601349756297094e-05
2.895437519769267e-05
8.403192615292177e-05
0.00035956520770193953
7.163776115400027e-05
8.631396757391683e-05
0.0002584192469440109
0.00015465621509520923
4.1450213290361336e-05
2.3409704350863085e-05
5.108135824766554e-05
0.00012252241207475858
3.187497927421919e-06
5.893934097560077e-05
1.9269300990292363e-05
7.509690825594508e-05
5.530874253325161e-05
0.00014552921765820288
0.00014980493891129045
0.00010966511255079945
8.745179060540423e-06
0.00047254669425421473
5.888562244873378e-05
3.053972602657645e-05
1.9305366869378212e-05
9.856224817547653e-05
5.3742405150041176e-05
2.838257640022796e-05
1.022116019589671e-06
1.020262856002273e-05
2.465555741920142e-05
0.00012562999403467143
4.373550580863947e-06
5.2782517670259283e-05
9.130617314934622e-06
2.8719123352506534e-05
1.9132560937823035e-05
7.92241780392288e-06
1.5598756201998324e-05
6.710818766021599e-05
2.1922623756456764e-06
1.69475355901942e-05
2.5399710711184296e-05
3.337537952133666e-05
1.1289747535454356e-05
6.250454393873911e-05
1.588590428693831e-05
6.278126815860954e-05
2.0339110239125086e-05
3.755219887409711e-05
6.991698955927798e-05
7.524011049877543e-05
7.80477187259231e-05
8.112989074256792e-05
0.0001431163240367773
1.3549962486818629e-05
2.3441200863365875e-06
8.570407616155088e-05
0.00016367787823941965
0.00017954245851023334
3.1519382222041e-05
0.0001446843379459867
4.0380071958320124e-05
0.0001086245430670711
5.794334622973198e-05
2.4617593423137495e-05
5.7425275504178065e-05
4.6274791864820505e-06
6.921723870873205e-05
4.9134242620106244e-05
3.3387522946230385e-06
2.2985229993187463e-05
3.535437567319256e-05
0.0003300344492753343
0.00017953026972461567
6.998326884577691e-05
1.5124878502772074e-05
0.00010024857739400841
8.105282343926104e-05
0.0001748111919425494
0.00015675001140685256
4.586255091149482e-05
2.030725303681966e-05
1.6949697494854764e-05
4.390814376550526e-06
2.8051443022337227e-06
2.6097817955499073e-05
6.928197297569433e-05
5.6152230898877845e-05
0.00012727704087913704
4.815557668829295e-05
4.553394357638925e-05
7.925146654217926e-05
1.950861433549773e-05
5.543132997896862e-06
4.206908482297727e-05
0.00024639553113377986
3.146702265189027e-05
1.5658570430400884e-05
0.0001522925354936181
0.00018700966890342432
0.00020058827952363546
1.7870206244529457e-05
6.33726424058762e-05
4.9407169974681184e-05
6.974997991451526e-06
1.8472891950377204e-05
8.5457605761051e-05
1.8898553955411823e-05
8.966782457135375e-05
4.172536273455178e-05
2.7183094285185537e-07
2.4504077043200976e-05
6.56015031900657e-05
7.359396113364127e-05
8.312648275380342e-06
3.5501970235616056e-05
0.0002456011633521705
9.228764776304849e-05
9.188247519862466e-05
6.837763553444048e-05
2.486261815790223e-05
7.080059041942253e-05
4.552006820717124e-05
2.910570316496884e-06
0.00010355895278759052
6.048364245536705e-05
0.00014016989708405336
5.695081302838518e-05
0.0001348906622054542
9.908004981333177e-05
8.442898959354692e-05
4.163488210457951e-05
0.00020505926303811343
3.945475839059978e-06
1.3753042081263723e-05
7.956468871494078e-05
0.00020650712396799546
1.3765949211449646e-05
4.5614157531523823e-05
1.3580574400733956e-05
3.6762961201535606e-05
0.00026256661628481907
7.566508344694022e-05
3.229284011916066e-05
3.7916115286418284e-05
0.00014814978702537183
8.826312802093347e-05
0.00018108395703611115
6.843278966390711e-05
3.6559495724383525e-06
0.00010704066110898383
6.285690964162003e-05
1.7651369418987643e-06
0.00014561784786316126
9.37889520989406e-05
2.0291773562020364e-05
9.05945395142128e-05
0.00026070701682479475
7.482429418540949e-05
9.633287376422422e-05
2.099727824883809e-06
1.2746451780188878e-05
5.883736238260132e-06
5.099867696450041e-05
1.0384791728375605e-05
4.621461197654959e-05
5.311988379215813e-05
9.405059848340611e-05
7.978394551156542e-05
0.0001078784679777522
7.131230364908291e-05
8.403131029000641e-05
4.1998755423520613e-07
