5.905817089379005e-05
1.6734674502220383e-05
8.406676438708045e-05
1.593406828727202e-05
2.468749988280906e-05
4.280547771152678e-05
6.430627953501805e-05
6.563841819281687e-05
3.900111462309628e-06
3.902131759923334e-05
5.445577240742671e-05
6.468755568791245e-05
1.3976543251638425e-05
6.743983924562151e-05
6.547776324430509e-05
4.064555063302578e-05
4.506535409252433e-05
0.00015541391739050275
0.00012280173980252997
0.00010978883667857478
0.00012664723238351306
9.149313001512578e-05
5.853592025803993e-05
4.566984768375429e-05
4.732862363195671e-06
7.906407185173254e-06
5.359349377875534e-06
1.2249627851275577e-05
6.798375036694676e-05
2.2763194659141134e-05
1.3075182902249423e-06
4.450765025133729e-05
5.070596561985364e-05
8.103249002705273e-05
2.7794512334383802e-05
2.4464174964038922e-05
3.7131578379230794e-05
4.798384482693144e-05
2.8798325666288422e-05
6.718253247332309e-05
6.697040865401216e-05
4.381063028083157e-05
6.991524371701624e-05
5.274700899185693e-05
3.013169435185083e-05
1.2747097818890922e-05
9.984899750900866e-05
6.495809629047231e-05
0.00015798141642866804
3.140497200207358e-05
0.00018220138333647256
0.00013798471034536796
4.225059959313536e-05
3.294469518983397e-05
6.092158123827683e-05
1.8148430591143357e-06
2.8932531833298206e-05
1.7269927383037893e-05
1.0176582431194768e-06
9.989168410417565e-05
4.0000623216739645e-05
2.2859199316327887e-05
8.260853689547311e-05
5.0564705296113293e-05
4.3585982032279454e-07
2.8125063693493197e-05
2.58716702390992e-05
6.824473493355434e-05
1.3179631368527828e-05
1.5237151719345718e-05
9.518466185984762e-05
0.0001430205229793442
0.0002936516708727491
0.00015868329622459315
8.528088192037558e-05
6.86534943142944e-06
9.448379580558666e-07
3.083524824458177e-05
9.089633235738585e-05
1.6579815690728265e-05
0.0003259667375280975
9.318793329367453e-06
8.738929711834383e-05
5.492848573292773e-06
2.8830463636713176e-05
0.00016483677436868673
9.932098815582606e-05
4.32443562098477e-05
4.934791739125099e-05
3.0296837035636284e-05
0.00016571136396354108
0.00031727912489199584
8.215330109196042e-05
1.974036789092705e-05
5.278255476454367e-05
9.818179833173701e-05
9.296924975322352e-05
8.242213860920118e-05
0.0001073372608985821
0.00014357110632026956
1.2117092895179507e-05
6.815465584968551e-05
2.7982143338863464e-05
8.195984396943169e-05
2.7217434385568843e-05
3.7414332615774785e-05
1.8250845977286525e-06
5.422118668841426e-05
2.058652098474678e-05
4.8486707115085096e-05
4.7183697964838214e-05
0.00013525140848425298
4.537331559399478e-06
5.8183665475144806e-05
0.0001558338475410008
3.177443681277001e-05
5.4452130626711724e-05
2.632218793960586e-05
0.00011930781993082048
3.629403582112966e-05
1.1027191009282506e-05
6.161724093818454e-05
6.162476801556815e-05
1.0596540732137169e-05
2.8212834222260193e-05
2.7279450502303395e-06
4.86293443468961e-05
3.0057574663002995e-05
0.00027716125540997035
1.7328391703828055e-05
1.083220567577359e-05
1.0492912331130689e-05
1.1905862979935602e-05
8.745978071559948e-06
9.800027721928876e-06
0.0002049792193679489
2.9065854499841664e-05
3.159191339434336e-05
6.307691999857593e-05
7.495569418689241e-05
8.835081336641545e-05
3.888874198686449e-05
4.2213254272075045e-05
0.0001608165865239559
9.376265385754583e-05
5.140889292504528e-05
0.00011205040853692444
0.0001003810981890996
0.00013931126044376688
6.541947247164577e-06
9.579537583852774e-05
0.0001255650576220162
3.506162458254624e-05
7.755519089297972e-06
8.978038868250737e-05
3.823563442235189e-05
0.00023702624969852083
2.8484892617443895e-05
1.8334478347568947e-05
2.9538426740736283e-06
4.239730582182092e-05
1.4464190441961487e-05
4.304982963333514e-06
3.4744345678092824e-05
0.0001216718715895102
6.18057459671801e-05
3.4802796838084905e-05
0.00024327148833341234
1.1690961006411372e-05
2.9275122673410076e-05
5.631821801341498e-05
0.00016604076036924291
4.988472363579249e-05
9.8934153229644e-06
3.1364827069815067e-05
9.555347176421172e-05
2.351380280728076e-05
7.5815523059714795e-06
8.9586669003962e-05
2.7180432742914133e-06
2.7632869036030813e-05
0.00025499751571143517
0.00010086272638456053
3.909641228547343e-06
0.0001396927424390565
6.252291100895318e-05
0.00010783121453042036
3.322181644803841e-05
0.00011067039103721018
0.00015192389343919162
4.520396057402829e-05
2.630025898796339e-06
8.709121285896895e-05
0.0001229222805687417
6.201701057543113e-05
1.9889465384537048e-05
4.01812079800412e-05
4.890650142151358e-05
4.724394142087444e-05
2.3284375875360018e-05
0.00011439756187476036
7.459862703215719e-05
4.9234917191147925e-05
1.3883577765905301e-05
5.5770512412950724e-05
1.7835333296084184e-05
1.5457837170533124e-05
0.00012443550371865852
5.964667514855323e-05
2.656349609287053e-05
0.00013313214414338386
5.384178489925422e-05
2.0040854665024792e-05
0.00012623398626681023
6.619908915686067e-05
1.3448666559415986e-06
6.653948631563091e-05
7.106314518663595e-05
6.05545585107613e-05
8.119257808059091e-05
0.0001674763252123859
1.1860167370276946e-05
1.2033549885402784e-05
4.6512569353355475e-05
6.340544374290354e-05
9.531182477025983e-06
3.715589397302008e-05
1.148411375000319e-05
1.6551214607965647e-05
1.1212486846647708e-05
9.193722075052943e-05
1.2909707521678223e-05
5.686767393911468e-05
3.605303569601902e-05
7.487724024730089e-05
0.00010649688888257734
1.643552256288433e-05
0.00015154210280521593
3.753315717871009e-05
1.6423073944044767e-05
0.00024907467885442776
2.854362660510126e-05
8.095248772721218e-05
9.605971130624239e-05
1.4073760210865533e-05
5.851719543784856e-05
3.2602908030145036e-05
9.977849498628764e-06
0.00011789526990884882
4.939708208548027e-05
1.6740192691028674e-06
1.8237955009197284e-05
2.6693007778551596e-06
0.0004248786573610486
8.936854987989824e-05
2.9411971733666715e-05
2.30886721587601e-05
8.751525554504692e-05
5.090719902044057e-05
7.866655746978754e-05
6.097003556501024e-05
1.293501760831216e-06
1.7148073367737655e-05
3.988618758193416e-05
0.00011037685840461871
5.8837182101681735e-05
4.510474573175084e-05
5.091666446770974e-06
4.005607503939588e-05
6.43738979857258e-06
3.8911450816445515e-05
2.1688144679120314e-05
3.6858196626983147e-07
3.91820338689897e-06
5.7513074676433036e-05
1.3616964368119059e-05
0.00011925699479056927
8.628964033196974e-05
9.982663130257717e-05
1.7522702247332302e-05
8.130936979671682e-05
7.618008796620795e-05
0.00010956541784718236
2.6677066309981336e-05
8.756139423488953e-06
1.9652790743714682e-05
1.660680845877033e-05
5.075205302885305e-06
3.8290234145824e-07
0.00014578018756879668
4.129195645144279e-05
2.2334652826332663e-06
2.3137612342202744e-05
4.124506393571679e-05
0.0002852653698234409
5.040997204618386e-06
3.789088866023691e-05
5.0018376064682997e-05
3.1932443020776055e-05
6.17101707844966e-06
1.7807201137258435e-06
4.2225485923553826e-05
7.817258278930778e-05
0.0002792772648104095
3.5302943302838287e-06
0.00017053043628600855
1.7202887266020792e-05
8.25073667205329e-05
1.076737138643797e-06
5.501296659172801e-05
3.282090965709606e-05
1.833560649824007e-05
2.1541234139772538e-05
1.8843037250303447e-05
0.00020156804119558682
0.00011401912632139724
7.185349301733647e-05
2.8791965107302468e-05
2.511300188828178e-05
9.786753438761176e-05
1.3912763058591722e-05
2.30419163777176e-05
6.124021236805781e-05
2.9179310525411448e-05
3.290323664826891e-05
5.4877792104695146e-05
3.4805842976641754e-05
8.28086469112114e-05
6.55755553383523e-06
8.893878227101089e-05
7.900618714883355e-05
7.308004579470124e-05
0.00026891677672535435
3.964013438116869e-05
8.400583546489562e-05
9.577574996625621e-07
0.00018054246229757116
1.186207799975258e-05
0.00011798602954213246
1.078293001838387e-05
1.3297494326090246e-05
7.83966797218525e-05
0.00016262252578429866
1.3614130554073896e-06
5.3887013896479984e-06
2.2574483331567136e-05
8.480310124866964e-05
6.129033893354435e-05
2.6409066683186653e-05
0.00020850739375652508
3.477634229619254e-05
0.00017932172196852056
0.00013117635310146806
7.425212601077091e-06
3.9295929755155186e-05
0.00010303436471054069
3.3748053129537095e-05
4.259572790023179e-05
0.0002612403419476261
1.074722418359937e-05
5.3385669808037415e-05
5.0081107453101684e-05
0.0001291164179700186
1.158410778259314e-05
5.89129226451029e-05
7.164396443975765e-05
3.6285996453020644e-05
0.0001334827017568322
3.2048283548348133e-05
0.00011554323600882173
7.540239617941964e-05
1.4839800803174907e-06
2.4278052493065427e-05
7.958860812677821e-05
0.00012712556314948694
0.0001961978773958042
4.439597094724683e-05
1.1679223336795761e-05
7.28602092315543e-05
7.077207940983943e-05
1.808750819471796e-05
1.2916988421087143e-05
1.0493660116430645e-05
1.548931052284608e-05
9.891323076704952e-05
4.02299971745141e-05
3.918910920317261e-05
6.788604429578161e-05
1.270856448758995e-05
4.297704183483045e-05
4.1134868805745286e-05
8.481167011595357e-05
0.00024839317706278584
4.679014391420265e-05
1.5937644474471487e-05
2.1084136632110895e-05
0.00012432857543305146
3.997731409117714e-05
7.694332665955108e-05
8.022129254700218e-07
1.5357779722225797e-05
5.3653775188740526e-05
9.759401557447322e-05
3.901746659241845e-05
3.726560400456922e-05
7.877261442225394e-05
0.00010085640388253787
1.5985271267484658e-05
0.00023112116391728072
8.631832508312076e-05
6.3813450388467495e-06
1.0487188703228763e-05
2.169096061548103e-05
5.206121957278912e-06
2.8308040351606304e-05
0.00019122068631475793
0.00010481334848784088
0.00015959261000907023
5.012980139160585e-08
4.562925637254076e-05
4.3481872918365425e-05
0.0002547101320961791
0.0002377606154492077
3.559429751449403e-05
3.818447117767358e-05
1.8748155278274828e-05
5.647521215866212e-05
0.00010930610075501163
4.3856224817742515e-05
0.00015815632266109666
4.485222447025558e-05
4.21425210303058e-06
6.989942401526244e-05
7.276043161362947e-05
5.648384128142592e-05
2.3619766671003415e-05
0.00015090270471069628
3.917477670479625e-07
6.473000620536635e-05
4.410615080082724e-06
2.3678559959108944e-05
9.25298124609711e-06
9.584516490181417e-05
3.249559822911311e-05
0.00030164127320357555
0.00010072087086107855
0.00012686889821440266
4.462979441415459e-06
1.3297708874314938e-05
2.643212847170113e-05
1.7681508353354544e-05
0.00011420780297981486
4.4016565050490904e-06
4.004652009878201e-05
2.9851302179887442e-05
6.191005035307575e-05
4.053233015668561e-05
6.4292447085097e-05
4.487912864499713e-06
0.00012119894611520361
0.00010056829642017924
3.072106577122269e-05
4.848790457199298e-05
0.00029191349926400956
0.00012526192950398536
1.4705754805037697e-05
2.3124595394915514e-05
6.24040079535776e-06
0.00015509137212708072
0.00010593726496564258
1.7100680112080795e-05
5.645770232118903e-05
2.5016696061898664e-05
0.00015386761418700626
7.26128939178875e-05
0.00010800955963406358
8.991640696237347e-05
5.914842944253341e-06
4.758459053326344e-05
0.00018557131832317637
2.313685546724838e-05
0.00010668707331115667
7.021639149724273e-05
7.769287463217829e-05
6.017118195269629e-06
6.045958347175168e-06
2.20795068825888e-05
0.00017106534426243464
0.0001483007970732421
4.043231104377841e-05
8.475514184052113e-06
5.737216106520861e-05
4.5573914141708704e-06
6.718526689642717e-05
2.2877335184900002e-05
2.7436874418033077e-05
8.582928365622295e-05
7.000912711878855e-05
8.662872725457776e-05
3.0227255058202915e-05
2.2499443855250147e-05
1.8422805678203156e-05
4.3220858089443586e-05
1.1371124522657896e-06
0.00012736702697673568
0.0002026314608304709
7.0532068978429846e-06
7.589430972409609e-05
0.00010710741285849667
1.646011437738052e-05
2.8866605847102048e-05
8.66454120914874e-05
4.553272150032476e-05
5.07732278972042e-05
3.748106936457515e-05
4.448964058278518e-06
0.00012408746192509517
0.0002868375379599645
7.135105158928413e-05
6.942976771290731e-06
1.5403087241710544e-05
2.467087547200775e-05
2.4037424480048652e-05
3.194364412638045e-06
8.790687498811262e-06
2.5552833897831994e-05
0.00014779864902161166
2.5237184349101525e-05
2.058152269433229e-05
0.0002588257037337808
4.464463020312477e-05
9.55119635714932e-05
0.00013117067838382094
2.1151017363912254e-05
7.317740921260789e-05
0.00014475542786934756
2.2255442032897196e-05
1.3180340834150551e-05
6.687423870331014e-05
1.9275483176040618e-05
2.302530798601256e-05
2.431282460104811e-05
0.00014079731259251772
8.093128108311623e-05
6.86758124835771e-05
0.00014983976477601902
0.00011596086732208689
7.542875661838697e-05
0.00010426118657240631
1.0008956588700587e-05
3.6702594945373005e-05
0.00024486450155612185
0.00012499643097131172
0.0001061330156847799
0.00010589513198262359
4.5719919357924385e-05
0.000281270710000446
2.590697291535219e-05
0.0001474663999996237
1.6583623272868494e-05
3.084420167378045e-05
0.00012468386061501352
4.442000577303099e-05
2.6049890284096892e-05
0.00011219412081675053
1.4693276330997092e-05
0.00012525788797335412
3.297013454492422e-05
2.1559593749356435e-05
0.0002053389848652936
3.646306978278571e-05
0.00014352737837862087
3.1211949311211e-05
8.483880256142804e-05
0.0001239286379852326
6.610725431768541e-05
4.480537246157198e-05
7.545843034552507e-05
6.655075342675227e-05
5.670364976643098e-05
0.00019762346837747755
2.9086081281750308e-05
1.0728522997562056e-05
0.00013031632495951273
1.6807866364187707e-05
0.00018099496515915878
1.3184155843820155e-05
0.0001611238165244703
5.533490212550321e-05
0.0001587401572036819
0.00016230772618724512
4.005185397668113e-05
2.1597536067595753e-05
2.486350169093983e-05
6.718894448066506e-05
8.86502179675394e-05
1.3264791715340445e-05
0.00014507440614946232
3.1504782470202254e-05
3.874382078658974e-06
2.173663700586977e-05
7.988366785265953e-05
3.2527271317620947e-05
0.00011548307888986098
3.037683292101023e-05
1.0128009854650628e-05
9.545893883735547e-05
1.989396103215717e-05
7.289196115687846e-06
0.00010599074424011982
2.6366042291379147e-05
4.421654195087583e-05
5.2443954425139486e-05
1.7442941697065084e-05
0.0001045681303197388
6.561282639360616e-05
6.1653486279638985e-06
5.4640726681804505e-06
0.00010125572749269693
1.5178470985683557e-05
2.8205100288444773e-05
1.4957302718016635e-05
7.550953465838831e-05
4.522532830785403e-05
3.1502153966883154e-06
3.393754943913673e-05
1.5199413863076464e-06
5.8559440168273066e-05
3.188998052780648e-05
0.00011097296737611347
9.987580732501747e-05
1.258478354932484e-06
6.972365005474674e-05
6.226506108419764e-05
2.7090351971059455e-07
3.8642601425091255e-05
7.12147216534286e-05
4.102753413236795e-05
5.143723502321083e-05
2.927375555946276e-05
3.591760457565345e-05
1.1824649156304475e-05
2.2024448494102704e-05
1.001235395723144e-05
0.0001074711159862053
2.0080793112272254e-06
2.5981407916102105e-05
9.807709709628856e-05
4.184755833068136e-06
4.647875348953519e-05
5.892119387880829e-05
4.589254904057977e-05
2.3491335498274044e-06
1.048244923524403e-05
8.104859499088623e-05
5.346657042280105e-05
4.512867501046583e-05
1.2282532714378413e-05
7.24653436973514e-05
7.916109886745789e-05
4.158368978504164e-05
4.691510015199531e-05
4.049773657615221e-05
0.00018886633089931095
7.371480463486203e-05
9.183211940049449e-06
9.789594802177963e-05
7.4463705625282836e-06
3.6466928526303656e-05
1.3440528867771459e-05
2.3494942930677182e-05
3.153733727590668e-05
9.515310995965071e-05
5.240651709322957e-06
2.4959335842459504e-05
0.0001270883013800519
2.299996548285144e-05
3.4150212111121646e-05
9.443732040190895e-05
3.183314787200593e-05
6.440190397151492e-05
4.4397428228987286e-05
4.5058679022231625e-05
8.226969737805136e-05
0.00011325932307109582
7.542023619293646e-05
1.091492193957847e-05
2.295919035681893e-05
7.509981573903579e-07
5.035460171934681e-05
5.244215381875512e-05
0.0001048751166223541
5.8951203545948134e-05
4.5524626542239545e-05
1.871604219535367e-05
6.839695982931836e-05
8.113066258108546e-05
4.742018633646116e-05
2.606945872619679e-05
1.7924345753661653e-05
2.395613345366056e-05
1.5273329802454156e-05
0.00014906366759838557
4.350738748497858e-05
2.2250138647566408e-05
1.5677888635170774e-05
5.0908837446280244e-05
5.068480811489259e-05
6.171235880878338e-05
2.0751349052807462e-05
4.811311799656764e-06
5.31375542799674e-06
0.00010109718437700197
3.1288009563353035e-05
2.8346836961290214e-05
4.0725545252376046e-05
8.028394559435143e-05
1.8100728078167674e-05
3.0069401559634604e-05
9.74047983270329e-05
3.227758152513442e-05
5.142587969427202e-05
1.487694618845688e-05
2.239904765954973e-06
4.3132196635960735e-05
8.182695564617794e-05
0.00012612019874097424
0.00010048451557888634
7.537074031370566e-05
7.266291099345041e-05
0.0001609759412080583
4.077111465988e-05
8.252517014490408e-05
5.8672012278707304e-05
0.00013921760142522304
6.730281044100719e-05
6.801869989293665e-05
1.3786795162937487e-05
1.0520919726144612e-05
8.335655978720618e-05
3.423117178979071e-05
3.625988380062693e-05
0.00015409663953217526
0.00010440626680953375
7.218438720405579e-05
1.9929299053117673e-05
7.999036574162804e-05
0.0001317419552287877
9.2643594988064e-05
1.3563371539842695e-05
6.094688590688104e-05
0.00014501963797813012
1.1719481297754397e-05
0.00020215670756076334
3.774971762787458e-06
1.1514017487349053e-05
0.00016852783985661372
6.885235995412283e-05
1.9443523067627972e-05
3.435186478290307e-05
9.06563364895798e-06
6.065094938734468e-05
0.00010854778655538314
1.7473105035157855e-05
4.7328524984137784e-05
9.560020560558215e-06
3.604416341067921e-05
2.2335343574029594e-05
5.395226558259488e-05
2.780302314967549e-05
