0.9999974002452711
2.260182915893052e-06
2.36770775462263e-06
0.9999973824429822
1.296706163349219e-06
0.999997205662004
0.9999972931480327
0.999997362145648
0.9999973252687804
1.8316332756490855e-05
0.9999971727866658
0.9999974324496416
4.508144189967926e-06
0.9999973320718833
5.866292211436704e-06
0.9999972771665868
0.9999973535541445
0.9999974370877277
0.9999972577344345
5.317984794865125e-06
0.9999973591687918
2.2189172582794458e-05
0.0018072111883808248
0.9999973393280729
3.6180497044596033e-06
3.2962609349405095e-07
0.23781169007876565
2.038886716614878e-05
0.9999973387269159
0.0004014608352157793
0.9999974345753939
0.999997252005469
0.9999973147138782
4.351455559896338e-05
0.999997340017312
0.9999973811387339
0.9999972922462954
0.006907342161112092
7.848664768489874e-06
3.645638951623365e-05
0.9999974171797299
0.999997176896619
0.9999974455867654
1.5820992767910405e-05
1.4605106963146084e-05
0.9999973894372234
1.610643763166657e-06
0.9999973128405395
0.9999972732026773
4.032330040377892e-05
0.9999973228626992
0.030076816156818745
0.01150030041735411
0.9999972026143716
0.9999973500612277
0.9999973329977353
0.9999973515183987
1.8175135381105612e-05
2.5865129149053526e-05
5.791587092581495e-06
0.9999973976243768
0.9999973869362324
0.9999974824975257
0.9999973624873243
0.9999972690206104
0.9999974097928601
4.215369140811573e-08
0.9999973852436027
0.999997383917626
0.9999973171562735
0.999997204262264
0.9999973395807074
0.9999973334297816
0.9999971892807482
0.9999973254041352
0.9999971856686772
0.9999973042181418
0.9999973762309189
0.9999972122275098
0.9999973179006486
0.9999972971044809
0.9999974151799321
0.9999972957471001
0.10919373286122445
1.2256433686427278e-05
0.9999973970072226
0.9999974373346778
0.9999973660410431
1.920220074206098e-05
0.9999972889756703
0.1015301219525604
0.9999973649016685
7.243549203362857e-08
0.9999972405271466
0.23961776999595408
0.9999972057045723
0.9999972642902725
5.737090374031444e-05
0.100281398159788
0.9999974248804169
0.9999972825245821
1.292977429629639e-05
0.9999973566541127
0.9999973257512704
9.770878436915967e-06
0.9999972846907468
0.9999973001839223
4.574934285882404e-05
4.645445233743665e-06
0.9999973065427612
0.008662616595790876
0.9999973212708109
0.9999973148591813
0.9999974298225921
0.9999973747308597
1.7841456801087604e-06
0.10139128847862387
0.9999973451880381
6.5004494421817945e-06
0.0005478123937341174
0.9999973666400052
0.9999974259719804
2.5006262735022395e-05
2.2423090177267267e-05
0.9999974011376965
0.9999972743512983
8.941309789569974e-06
0.9999972981616077
0.9999971860319533
0.9999974091457046
0.999997236534161
0.9999973256151538
2.190047196207719e-05
0.9999974394364388
0.9999974174545951
3.842764111558781e-05
0.9999971614453347
0.9999974925241322
0.9999973556770427
1.0402844422104577e-05
0.9999971250170723
1.2115287828544946e-05
0.999997471662076
0.9999973934605398
0.9999973136473874
0.9999972583514298
4.945349164276056e-07
0.006714280401622925
5.2087961444749896e-05
0.030530605836571068
0.9999974237189566
0.9999972993600171
0.9999973890959704
4.080619349438555e-06
0.9999973807054566
0.9999975039749894
0.9999973161094622
0.9999974030354472
0.999997277268681
2.6158281203965294e-05
0.9999972775685271
6.999314798627331e-06
0.0016153376217730214
3.1271508654445892e-06
0.08848423387720553
0.9999972916207833
0.10793035321616734
0.9999972973798446
0.999997180375876
0.9999972623594117
6.408906773276158e-05
4.035488160272912e-05
7.074242120336134e-06
0.999997298324508
0.9999972946752336
0.004436348299944019
0.99999736357021
0.001880309812946523
2.833706159219951e-06
1.4531791328697399e-05
0.9999972486177944
0.999997368414574
1.6990395787595157e-05
0.9999974071727464
0.9999972694722205
0.9999971805660681
0.999997422153245
0.07137324815955735
4.978750213762639e-06
0.9999973261944847
1.1510389116132704e-05
0.9999974913174572
0.9999972597271701
0.9999972568828408
9.985469417557041e-07
1.8066557070937854e-05
1.580016948009509e-05
8.506359932190075e-06
9.597048178041092e-06
0.10620829147458932
0.9999973306524909
0.9999970996846856
0.9999974134898036
0.9999972598574661
0.99999733390021
2.144329381050539e-06
0.9999973690742698
0.9999974831360774
0.9999975102773193
0.9999973332965207
0.05866113075405571
0.004979634050299955
0.03360627054087644
0.9999973899121813
0.999997348143821
0.9999973323264161
0.03630807329184651
0.9999973258312326
0.9999974164132291
0.001883238916381943
0.999997326871669
0.9999973469065231
1.7396544242622676e-05
3.3158701574194325e-05
0.9999972967879972
0.9999972844531441
5.728162203751411e-06
0.9999972805488114
1.7488084686977363e-05
0.9999973466992053
3.7320472488128068e-06
4.126537177464959e-06
9.208620419360354e-05
0.9999972838695452
9.447342349294626e-06
0.018503776848907725
8.239945845419158e-06
0.9999974045478722
5.846870298865493e-05
0.042039422879337644
0.9999975376280396
0.9999972364352072
0.9999973121360761
0.9999974780928165
0.9999973005758639
0.9999972786351978
0.9999972902122479
0.9999973047766411
6.942877884747192e-05
0.9999973041902265
4.909904119726336e-06
0.9999971714951087
0.9999973738237196
0.9999972292379135
0.9999975096375234
6.250936232525023e-05
0.9999973980742908
7.2364645844216e-06
6.956824032201536e-06
0.9999973942605377
1.1940644502790223e-06
0.9999973924537303
4.772802257580656e-05
4.083365477812153e-06
0.9999973304271734
0.9999972254848728
2.8936183172469224e-06
0.9999973214699183
0.9999973848624091
0.9999974172509388
0.9999973802803235
0.9999972318019391
0.9999973807290877
0.9999972128056415
2.647680910712073e-05
0.9999970943497591
0.999997335909709
0.9999973222602112
0.999997389014382
0.9999972715555846
0.9999973558790126
9.509745918564659e-06
0.9999972045526079
0.9999974161531713
0.9999973872827236
3.582425786472407e-05
5.217385147045301e-07
0.03107319335553149
0.9999972861310903
0.9999974670317676
0.9999973243248125
0.9999973010923993
5.630387734671007e-05
0.9999973358733076
0.9999971656854959
0.9999973312427322
0.9999972038942052
0.9999973516986992
0.9999973075807294
2.174635680840921e-05
0.9999973683063446
0.9999973510623702
0.9999973017541206
0.9999974299650015
2.1536773767236246e-05
0.007747440447597409
6.278489857239262e-06
0.9999972631594848
2.8531081009566658e-05
0.0847471604193673
0.00010867657957089823
0.9999971730331678
0.03085939887456708
0.9999973317767576
0.9999973558359918
0.9999973722487129
0.9999973350279112
0.999997303991769
5.581247782744598e-07
1.0686653676827016e-05
0.9999972655980037
0.9999973750840886
8.504891112157958e-05
0.9999973842128418
0.9999973567849363
0.9999973533507492
0.9999973420191491
0.00022802256274563734
0.9999972981615766
4.471175944978564e-05
0.9999974017848058
0.9999973810141699
0.9999972676106264
0.9999973413284072
0.9999974371523699
0.9999971528843915
0.9999972167051947
1.1780928813278841e-05
0.9999973175879815
0.9999973561516109
1.7794373869275978e-05
0.999997365429381
0.9999974770816441
1.8043640477356692e-06
0.9999973162023558
0.9999972839898951
0.9999973052947501
0.01641297171133522
0.9999974761840499
0.0015481694233616635
4.0992163950018923e-07
0.0019352499121982041
0.9999973444871334
0.9999972815058137
0.9999972585038484
0.9999974595525655
6.752975647946408e-06
7.056212922203743e-06
0.9999972827117386
0.9999972194681
0.9999972567032882
0.9999973663195648
0.9999973876102666
2.061073787208723e-05
0.9999972804890862
0.9999972821099428
0.9999973291244911
0.9999974225412706
2.662091978705219e-06
6.099514054095664e-06
0.9999973521130943
0.9999973821750485
5.4525531933087935e-06
4.195754931544759e-06
0.9999973017172551
0.9999972743723874
2.7066955376504377e-05
0.014558642102248491
0.9999973823821252
0.9999974722218443
0.9999971102504981
0.9999974429737847
0.999997309448163
7.769480648453539e-07
0.0921388016503153
0.9999973002434251
0.9999973504959568
0.9999973048459078
0.9999973053328833
0.9999972241565039
0.9999972500465081
0.9999973491407992
0.9999973250549465
0.999997410051552
0.9999974311100766
0.9999974948122938
0.00010236968000292667
0.9999973971508855
0.9999973628620076
6.194936884296747e-06
0.9999975121177664
0.04007206518049646
0.999997265048297
0.9999973932496867
0.9999973888561492
0.9999973955106988
0.9999974477865268
0.999997256524732
2.355857031159019e-05
0.999997217396673
0.999997247527113
0.9999973693526255
0.9999974809602189
0.9999972802007463
0.9999974738711471
1.1534120200345156e-05
0.014630015160247185
0.9999973226560793
0.9999973281568507
0.9999973091298587
0.9999973761103015
1.3251165393249985e-06
0.9999973214040376
0.9999974371174282
0.01581819013256614
0.999997425417894
5.9373061962406996e-06
0.999997432929041
0.9999972719275582
0.9999971716267204
0.9999974344399329
0.9999973179827728
3.1971336098480884e-05
0.9999972730342374
0.9999973256541784
0.999997215972721
0.9999972070276837
0.9999973069974016
0.00019163553986879594
1.4600030751741299e-06
2.1456401340026916e-05
3.1879921123221135e-06
0.9999973914566813
0.9999973401022673
0.9999973046925102
0.0015214494526090629
0.014625607234597469
1.9792806671595883e-07
0.9999972775424999
0.006002486848524022
0.9999972220604184
1.1643557535738587e-05
0.9999974670732595
0.9999973799676005
0.9999974521015382
2.4793464176251938e-05
0.9999973779372588
0.9999972532761007
0.9999974512446768
0.9999973498230469
0.9999972579430257
0.9999973662768087
2.7863099993378873e-05
0.9999973227865608
2.3891159200868288e-06
1.0364535658711237e-05
0.9999972468966813
0.9999971994479294
0.9999974378645475
0.9999973018253198
0.9999973133517697
0.9999974043064872
0.9999972818506172
0.9999974880433137
0.9999972909473225
3.359238038917139e-06
0.9999973225986978
1.779486964147511e-05
0.9999972551475977
0.999997478116662
0.9999973925451688
4.787980743117792e-06
0.9999973978089973
0.9999974508747358
0.9999974167849726
0.9999973542334092
0.00011012272221221345
0.9999974375080718
0.09988006984677349
0.9999972837780299
0.9999972401267989
0.04121643994564471
1.6750565264931363e-05
0.9999972361692681
0.999997269812905
0.11021714194945961
2.4443200296264478e-05
0.9999971153101486
0.9999974107703182
0.9999972122350667
0.9999974556278304
3.524319956437649e-05
0.9999973218264616
9.463138259128078e-06
7.393957392110465e-05
0.9999972005934309
0.9999973763863246
0.9999973993235072
0.9999975196119886
0.9999974389017645
1.0405367255871476e-05
0.00010470591662601205
5.458479685139342e-06
0.0001655738271969505
0.9999973518913375
6.280658142242884e-06
8.12720287564171e-06
2.2793278137038307e-05
0.9999974205981721
0.9999972933570042
0.9999972435619898
0.9999973810916845
2.590409157059679e-06
1.776219857516376e-05
1.057254047506677e-05
0.9999974280885643
0.9999973706531746
0.9999972804565866
0.9999974656621057
0.9999972819885267
0.9999973482605351
0.9999974767173131
0.9999972756743226
0.9999973592064304
0.9999973511418452
0.9999973500770416
0.9999972580367955
0.9999973333009314
1.2590463165808639e-05
0.999997363346629
3.134559090086003e-05
0.9999971083272287
0.9999973250528891
0.9999972654377093
1.228168893494919e-05
0.9999973359528581
2.949077443247055e-06
4.208696179743242e-06
1.2343077284859022e-05
0.9999972724582209
9.321388835240211e-09
0.9999973062657541
0.9999973516687376
0.9999974140250887
2.876225241920884e-05
0.9999973256655131
0.9999973146837615
2.1858961565726825e-06
3.591493065511605e-05
0.9999972384322399
0.9999974658061451
0.002208397257199211
0.9999973067430139
1.9340779194127208e-05
0.9999973587296352
0.9999974428137653
1.662707177406618e-05
0.9999973370401096
9.567009636590675e-05
9.418021806022154e-06
4.393195044434722e-05
0.9999974143820747
6.0318497254668655e-05
1.2006322900407857e-05
0.9999974693151238
8.643813711685643e-06
4.859196699202117e-06
0.9999972954845541
0.9999973232287156
0.9999972771675221
0.999997228342134
1.815418027286121e-05
0.9999973023570733
7.854459464642892e-06
0.9999972946029542
5.041571206965073e-06
0.999997382986588
5.7627988108009745e-06
7.475362456208522e-06
0.9999974028984961
0.9999972674624322
5.1011852972833985e-06
0.9999971487145026
0.9999973398703463
7.260763235094354e-06
0.9999973271490784
0.031500374819362076
0.9999972787645125
2.6775562747425777e-06
6.972900537201561e-06
0.9999974563181595
0.9999973005122681
0.9999973172097921
1.1929007636037058e-05
5.8294233938649486e-05
0.9999972264463199
0.999997254114974
2.7162709544572896e-05
1.3798243026155456e-05
0.9999974450749695
0.9999973713423778
0.9999972480616203
0.9999972056195022
0.9999971803524391
0.9999971990659231
1.7586461083004277e-07
2.2040875261227308e-05
0.9999973083036843
0.9999974680362265
2.0145016438363855e-05
0.9999972648202669
1.6787887560998277e-06
0.9999972733867432
0.9999974672311985
0.9999974617259402
0.9999972867961507
0.9999973109089156
0.9999974169871986
0.9999972733166107
4.652961811515905e-05
0.9999973353490562
8.2357046041764e-06
0.9999972826976061
0.9999973560956753
0.9999971822338963
9.497516160627863e-06
0.9999975387338492
0.9999973291970919
0.999997219409547
4.6206577262645495e-07
0.9999972779934987
0.9999972932082912
0.9999972528491383
0.9999974178860261
0.9999973210776627
2.048081339720928e-05
0.9999973865946008
0.9999972775288721
2.5403704663361163e-06
0.9999973405370863
1.646455972589212e-05
0.9999973377155138
0.0022271774576565293
0.9999973907732593
0.9999972328175445
0.9999972349089531
0.008438264176406583
0.9999974377995219
0.9999973127272931
6.899185915366117e-06
0.9999972954378052
0.9999973348991904
0.9999973704874814
0.9999972756682379
0.9999972328394222
0.9999973223995551
2.784397633263941e-07
0.9999972488205933
0.9999973449643408
2.830496875910952e-05
3.3850935950679524e-05
0.999997329995214
0.9999973408439898
0.9999973515770908
4.4005979364655445e-06
0.9999974948544588
0.056079560039545014
0.015201249477574886
9.768404727071067e-05
0.9999974630168925
5.357626457046177e-06
0.9999972858154128
5.3129434255907986e-06
0.9999973652216672
0.9999973943478675
0.9999974419989541
0.9999972425123544
5.4996170194373755e-06
